3.702260926747896698e-08 -7.342027448911350174e-01 2.886669882573187351e-01 1.591925231578686888e-08 2.188587807632025317e-02
2.303293435847450170e-08 -5.736418993168652669e-01 2.913257763721048832e-01 1.766169179696207063e-08 3.906811290376787510e-02
8.986659691310966013e-09 -4.132844533629413952e-01 2.939845644868910313e-01 1.755830542900445178e-08 9.963142661072442452e-02
3.134323204502962738e-08 -2.755515572486540998e-01 2.966433526016771793e-01 1.687793381268680926e-08 2.746014353119078169e-02
3.921579068658233275e-08 -8.003280096183784664e-03 2.993021407164633274e-01 1.986303874029277961e-08 2.587452551195141767e-02
2.757761718749955154e-08 -3.845170559976418545e-02 3.019609288312494755e-01 2.048971003502828690e-08 3.783700851988863745e-02
2.935035769576493913e-08 -3.326972653023265725e-01 3.046197169460356236e-01 2.225540905404598717e-08 3.812663832056867319e-02
3.515273157357059772e-08 -4.911685928664747403e-01 3.072785050608217716e-01 2.271863883470444911e-08 3.292997072054990731e-02
3.984893279760599382e-08 -6.465421369345651925e-01 3.099372931756079197e-01 2.074981953932041180e-08 2.649685492197512843e-02
6.237772989265866887e-08 -8.215565300272745786e-01 3.125960812903940678e-01 2.300415827306484980e-08 1.852851357671527269e-02
5.708738591995202239e-08 -9.479485104107493454e-01 3.152548694051802158e-01 2.264243293142185107e-08 2.007902642513398339e-02
3.545939036000451916e-08 -1.173852159165486464e+00 3.179136575199663639e-01 1.949874898689718860e-08 2.804899838806622012e-02
3.710031449182675147e-08 -1.157655770771390369e+00 3.205724456347525120e-01 1.897621982430834465e-08 2.595363077457640832e-02
3.278077296044066751e-08 -1.394671849621689441e+00 3.232312337495386600e-01 2.394618571591910689e-08 3.674852485594239104e-02
4.816927549808619478e-08 -1.508228753764372820e+00 3.258900218643248081e-01 2.268464320036817451e-08 2.396948998883052101e-02
2.656760610821520570e-08 -1.601578209209410186e+00 3.285488099791109562e-01 2.026798526049733821e-08 3.894059806518745254e-02
4.226221504837321176e-09 -1.444489360721607163e+00 3.312075980938971043e-01 1.882186143093343500e-08 2.274240119414463746e-01
2.013961412453087958e-08 -9.538042109888609232e-01 3.338663862086832523e-01 1.785016105497470415e-08 4.478278957095150475e-02
8.482805606792069176e-09 -1.272180363953239191e+00 3.365251743234694004e-01 1.656617308245694992e-08 9.940882230369690875e-02
1.912057174246736703e-08 -7.871798092828256044e-01 3.391839624382555485e-01 1.504461140155638525e-08 3.997671896092366145e-02
4.147904937027970127e-08 -9.649382604785359252e-01 3.418427505530416965e-01 2.004180353997086634e-08 2.462862960043524577e-02
5.706106931321245779e-08 -9.737347938805382963e-01 3.445015386678278446e-01 2.325242202098493443e-08 2.062706647410311733e-02
5.658187335975068117e-08 -2.855769599006574566e-02 3.471603267826139927e-01 2.970409987506841858e-08 2.638050614117124978e-02
3.926487446734236934e-08 6.887198424035823052e-02 3.498191148974001408e-01 3.322850537819877198e-08 4.251286060493952856e-02
1.718359038338186408e-08 1.420996280185009564e-01 3.524779030121862888e-01 3.271307965915465227e-08 9.569224567498497980e-02
1.312022270613037866e-08 -1.832370324678778140e-01 3.551366911269724369e-01 2.724950514225793629e-08 1.060987621641153317e-01
9.745433649542842760e-09 -3.805260778514019115e-02 3.577954792417585850e-01 2.256865564541220027e-08 1.183093653610668705e-01
1.134115724921156629e-08 -1.450705951363674417e-01 3.604542673565447330e-01 2.708661598338409842e-08 1.209492707059777739e-01
1.358045012228263705e-08 -2.325351244703197651e-01 3.631130554713308811e-01 2.508454150147460202e-08 9.279617286915171903e-02
1.515429362147628102e-08 1.784821600802483088e-01 3.657718435861170292e-01 2.486629334116770538e-08 8.331485411544840847e-02
3.022452432114133345e-08 2.440985833743583022e-01 3.684306317009031773e-01 3.797837514838354414e-08 6.356328007427572424e-02
2.110665351485340969e-08 7.252126158520122434e-02 3.710894198156893253e-01 4.081998671833602493e-08 9.727266273573209610e-02
3.223168878037653502e-09 -2.990293687019556224e-01 3.737482079304754734e-01 2.923120408001774438e-08 4.626632688661608817e-01
2.831550249834830525e-09 -3.150180161967615078e-01 3.764069960452616215e-01 1.758723231150968571e-08 3.147082851235257772e-01
1.061107984837080128e-08 -2.619370015010893393e-01 3.790657841600477695e-01 1.318445813236514008e-08 6.268956442861728373e-02
9.446561278886583063e-09 -8.016182896838131011e-02 3.817245722748339176e-01 1.189080542621490333e-08 6.364942943684186172e-02
6.289367989520505016e-09 -2.041314758358319104e-01 3.843833603896200657e-01 1.305737650188543409e-08 1.043315611014830335e-01
1.504743385747315249e-08 -4.026633867004383305e-01 3.870421485044062138e-01 1.744471158413446981e-08 5.909654388411505338e-02
1.491757786397941546e-08 -3.000303998573492503e-01 3.897009366191923618e-01 1.715536512532925901e-08 5.868498860309448451e-02
1.334239488376120855e-08 -4.962388673661869420e-01 3.923597247339785099e-01 1.608841217362848341e-08 6.109199220796866781e-02
1.669680876439713644e-08 -7.373465946087652823e-01 3.950185128487646580e-01 1.509455448342813699e-08 4.552938955237347679e-02
8.227153096717562686e-09 -6.436581436435893089e-01 3.976773009635508060e-01 1.297232114099250697e-08 7.955395936985165672e-02
1.069940546489981223e-08 -3.263253777087418150e-01 4.003360890783369541e-01 1.644614765691203576e-08 7.721945497260053470e-02
9.983693150406525413e-09 -3.875713957837358947e-01 4.029948771931231022e-01 2.273154670681752741e-08 1.149709359649519619e-01
1.136443968682789776e-08 -6.687943594753213983e-01 4.056536653079092503e-01 2.223639811032447226e-08 9.978937549683278285e-02
2.002242715776302245e-08 -5.310621419233276796e-01 4.083124534226953983e-01 1.542040355281697403e-08 3.927910625828148761e-02
1.605698722985571970e-08 -3.356474330640067949e-01 4.109712415374815464e-01 1.387365299941541583e-08 4.412771075749801625e-02
1.075688711058523381e-08 -2.736220656055212697e-01 4.136300296522676945e-01 1.791663512472675326e-08 8.490182103761440002e-02
4.504185345189104840e-09 -4.738920103938459860e-01 4.162888177670538425e-01 1.799975924742369228e-08 2.008170121178516621e-01
9.330814608443490541e-09 -7.354621580207165721e-01 4.189476058818399906e-01 1.944397459154510947e-08 1.061130034293046587e-01
1.270015139331559799e-08 -3.525655436440393586e-01 4.216063939966261387e-01 2.235301779937143283e-08 8.858389181031618709e-02
5.761826458693792161e-09 -2.402495050942180521e-01 4.242651821114122868e-01 2.464726817112926422e-08 2.154865432024108407e-01
5.746884557870214605e-09 7.978134886360006839e-02 4.269239702261984348e-01 2.212280935114864310e-08 1.934659765278520793e-01
5.056336441055517821e-09 -8.836322784703909416e-02 4.295827583409845829e-01 2.009055320565541819e-08 2.013358883345510164e-01
7.756708877278398522e-09 -2.026143943343238218e-01 4.322415464557707310e-01 2.447903081858690081e-08 1.612287719525023200e-01
3.621501129876862403e-09 1.179758571776051146e-01 4.349003345705568790e-01 2.134592530650404080e-08 2.996938486499272636e-01
6.576285050332936389e-09 1.850952583129299445e-01 4.375591226853430271e-01 1.787277919521302611e-08 1.385831192803010647e-01
1.030374302690143052e-08 -1.648064283205186165e-01 4.402179108001291752e-01 1.961148105091228231e-08 9.584344181861727263e-02
1.179648797574684798e-08 -2.922042945305908246e-01 4.428766989149153233e-01 1.642931643049869448e-08 7.018273755560872074e-02
1.405466904765845551e-08 1.475072637435920209e-01 4.455354870297014713e-01 1.524490431288563376e-08 5.470749660633044548e-02
9.056584823038016979e-09 -1.226225504093682028e-01 4.481942751444876194e-01 2.653830235683736450e-08 1.484115260254389446e-01
5.066910965790862719e-09 -5.899302871311340457e-01 4.508530632592737675e-01 3.065125459479071369e-08 3.049589265894724344e-01
9.018322266253803972e-09 -5.186608934586698361e-01 4.535118513740599155e-01 2.615526754248090511e-08 1.458682466722897586e-01
1.461424428767302148e-08 -4.027926127729606343e-01 4.561706394888460636e-01 2.218203321839228518e-08 7.630188475502990009e-02
8.180711579446991688e-09 -9.876522497314210725e-02 4.588294276036322117e-01 2.051000958553500274e-08 1.268913008111535734e-01
3.121947690569293291e-08 -2.295492383876683862e-01 4.614882157184183598e-01 1.939563463970363353e-08 3.121632295384873038e-02
2.198517722851924355e-08 -5.169653162333205376e-01 4.641470038332045078e-01 2.092915568655550264e-08 4.862192166637226143e-02
2.201204290837750751e-08 -5.510968107734032229e-01 4.668057919479906559e-01 2.544532818063233286e-08 5.889995216134081418e-02
4.964980002268946527e-08 -2.855527763724543533e-01 4.694645800627768040e-01 2.877068141199237621e-08 2.960466475768353325e-02
6.054102179833287665e-08 -2.597475611109624216e-01 4.721233681775629520e-01 2.927630149036286483e-08 2.465580949382292775e-02
7.446324474904024308e-08 -2.365843580698111515e-01 4.747821562923491001e-01 2.746184143089653962e-08 1.870721789789113118e-02
4.170099127008230283e-08 -2.924923471088676230e-01 4.774409444071352482e-01 2.649720193754996529e-08 3.195475520990914697e-02
4.187853035825085100e-09 -2.005117464917245407e-01 4.800997325219213963e-01 2.304939144797252738e-08 2.765528739467841279e-01
1.193949159482298073e-08 1.869803822142932503e-01 4.827585206367075443e-01 2.860671756698541384e-08 1.216209635008031337e-01
2.188228685391217382e-08 4.662353673550490019e-01 4.854173087514936924e-01 3.053941722210906242e-08 7.124416528982685515e-02
1.385123504527558513e-08 1.824656886907098929e-01 4.880760968662798405e-01 2.352440068265375762e-08 8.531978245014647244e-02
3.534611765654874220e-08 -2.490110482597664987e-01 4.907348849810659885e-01 1.945099400371530621e-08 2.809855851046687975e-02
3.389605465781087425e-08 -3.068221585161929887e-01 4.933936730958521366e-01 1.958553968829310933e-08 2.926776585128834998e-02
2.503780265776571690e-08 -3.688950194983603437e-01 4.960524612106382847e-01 1.922979107443553853e-08 3.859743917028641419e-02
2.720510346668222635e-08 -3.850147365184919401e-01 4.987112493254244328e-01 2.016238466288574333e-08 3.729618922839808559e-02
1.518640038894359594e-08 -4.961907794382380832e-01 5.013700374402105808e-01 2.763985657047639394e-08 9.267105389523319636e-02
4.735729647565102086e-09 -7.532849344253395030e-01 5.040288255549967289e-01 2.869105549411661646e-08 3.069865160724484232e-01
2.056188254571563179e-08 -1.629687641351162952e-01 5.066876136697828770e-01 2.374309446228809631e-08 5.862853477150659076e-02
1.711263448377276124e-08 -1.344309245373874750e-01 5.093464017845690250e-01 2.546284940578127721e-08 7.589750132658580617e-02
8.181551777992444037e-09 1.451020046109165740e-01 5.120051898993551731e-01 2.460686060667778787e-08 1.524294747721828269e-01
2.580968069823111062e-08 4.297876306368754729e-01 5.146639780141413212e-01 2.087081956772227510e-08 4.070104088802353054e-02
5.336457179711657501e-08 6.202957204899629540e-01 5.173227661289274693e-01 1.991545426878845804e-08 1.875743778466407510e-02
4.103660590580075019e-08 6.283782829428351535e-01 5.199815542437136173e-01 1.659138854496415760e-08 2.041357581038540786e-02
5.618600176554223639e-09 5.426740464082271398e-01 5.226403423584997654e-01 1.556473848146989541e-08 1.413296821013100002e-01
1.352428731013920421e-08 2.184541767697548709e-01 5.252991304732859135e-01 1.849016663750044711e-08 6.886998045533473944e-02
1.130889788361050417e-08 1.821031481904593630e-01 5.279579185880720615e-01 1.668496706430242968e-08 7.413745837860961918e-02
1.807563810001132706e-08 2.305105835668381786e-01 5.306167067028582096e-01 1.348359870288382422e-08 3.757197437240102078e-02
2.066410252551249360e-08 -8.160898778191583158e-02 5.332754948176443577e-01 1.154886789554429134e-08 2.852469362268071976e-02
1.983882735459075005e-08 2.314225169336037169e-02 5.359342829324305058e-01 1.057611059206597843e-08 2.718320554926777557e-02
1.561516158687588599e-08 5.409235275889967554e-02 5.383040723390877247e-01 1.347770847353922149e-08 4.335836998962091376e-02
1.159884797372744311e-08 -3.602785212004714355e-01 5.396045665256679058e-01 2.146707597533353766e-08 9.542476021679290044e-02
