2.452553357548200060e+06 0.000000000000000000e+00 0.000000000000000000e+00
2.452553357594399713e+06 -8.277908321392735546e-08 -6.282696787416438873e-09
2.452553357640599366e+06 3.427382063113638068e-08 -1.040840143148571866e-08
2.452553357686799020e+06 1.260853671776268738e-07 1.036483982435864169e-09
2.452553357732998673e+06 1.560777567909487697e-07 2.255229628716200059e-08
2.452553357779198326e+06 2.611760375355865401e-07 5.584154194120155123e-08
2.452553357825397979e+06 1.713599212064987166e-07 9.260888817973578202e-08
2.452553357871597633e+06 2.100683077711544395e-07 1.280069547857498567e-07
2.452553357917797286e+06 2.405786190497731060e-07 1.710100928650900587e-07
2.452553357963996939e+06 2.221720006598409018e-07 2.177610900543071691e-07
2.452553358010196593e+06 2.165565509074316179e-07 2.657097917642000050e-07
2.452553358056396246e+06 1.770520066717575160e-07 3.132591436351921797e-07
2.452553358102595899e+06 2.502245287274772518e-07 3.662771966103924967e-07
2.452553358148795553e+06 2.893043833696425253e-07 4.310311927784103598e-07
2.452553358194995206e+06 2.367344502977390147e-07 4.987141201211065076e-07
2.452553358241194859e+06 1.405905729349916020e-07 5.591567717095463430e-07
2.452553358287394512e+06 1.313362159232325486e-08 6.060443380045293025e-07
2.452553358333594166e+06 1.750295377128397815e-08 6.459384559054470719e-07
2.452553358379793819e+06 5.147751625460914130e-08 6.905095767203469982e-07
2.452553358425993472e+06 3.829757832873960237e-08 7.386806544266673678e-07
2.452553358472193126e+06 -6.375499986273795766e-08 7.802992174651219753e-07
2.452553358518392779e+06 -7.278170828433670065e-08 8.151286493979386099e-07
2.452553358564592432e+06 -9.179206572890851494e-08 8.489138954867008337e-07
2.452553358610792086e+06 -1.328458142281913749e-07 8.790842944189351569e-07
2.452553358656991739e+06 -1.789082802414036881e-07 9.032675846211150048e-07
2.452553358703191392e+06 -1.719744893654147538e-07 9.246258692893679865e-07
2.452553358749391045e+06 -7.310177719379653270e-08 9.539137323076363662e-07
2.452553358795590699e+06 -6.089921464476499030e-08 9.920519571977676856e-07
2.452553358841790352e+06 -9.258003674064151692e-08 1.029706622312139002e-06
2.452553358887990005e+06 -1.230373109393803485e-07 1.063541542455964812e-06
2.452553358934189659e+06 -1.215877390044601805e-07 1.095738538191983810e-06
2.452553358980389312e+06 -1.434886898619849370e-07 1.126775728812021473e-06
2.452553359026588965e+06 -1.473457298156301778e-07 1.156116655576336670e-06
2.452553359072788619e+06 -8.058568197872477136e-08 1.190321876972796174e-06
2.452553359118988272e+06 -2.497414620827856695e-09 1.235910194933244195e-06
2.452553359165187925e+06 -2.143346700063098269e-07 1.272490738987022041e-06
2.452553359211387578e+06 -2.393446728649320552e-07 1.291533348769739808e-06
2.452553359257587232e+06 -2.309489068506141385e-07 1.308459865770252632e-06
2.452553359303786885e+06 -2.300772859126652995e-07 1.325061440690553686e-06
2.452553359349986538e+06 -2.348147818366483779e-07 1.340299997238936553e-06
2.452553359396186192e+06 -1.665898730766110603e-07 1.359175121765533457e-06
2.452553359442385845e+06 -1.262867294646228973e-07 1.385350497760011539e-06
2.452553359488585498e+06 -2.489130347380502119e-07 1.404841318829282355e-06
2.452553359534785151e+06 -3.065451662483074865e-07 1.409715725211374535e-06
2.452553359580984805e+06 -1.971626855359247856e-07 1.416534858029607758e-06
2.452553359627184458e+06 -2.248234864458910775e-07 1.427722064165156071e-06
2.452553359673384111e+06 -2.949150149144317446e-07 1.429974660386778381e-06
2.452553359719583765e+06 -3.380368717056828485e-07 1.421492190318011223e-06
2.452553359765783418e+06 -3.154497419961750105e-07 1.408570419471062449e-06
2.452553359811983071e+06 -2.396951705806926596e-07 1.399957875867367791e-06
2.452553359858182725e+06 -2.637122585727325062e-07 1.392471595127636420e-06
2.452553359904382378e+06 -2.031094476751775353e-07 1.385085945643164642e-06
2.452553359950582031e+06 -2.612549626809795895e-07 1.375262596659914940e-06
2.452553359996781684e+06 -2.995331879443156370e-07 1.355370772053681177e-06
2.452553360042981338e+06 -2.127651078841147832e-07 1.335748960128136940e-06
2.452553360089180991e+06 -1.612595713408629539e-07 1.323300410226132071e-06
2.452553360135380644e+06 -1.258212006897809726e-07 1.314707864480051931e-06
2.452553360181580298e+06 -5.949011664741835305e-08 1.311430611175946138e-06
2.452553360227779951e+06 -9.388698743590350799e-09 1.315013887147714062e-06
2.452553360273979604e+06 -6.366495816006489750e-09 1.321186838616678795e-06
2.452553360320179258e+06 3.975905147957374132e-08 1.329869502924213189e-06
2.452553360366378911e+06 1.606129975364838873e-08 1.339246326932493005e-06
2.452553360412578564e+06 5.914946424146145034e-08 1.349167074491667822e-06
2.452553360458778217e+06 5.699841676370831662e-08 1.361335819150433700e-06
2.452553360504977871e+06 -5.403320763748888895e-08 1.364243820188040605e-06
2.452553360551177524e+06 9.842547454625396483e-08 1.368996643144592271e-06
2.452553360597377177e+06 6.923046559588477783e-08 1.381976868764834764e-06
2.452553360643576831e+06 6.072014058462738987e-08 1.391587529321691379e-06
2.452553360689776484e+06 1.253453382672824876e-07 1.404736279311200824e-06
2.452553360735976137e+06 2.368203419945017724e-07 1.430810436087648937e-06
2.452553360782175791e+06 1.234614912050361078e-07 1.457240425488001725e-06
2.452553360828375444e+06 1.244202922934521547e-07 1.475667420942746284e-06
2.452553360874575097e+06 1.392634918371759475e-07 1.495258332311370524e-06
2.452553360920774750e+06 1.627680536569486945e-07 1.517821632281897871e-06
2.452553360966974404e+06 1.844048837965676655e-07 1.544096006688565451e-06
2.452553361013174057e+06 -3.498018466371195764e-09 1.558306453905164798e-06
2.452553361059373710e+06 6.897183459622307415e-08 1.563459350437846018e-06
2.452553361105573364e+06 7.022678874630704102e-08 1.573291092578076394e-06
2.452553361151773017e+06 6.485118762542856740e-08 1.582259257308554819e-06
2.452553361197972670e+06 1.709153924978182945e-07 1.598285189663596281e-06
2.452553361244172323e+06 5.299510402408644641e-08 1.613355325361215636e-06
2.452553361290371977e+06 1.221502152118623467e-07 1.624618624803146565e-06
2.452553361336571630e+06 1.233721114336500120e-07 1.640867610673225877e-06
2.452553361382771283e+06 6.513771965475598890e-08 1.652811491541789534e-06
2.452553361428970937e+06 2.644821600060178285e-08 1.657133708460606214e-06
2.452553361475170590e+06 -7.164208259029765159e-08 1.650294066927751556e-06
2.452553361521370243e+06 -1.323220289157990335e-07 1.629870146178174621e-06
2.452553361567569897e+06 -3.872788348980208266e-08 1.609503683474792380e-06
2.452553361613769550e+06 8.291054611246754047e-08 1.603112666435590236e-06
2.452553361659969203e+06 5.931435198262753026e-08 1.602868269953062123e-06
2.452553361706168856e+06 2.269703308829644880e-07 1.612753281942782480e-06
2.452553361752368510e+06 1.906609639535348339e-07 1.632564868321064324e-06
2.452553361798568163e+06 8.926595381631506083e-08 1.642614046403389782e-06
2.452553361844767816e+06 1.245397670560533589e-08 1.639149080873144281e-06
2.452553361890967470e+06 2.725059402803856725e-08 1.630060373699289863e-06
2.452553361937167123e+06 1.779009455581609484e-07 1.632262669054824446e-06
2.452553361983366776e+06 1.419955837024669680e-07 1.642763969445248400e-06
2.452553362029566430e+06 1.516035361574174169e-07 1.651485957426736018e-06
2.452553362075766083e+06 1.974970136806995314e-07 1.664536809917726443e-06
2.452553362121965736e+06 1.663460852274336304e-07 1.679156978795977989e-06
2.452553362168165389e+06 1.226987965205077351e-07 1.688681680391858681e-06
2.452553362214365043e+06 1.052779257257424390e-07 1.693809382172741920e-06
2.452553362260564696e+06 7.611545139467842810e-08 1.695352528981151147e-06
2.452553362306764349e+06 5.423243461437918009e-08 1.692749367675902587e-06
2.452553362352964003e+06 8.160621871526664213e-08 1.690033234290416871e-06
2.452553362399163656e+06 -3.268796781087300636e-09 1.682457056395197893e-06
2.452553362445363309e+06 1.443841820640076356e-07 1.678847655629918172e-06
2.452553362491562963e+06 1.511383316332688002e-07 1.686489043926731580e-06
2.452553362537762616e+06 6.318767821381575232e-08 1.688337632800006236e-06
2.452553362583962269e+06 1.676900403144117753e-07 1.691426403112100761e-06
2.452553362630161922e+06 1.171493623489678353e-07 1.698714602582887801e-06
2.452553362676361576e+06 7.249976942738814527e-08 1.699208509636236329e-06
2.452553362722561229e+06 1.024656293301921868e-07 1.698559827709501258e-06
2.452553362768760882e+06 1.707737585475450862e-07 1.705292884043501519e-06
2.452553362814960536e+06 1.686387311581827237e-07 1.717526414209557397e-06
2.452553362861160189e+06 1.346185100051539757e-07 1.727903451810497166e-06
2.452553362907359842e+06 1.958207467095593630e-07 1.741110457107987246e-06
2.452553362953559496e+06 1.509103181730781677e-07 1.756533455002162852e-06
2.452553362999759149e+06 1.982124955727092610e-08 1.759741562333348395e-06
2.452553363045958802e+06 -4.520739777612370144e-09 1.751434076408364136e-06
2.452553363092158455e+06 -2.729823723918410165e-08 1.739037654161410598e-06
2.452553363138358109e+06 -4.161313426735565950e-08 1.723062426552338470e-06
2.452553363184557762e+06 -8.366557435643706860e-08 1.701836878070855684e-06
2.452553363230757415e+06 -1.224685097084976931e-07 1.673181118228640487e-06
2.452553363276957069e+06 -6.506738985856132159e-08 1.644176160495440360e-06
2.452553363323156722e+06 1.698805002734943891e-07 1.635644302786174942e-06
2.452553363369356375e+06 1.179938145811416996e-07 1.640809417127139211e-06
2.452553363415556028e+06 3.337833414913332911e-08 1.636423820499988221e-06
2.452553363461755682e+06 1.797482043729064153e-08 1.624595773379478273e-06
2.452553363507955335e+06 1.710340647517651817e-08 1.611183586531635243e-06
2.452553363554154988e+06 5.226129780390805737e-08 1.599952340659871113e-06
2.452553363600354642e+06 2.018734510471567051e-08 1.588729485769842673e-06
2.452553363646554295e+06 9.616643905263286045e-08 1.580650944249742469e-06
2.452553363692753948e+06 2.202861570566976377e-07 1.587829937450330077e-06
2.452553363738953602e+06 4.111452307378501825e-08 1.592010433975255956e-06
2.452553363785153255e+06 4.305607380268913000e-08 1.583711963069419285e-06
2.452553363831352908e+06 4.501846963038025674e-08 1.575807363712330717e-06
2.452553363877552561e+06 9.260064012238153132e-08 1.571814882971459670e-06
2.452553363923752215e+06 1.664417486042928275e-07 1.577491330544697487e-06
2.452553363969951868e+06 1.488239838143985687e-07 1.588589406029259723e-06
2.452553364016151521e+06 1.229666455300468292e-07 1.597926345526799587e-06
2.452553364062351175e+06 1.333527194181952037e-07 1.607493420595098583e-06
2.452553364108550828e+06 1.242454647743644828e-07 1.618569759564978751e-06
2.452553364154750481e+06 5.957516031566013595e-08 1.625555179811267498e-06
2.452553364200950135e+06 -6.991330076875692705e-08 1.619009510945594190e-06
2.452553364247149788e+06 2.539794891303767880e-08 1.610108833409781846e-06
2.452553364293349441e+06 -1.071570507927546300e-08 1.605784826091907475e-06
2.452553364339549094e+06 -1.874380073628027397e-08 1.598532340654991334e-06
2.452553364385748748e+06 7.520698256987098922e-08 1.598022100340806148e-06
2.452553364431948401e+06 1.615867511484717463e-07 1.611906333530174411e-06
2.452553364478148054e+06 1.022961640922034316e-07 1.629570908692293327e-06
2.452553364524347708e+06 -5.949065492861917598e-08 1.632422326149874350e-06
2.452553364570547361e+06 -1.397794290729421016e-07 1.617786050352616641e-06
2.452553364616747014e+06 -7.050883384581405623e-08 1.601951038267104139e-06
2.452553364662946668e+06 -7.505409930104624632e-09 1.595724277592626073e-06
2.452553364709146321e+06 5.112979123069316018e-08 1.598995975239881182e-06
2.452553364755345974e+06 -8.632445094528050108e-08 1.597225835940829083e-06
2.452553364801545627e+06 -1.494137803305905137e-07 1.580804969623538109e-06
2.452553364847745281e+06 -2.722768191679385610e-09 1.570256473429690071e-06
2.452553364893944934e+06 1.355542546084279141e-07 1.581294943105373418e-06
2.452553364940144587e+06 8.211704024971793188e-08 1.600264271427649828e-06
2.452553364986344241e+06 1.533836735315139790e-08 1.612133374620369823e-06
2.452553365032543894e+06 -4.480266096433245708e-08 1.615848519867611806e-06
2.452553365078743547e+06 -7.092813009715289895e-08 1.613885705728066579e-06
2.452553365124943200e+06 3.930727649503836520e-08 1.618753689088641046e-06
2.452553365171142854e+06 -8.717087430953683475e-08 1.623306649710486011e-06
2.452553365217342507e+06 -1.777184826909923575e-07 1.612259545688139628e-06
2.452553365263542160e+06 -1.818302363371455465e-07 1.593772325852485907e-06
2.452553365309741814e+06 -1.086441521282365651e-07 1.579746129562030959e-06
2.452553365355941467e+06 -5.134457529074709758e-08 1.575169661065733916e-06
2.452553365402141120e+06 -7.418393937209699594e-08 1.573428397990298230e-06
2.452553365448340774e+06 -1.162410338354653515e-07 1.567171975451823561e-06
2.452553365494540427e+06 -1.221295356837708702e-07 1.557352696271238629e-06
2.452553365540740080e+06 -7.346783959651113910e-08 1.550595801389531331e-06
2.452553365586939733e+06 -6.348316484618170504e-08 1.548319950946616084e-06
2.452553365633139387e+06 -8.170017435998368835e-08 1.545758422740652424e-06
2.452553365679339040e+06 -9.871327123911648343e-08 1.540826783234205448e-06
2.452553365725538693e+06 -9.390552563009983351e-08 1.535089824737001952e-06
2.452553365771738347e+06 -6.403105051634388186e-08 1.532037578936414671e-06
2.452553365817938000e+06 -6.351689934121980116e-08 1.531523427761290590e-06
2.452553365864137653e+06 -1.426822921115698370e-07 1.525435910929840655e-06
2.452553365910337307e+06 -9.785490950030621667e-08 1.516724639871391429e-06
2.452553365956536960e+06 -3.699773286622329139e-08 1.515820519529550553e-06
2.452553366002736613e+06 -8.046323507920723151e-08 1.516567722097204471e-06
2.452553366048936266e+06 -1.653536880336013927e-07 1.508001854461048245e-06
2.452553366095135920e+06 -2.312838774102871942e-07 1.487737038038950871e-06
2.452553366141335573e+06 -3.590864113373006680e-07 1.451681486128839406e-06
2.452553366187535226e+06 -3.844433719173784174e-07 1.401809284013496915e-06
2.452553366233734880e+06 -2.019297103648556990e-07 1.360732796278372204e-06
2.452553366279934533e+06 -2.691650570572302941e-07 1.325956198324177530e-06
2.452553366326134186e+06 -2.419675967529120260e-07 1.286184801042370592e-06
2.452553366372333840e+06 -2.221019511010429773e-07 1.247714772818952263e-06
2.452553366418533493e+06 -1.842640473433206117e-07 1.211493082657796536e-06
2.452553366464733146e+06 -9.114910608189939581e-08 1.183284145591668124e-06
2.452553366510932799e+06 -1.295287757810287080e-08 1.166760670820576768e-06
2.452553366557132453e+06 -5.700253079107780520e-08 1.152369134613229007e-06
2.452553366603332106e+06 -3.826132936757199551e-08 1.135759604069035931e-06
2.452553366649531759e+06 1.014709609955796692e-08 1.123800507650030849e-06
2.452553366695731413e+06 8.580387520371710665e-09 1.115290521894999537e-06
2.452553366741931066e+06 -1.741538449606088908e-08 1.104829789977174427e-06
2.452553366788130719e+06 -8.615386903683349869e-08 1.087179469767576285e-06
2.452553366834330373e+06 -1.737313019267010967e-07 1.057157085227348605e-06
2.452553366880530026e+06 -1.923689401833370928e-07 1.017701180290660050e-06
2.452553366926729679e+06 -8.336943744240228479e-08 9.830949923785271660e-07
2.452553366972929332e+06 -2.101101497526955838e-07 9.455229607709768559e-07
2.452553367019128986e+06 -6.566387878374515250e-08 9.075046035333533153e-07
2.452553367065328639e+06 -2.344902257798577351e-08 8.818756512793304551e-07
2.452553367111528292e+06 -1.133728546435675653e-07 8.517693617092724299e-07
2.452553367157727946e+06 -2.307277846199523183e-07 8.047837113966998331e-07
2.452553367203927599e+06 -1.834357568182318324e-07 7.501718744870707008e-07
2.452553367250127252e+06 -1.190029423446080870e-07 7.012514521140204110e-07
2.452553367296326905e+06 -5.602208018215056675e-08 6.596882403587534144e-07
2.452553367342526559e+06 -6.816046452708644643e-08 6.202551225094606288e-07
2.452553367388726212e+06 -2.110218479038184028e-07 5.675325906896727798e-07
2.452553367434925865e+06 1.019637683561967115e-08 5.183412964401274887e-07
2.452553367481125519e+06 -9.627685058388494785e-09 4.823398445870855566e-07
2.452553367527325172e+06 -5.545626018175750168e-08 4.402582694052370464e-07
2.452553367573524825e+06 -5.024839334038492520e-08 3.936107201798588238e-07
2.452553367619724479e+06 1.382952353829560767e-08 3.504695676738406551e-07
2.452553367665924132e+06 3.287450601319021171e-08 3.121938045698512884e-07
2.452553367712123785e+06 3.786108786975986887e-08 2.746977291669312536e-07
2.452553367758323438e+06 3.565176138533255308e-08 2.364703213659786362e-07
2.452553367804523092e+06 4.732574714277781761e-08 1.980126600271726566e-07
2.452553367850722745e+06 9.804538729229611774e-08 1.633715036702371988e-07
2.452553367896922398e+06 1.250041894909341515e-07 1.340225419447805074e-07
2.452553367943122052e+06 1.813873698047970225e-07 1.108088958121511108e-07
2.452553367989321705e+06 1.256345718991841358e-07 8.791665311801523866e-08
2.452553368035521358e+06 6.100830439018243536e-08 5.620327271090107877e-08
2.452553368081721012e+06 2.234636862115111357e-07 3.162371286337423112e-08
2.452553368127920665e+06 2.757761615914171400e-07 2.358830258728721969e-08
2.452553368174120318e+06 1.900629089062529213e-07 1.445000355094046862e-08
2.452553368220319971e+06 1.621094743560297702e-07 -1.970480824374449891e-09
2.452553368266519625e+06 1.823140868033526177e-07 -1.815837050818457846e-08
2.452553368312719278e+06 1.082975942672529414e-07 -3.759205063378293267e-08
2.452553368358918931e+06 2.202668345420086038e-07 -5.353660001042871243e-08
2.452553368405118585e+06 2.469536804842193871e-07 -5.809819069408438948e-08
2.452553368451318238e+06 2.534180395800427449e-07 -5.848186486482785563e-08
2.452553368497517891e+06 2.503998659683469702e-07 -5.666848572220993767e-08
2.452553368543717545e+06 2.073327912514590456e-07 -5.629180248197287273e-08
2.452553368589917198e+06 2.104425138130270700e-07 -5.702305056524021636e-08
2.452553368636116851e+06 1.898873553501432791e-07 -5.726573700701142468e-08
2.452553368682316504e+06 1.738593059153122366e-07 -5.847095675751701693e-08
2.452553368728516158e+06 1.676646983638891418e-07 -5.965182687459435497e-08
2.452553368774715811e+06 1.566194322145686522e-07 -6.046284257135216414e-08
2.452553368820915464e+06 1.674663417025338298e-07 -5.961973402020111549e-08
2.452553368867115118e+06 1.484180575157589912e-07 -5.764959030486884811e-08
2.452553368913314771e+06 1.050063685918220052e-07 -5.863081839152018018e-08
2.452553368959514424e+06 9.089310984886810074e-08 -6.244012139798996858e-08
2.452553369005714078e+06 2.130497593229496195e-07 -5.674976940233624051e-08
2.452553369051913731e+06 2.406694717907002639e-07 -3.775491604134571231e-08
2.452553369098113384e+06 1.677729278462069076e-07 -1.936866588272024065e-08
2.452553369144313037e+06 9.989210853102872458e-08 -8.954297756410328895e-09
2.452553369190512691e+06 6.425593317183410476e-08 -4.319628264939189329e-09
2.452553369236712344e+06 -2.556208737290107073e-09 -5.852274525533373804e-09
2.452553369282911997e+06 -1.726829679912908948e-08 -1.245140075616166638e-08
2.452553369329111651e+06 -7.355317352396345310e-09 -1.869336846806067128e-08
2.452553369375311304e+06 5.534914005196674828e-09 -2.249095223309426613e-08
2.452553369421510957e+06 -8.886874444164666273e-10 -2.494436311754083125e-08
2.452553369467710610e+06 -5.348207957762860350e-08 -3.096529855907246539e-08
2.452553369513910264e+06 2.967774357132067585e-08 -3.404550681403666030e-08
2.452553369560109917e+06 5.228918943028038568e-08 -2.830174698618516361e-08
2.452553369606309570e+06 -1.225752475594257754e-08 -2.435736979129134300e-08
2.452553369652509224e+06 -1.046447497007077387e-07 -3.111841749508683190e-08
2.452553369698708877e+06 -4.229228738261372372e-08 -3.975841918824258615e-08
2.452553369744908530e+06 -1.145107382322076409e-09 -4.030568387858381804e-08
2.452553369791108184e+06 -8.642516776889530098e-08 -4.341948004225211507e-08
2.452553369837307837e+06 -1.060416253127784637e-07 -5.393212975831124970e-08
2.452553369883507490e+06 -1.159911212340326010e-08 -5.876093202040229471e-08
2.452553369929707143e+06 -1.304249366020276624e-08 -5.614672167682196784e-08
2.452553369975906797e+06 -3.863426901104680859e-08 -5.470384716728603475e-08
2.452553370022106450e+06 -5.381085062650411083e-08 -5.559931006503452131e-08
2.452553370068306103e+06 -5.382680472157979069e-08 -5.709698587251405762e-08
2.452553370114505757e+06 -5.800083551675095321e-08 -5.843987655281304808e-08
2.452553370160705410e+06 -1.338702432190851000e-07 -6.540809060863381167e-08
2.452553370206905063e+06 -4.154802772380090098e-09 -6.827129197592644033e-08
2.452553370253104717e+06 -1.393969252590191747e-08 -6.174761136731821639e-08
2.452553370299304370e+06 -8.476250539730900334e-08 -6.042340625678353196e-08
2.452553370345504023e+06 -1.124931220372261379e-07 -6.607278808312080957e-08
2.452553370391703676e+06 5.352511518542070498e-09 -6.490521196996845936e-08
2.452553370437903330e+06 -1.380064150146082164e-07 -6.523838645442294783e-08
2.452553370484102983e+06 -7.187946458006031883e-08 -7.113784958954031092e-08
2.452553370530302636e+06 6.221504768169116635e-08 -6.197043733509518275e-08
2.452553370576502290e+06 1.043892972210043703e-07 -3.851013206971052813e-08
2.452553370622701943e+06 -2.715567346287342948e-08 -1.995243768971302423e-08
2.452553370668901596e+06 -3.017584613920583045e-08 -1.014190157511014280e-08
2.452553370715101250e+06 -4.097482224016313347e-08 -5.928020534083527280e-10
2.452553370761300903e+06 -8.879087762131662122e-08 5.230721011493319973e-09
2.452553370807500556e+06 -1.361267880542778817e-07 4.247303008046428081e-09
2.452553370853700209e+06 2.182166102506688749e-08 1.155421732784888842e-08
2.452553370899899863e+06 -9.065106771776959217e-08 2.276742379928107491e-08
2.452553370946099516e+06 -4.403114461616522885e-08 2.967465195353520790e-08
2.452553370992299169e+06 4.537805554215220477e-09 4.414938966843022902e-08
2.452553371038498823e+06 -6.894011777754587960e-08 5.757460105798602889e-08
2.452553371084698476e+06 -2.548102107532401460e-08 6.943969750247293216e-08
2.452553371130898129e+06 4.002781715219657806e-08 9.013670603678768710e-08
2.452553371177097782e+06 2.172104784962782757e-08 1.155591011212260105e-07
2.452553371223297436e+06 -3.095983238778136458e-08 1.370139946204622383e-07
2.452553371269497089e+06 -4.924340684905882839e-08 1.541585734178005998e-07
2.452553371315696742e+06 3.052463923037333871e-08 1.766832144346651511e-07
2.452553371361896396e+06 1.744396047928942195e-08 2.053134263562018558e-07
2.452553371408096049e+06 -6.632165270883032181e-08 2.280114576628159399e-07
2.452553371454295702e+06 -1.225496153866591074e-07 2.410160030604618768e-07
2.452553371500495356e+06 -8.007644043066331724e-08 2.531656751833340520e-07
2.452553371546695009e+06 -2.678129735946606440e-08 2.726717937422638770e-07
2.452553371592894662e+06 -1.807023359632058552e-08 2.974539053758974831e-07
2.452553371639094315e+06 1.739987857862464181e-08 3.264833036716799350e-07
2.452553371685293969e+06 1.142592403739691140e-08 3.588892442538905722e-07
2.452553371731493622e+06 -8.902195410096629413e-08 3.845320642006040693e-07
2.452553371777693275e+06 -1.231725218983286505e-07 4.007275172314946421e-07
2.452553371823892929e+06 1.243317294107150769e-08 4.246673460738636665e-07
2.452553371870092582e+06 1.166908389357719607e-08 4.593933212527328363e-07
2.452553371916292235e+06 -3.359883586637291865e-08 4.918893853887362803e-07
2.452553371962491889e+06 4.393521651554764597e-09 5.248719452369285906e-07
2.452553372008691542e+06 -1.109547420304574722e-07 5.529933599572867651e-07
2.452553372054891195e+06 -1.581206426071928835e-07 5.693834795808411979e-07
2.452553372101090848e+06 -1.868384131441116292e-07 5.797332904495466302e-07
2.452553372147290502e+06 -1.945056503591418992e-07 5.865790610784710222e-07
2.452553372193490155e+06 -1.778210231563121403e-07 5.930957788241028335e-07
2.452553372239689808e+06 -2.288608147192049691e-07 5.959525926724858920e-07
2.452553372285889462e+06 -2.200257083306034053e-07 5.942815768101209963e-07
2.452553372332089115e+06 -2.737063454728594350e-07 5.875564644857729051e-07
2.452553372378288768e+06 -3.101821409035989947e-07 5.719844337088486846e-07
2.452553372424488422e+06 -2.270383729609249682e-07 5.573381447040881208e-07
2.452553372470688075e+06 -2.559377339939669944e-07 5.442881665224735095e-07
2.452553372516887728e+06 -2.068323744219153850e-07 5.303948767976044249e-07
2.452553372563087381e+06 -2.027764443419165600e-07 5.181303606234107207e-07
2.452553372609287035e+06 -1.928880036544186451e-07 5.046672159253256726e-07
2.452553372655486688e+06 -9.381004879475574765e-08 4.971657463753874510e-07
2.452553372701686341e+06 -1.279801486198772589e-07 4.927404826578477730e-07
2.452553372747885995e+06 -7.448335513457275322e-08 4.881784320895645733e-07
2.452553372794085648e+06 -6.604793710329519807e-08 4.867289370918929899e-07
2.452553372840285301e+06 -9.212538900444959079e-08 4.825994533046124977e-07
2.452553372886484955e+06 -9.499612704281802822e-08 4.747652885648905762e-07
2.452553372932684608e+06 -1.662164977774132584e-07 4.595664707639125303e-07
2.452553372978884261e+06 -9.153636015968918809e-09 4.486559267439550069e-07
2.452553373025083914e+06 6.859149869497159591e-08 4.536911695244017374e-07
2.452553373071283568e+06 6.376605673274258789e-08 4.635555551803196815e-07
2.452553373117483221e+06 1.018474249952508767e-07 4.755981318413002748e-07
2.452553373163682874e+06 1.153432839746693213e-07 4.913739914950228465e-07
2.452553373209882528e+06 1.151662620976160717e-07 5.082506550293559471e-07
2.452553373256082181e+06 1.656494594790290813e-07 5.291145300333955702e-07
2.452553373302281834e+06 2.408311075135100305e-07 5.599666473474693964e-07
2.452553373348481487e+06 2.685332542178260448e-07 5.997774450121448485e-07
2.452553373394681141e+06 2.175734331224078757e-07 6.395835544333651789e-07
2.452553373440880794e+06 1.307674480860227134e-07 6.706557829431911948e-07
2.452553373487080447e+06 1.294211672014139809e-07 6.961033068785591111e-07
2.452553373533280101e+06 1.825352212469432648e-07 7.261226585892718746e-07
2.452553373579479754e+06 1.718859611661260033e-07 7.603147086856731067e-07
2.452553373625679407e+06 7.050488697446151533e-08 7.872251230147664638e-07
2.452553373671879061e+06 6.031415091854684857e-08 8.063432978070490232e-07
2.452553373718078714e+06 1.142237977935535327e-07 8.288854167963812777e-07
2.452553373764278367e+06 1.754964723330769032e-07 8.605113014433287614e-07
2.452553373810478020e+06 1.685332292550004083e-07 8.972320119220053526e-07
2.452553373856677674e+06 1.418560704459077224e-07 9.327071523050382537e-07
2.452553373902877327e+06 2.028208991588702252e-08 9.581162761271330246e-07
2.452553373949076980e+06 -2.121208095668756016e-08 9.715911345898036171e-07
2.452553373995276634e+06 1.721372895507528571e-08 9.844156781209022687e-07
2.452553374041476287e+06 4.586835052535330422e-09 9.987388810936515351e-07
2.452553374087675940e+06 1.023335807069294958e-07 1.019174917859144548e-06
2.452553374133875594e+06 3.498115416354875790e-08 1.042006868760995224e-06
2.452553374180075247e+06 3.693208506382428336e-08 1.060128724090755591e-06
2.452553374226274900e+06 1.100258453036089169e-07 1.083858673367822809e-06
2.452553374272474553e+06 5.430712494177664396e-08 1.109216131030847745e-06
2.452553374318674207e+06 9.027402815733625140e-08 1.133489668821944500e-06
2.452553374364873860e+06 1.170732251706466071e-07 1.162854523014665326e-06
2.452553374411073513e+06 7.973152759395701929e-08 1.192097860016230481e-06
2.452553374457273167e+06 9.890530421813334975e-09 1.213859522076878674e-06
2.452553374503472820e+06 2.628343803399852458e-08 1.231672219371108553e-06
2.452553374549672473e+06 -1.051241810885303520e-07 1.240579676727538407e-06
2.452553374595872127e+06 -1.286611663110729919e-07 1.236924107472457465e-06
2.452553374642071780e+06 -1.440129014722558004e-07 1.228642868826259302e-06
2.452553374688271433e+06 -1.650439480901353455e-07 1.215637629866684191e-06
2.452553374734471086e+06 -1.015683415218167179e-07 1.203604397780616002e-06
2.452553374780670740e+06 -1.174666631263660370e-08 1.201081552254711725e-06
2.452553374826870393e+06 -3.126297506672307694e-08 1.202498823380000149e-06
2.452553374873070046e+06 -1.093041644975728387e-07 1.195436428167627002e-06
2.452553374919269700e+06 -1.620785746157259261e-07 1.176806791308402863e-06
2.452553374965469353e+06 -6.077077737735629522e-08 1.159454443493702146e-06
2.452553375011669006e+06 -6.478798006771887240e-08 1.147240087680026471e-06
2.452553375057868659e+06 -9.248212920358513515e-08 1.130805026198042294e-06
2.452553375104068313e+06 -1.492441568764486211e-07 1.105909028856645927e-06
2.452553375150267966e+06 -1.906028412170655419e-07 1.070985457735786467e-06
2.452553375196467619e+06 -8.524188923168287133e-08 1.037712908290512455e-06
2.452553375242667273e+06 -1.437473406727837241e-07 1.005006749126317107e-06
2.452553375288866926e+06 -1.068308751191250283e-07 9.678106429278711594e-07
2.452553375335066579e+06 -5.036913654427853954e-08 9.346309690315805844e-07
2.452553375381266233e+06 -2.415882346136532160e-08 9.050452344882080763e-07
2.452553375427465886e+06 -1.251215227233597877e-08 8.760064215512415854e-07
2.452553375473665539e+06 -6.965063193615740088e-08 8.413219312663341933e-07
2.452553375519865192e+06 -8.247045395460037317e-08 7.988293771870962673e-07
2.452553375566064846e+06 -5.266238619713226344e-08 7.546783641313834128e-07
2.452553375612264499e+06 -4.306215750077373372e-10 7.138041602241688595e-07
2.452553375658464152e+06 3.286131641769199092e-08 6.768210037171721891e-07
2.452553375704663806e+06 7.735499803981692726e-08 6.435295777276828222e-07
2.452553375750863459e+06 5.025915354415989848e-08 6.097139656852954023e-07
2.452553375797063112e+06 5.072185422533727572e-08 5.720950506082546089e-07
2.452553375843262766e+06 1.457835798171550629e-07 5.397751137755543124e-07
2.452553375889462419e+06 3.216041324890826750e-07 5.265431286818423781e-07
2.452553375935662072e+06 3.525388873436940920e-07 5.289775867305925397e-07
2.452553375981861725e+06 3.069557322717855756e-07 5.314462550048486067e-07
2.452553376028061379e+06 2.385910797381972777e-07 5.264516484651332157e-07
2.452553376074261032e+06 2.104978340628807250e-07 5.148275401654434100e-07
2.452553376120460685e+06 3.307807708261832729e-07 5.104666665012573894e-07
2.452553376166660339e+06 3.898578622170621967e-07 5.205509764129446349e-07
2.452553376212859992e+06 3.344391793062996690e-07 5.328055258486842751e-07
2.452553376259059645e+06 3.175001884585723330e-07 5.416277854911900903e-07
2.452553376305259299e+06 4.022027859466498776e-07 5.574171571393274253e-07
2.452553376351458952e+06 3.446688619618595124e-07 5.775955606432552147e-07
2.452553376397658605e+06 4.528628148816963780e-07 6.042529596987340098e-07
2.452553376443858258e+06 4.286165486597138947e-07 6.403609948739895630e-07
2.452553376490057912e+06 3.626131226781681264e-07 6.733408662130615932e-07
2.452553376536257565e+06 3.452289935045944425e-07 7.034481642540073134e-07
2.452553376582457218e+06 3.073225547581391442e-07 7.325703153867337295e-07
2.452553376628656872e+06 3.259133199176154688e-07 7.633280869946019540e-07
2.452553376674856525e+06 3.038902240426553835e-07 7.970018484914420408e-07
2.452553376721056178e+06 2.797648104483587222e-07 8.305100757192935471e-07
2.452553376767255832e+06 2.642436643714814322e-07 8.642819422924578825e-07
2.452553376813455485e+06 7.348038349656971015e-08 8.856342385158043571e-07
2.452553376859655138e+06 7.460293102102989338e-08 8.948949162933355369e-07
2.452553376905854791e+06 1.307059344431667162e-07 9.099064567443778297e-07
2.452553376952054445e+06 1.703457566455606787e-07 9.339781477662303495e-07
2.452553376998254098e+06 1.494149480911540742e-07 9.618731764593634933e-07
2.452553377044453751e+06 7.466922179833371383e-08 9.851338684313167303e-07
2.452553377090653405e+06 -3.173335240033073676e-08 9.968914504778731659e-07
2.452553377136853058e+06 4.295154335954742344e-08 1.007625942938534079e-06
2.452553377183052711e+06 1.606401602068294969e-07 1.034242450064273094e-06
2.452553377229252364e+06 1.656103708929128086e-07 1.072543555517693434e-06
2.452553377275452018e+06 1.933260755382125706e-07 1.116471312231868849e-06
2.452553377321651671e+06 1.582099415630740286e-07 1.163305686341279342e-06
2.452553377367851324e+06 1.347283171831450657e-07 1.209280497445727890e-06
2.452553377414050978e+06 1.304554893821659261e-07 1.256583690674851992e-06
2.452553377460250631e+06 -2.411082221981401593e-08 1.295267980808933414e-06
2.452553377506450284e+06 1.870530879225094910e-08 1.328202083582017601e-06
2.452553377552649938e+06 -1.512200088290601152e-08 1.364060112746034998e-06
2.452553377598849591e+06 3.457827087025300012e-09 1.401134903080181302e-06
2.452553377645049244e+06 7.283504344514884859e-08 1.447265811888690094e-06
2.452553377691248897e+06 -1.028190396980518409e-07 1.488269422046398817e-06
2.452553377737448551e+06 3.694673529780658492e-08 1.529028386911605388e-06
2.452553377783648204e+06 -9.237125952753313890e-08 1.572952755321455622e-06
2.452553377829847857e+06 -3.170521455880515605e-07 1.592516539250902979e-06
2.452553377876047511e+06 -3.049351130377467363e-07 1.596636842630195174e-06
2.452553377922247164e+06 -2.875003072765290485e-07 1.602541767057402688e-06
2.452553377968446817e+06 -3.976703720517426086e-07 1.601046228772877524e-06
2.452553378014646471e+06 -3.909399622376535162e-07 1.590782827766110535e-06
2.452553378060846124e+06 -2.843671265025847775e-07 1.587563184209452526e-06
2.452553378107045777e+06 -1.998518565440308016e-07 1.597786097867378724e-06
2.452553378153245430e+06 -3.932833436665221682e-07 1.599620055808043505e-06
2.452553378199445084e+06 -2.100121694157430859e-07 1.599934099662612328e-06
2.452553378245644737e+06 -1.947988754980711152e-07 1.614437587758311571e-06
2.452553378291844390e+06 -2.214386101630028251e-07 1.628187134034685632e-06
2.452553378338044044e+06 -1.058821893846108926e-07 1.648708209632356906e-06
2.452553378384243697e+06 -2.457511645131165989e-07 1.667850685075447652e-06
2.452553378430443350e+06 -3.004367636363721138e-07 1.672550633173618300e-06
2.452553378476643004e+06 -3.212412026217096921e-07 1.670780401994879274e-06
2.452553378522842657e+06 -3.192394868153200670e-07 1.666365588999657638e-06
2.452553378569042310e+06 -2.938429714741513821e-07 1.662617857348700862e-06
2.452553378615241963e+06 -3.157746819517278221e-07 1.657765517381832491e-06
2.452553378661441617e+06 -2.489923521776835474e-07 1.654869301243180142e-06
2.452553378707641270e+06 -2.608826070922832582e-07 1.654830385089743587e-06
2.452553378753840923e+06 -3.170495891904583640e-07 1.648518055579584127e-06
2.452553378800040577e+06 -2.947182667446367666e-07 1.638081156501848677e-06
2.452553378846240230e+06 -3.498886876564134963e-07 1.623309818016967152e-06
2.452553378892439883e+06 -3.134547707359786523e-07 1.604981783186756337e-06
2.452553378938639536e+06 -2.105683736676109473e-07 1.594863691617435850e-06
2.452553378984839190e+06 -1.350178953904026880e-07 1.596534077899195919e-06
2.452553379031038843e+06 -2.044687679734674422e-07 1.597763896982845237e-06
2.452553379077238496e+06 -7.308798009230315819e-08 1.602758525442080401e-06
2.452553379123438150e+06 -1.066299922884734351e-07 1.614509948518945369e-06
2.452553379169637803e+06 -1.689680582996421733e-07 1.618788074798928047e-06
2.452553379215837456e+06 -2.203958210299914741e-07 1.613691200583746260e-06
2.452553379262037110e+06 -2.810408395006151132e-07 1.598681290718601722e-06
2.452553379308236763e+06 -4.128575037486741585e-07 1.566968019514395190e-06
2.452553379354436416e+06 -2.537215835870935671e-07 1.534079658832541021e-06
2.452553379400636069e+06 -1.369441743557542691e-07 1.518857454274203847e-06
2.452553379446835723e+06 -1.552594085017294034e-07 1.509142949228661338e-06
2.452553379493035376e+06 -2.286748216636474426e-07 1.490923882402076388e-06
2.452553379539235029e+06 -1.478661302576662881e-07 1.471147314802834436e-06
2.452553379585434683e+06 -1.022870815176629390e-07 1.458773951826507821e-06
2.452553379631634336e+06 -3.819215842048794657e-08 1.453101628835895402e-06
2.452553379677833989e+06 5.882275004954947834e-08 1.458539760099369789e-06
2.452553379724033643e+06 1.710335248031316947e-07 1.479547275059400566e-06
2.452553379770233296e+06 7.817575958772710884e-08 1.502818063383580373e-06
2.452553379816432949e+06 4.640815041119368865e-09 1.514392965311406004e-06
2.452553379862632602e+06 -4.368385801117725190e-08 1.516798802480797207e-06
2.452553379908832256e+06 -6.609493992512794337e-08 1.513259446722640059e-06
2.452553379955031909e+06 -6.626238633943507180e-08 1.507016171789102284e-06
2.452553380001231562e+06 2.438649870021984734e-08 1.506475153439112330e-06
2.452553380047431216e+06 -1.107225281471912744e-08 1.509382340714488807e-06
2.452553380093630869e+06 -3.757432177149856837e-08 1.507102652926452689e-06
2.452553380139830522e+06 -1.379654809382658989e-09 1.504714769940125753e-06
2.452553380186030176e+06 6.373296400143867962e-08 1.509180016289421229e-06
2.452553380232229829e+06 -6.690974790462951049e-08 1.508336725328955142e-06
2.452553380278429482e+06 -7.746163322793673935e-08 1.496072228566874270e-06
2.452553380324629135e+06 -1.209297758090655616e-08 1.486469641528500454e-06
2.452553380370828789e+06 6.164636226150851630e-08 1.486147444720901902e-06
2.452553380417028442e+06 5.369842969930213929e-08 1.490226560635851050e-06
2.452553380463228095e+06 -8.436409895855743278e-08 1.482957813253457451e-06
2.452553380509427749e+06 -1.109514705699338308e-07 1.462131843522179446e-06
2.452553380555627402e+06 -9.871110224701164455e-08 1.438223603292105047e-06
2.452553380601827055e+06 -5.415698913942207273e-08 1.416462966247613173e-06
2.452553380648026709e+06 1.293998627953103722e-07 1.410058502042227008e-06
2.452553380694226362e+06 6.382201150825265792e-08 1.411789171652586557e-06
2.452553380740426015e+06 4.483962191193951181e-08 1.406885832554115284e-06
2.452553380786625668e+06 -2.734933732423376704e-08 1.394392313334617302e-06
2.452553380832825322e+06 -1.319268527301163343e-07 1.367300680025198118e-06
2.452553380879024975e+06 -1.934087905489665075e-08 1.338640045242482960e-06
2.452553380925224628e+06 -3.576705186069419073e-08 1.315051311894041798e-06
2.452553380971424282e+06 2.641209429366101104e-08 1.293132176005601421e-06
2.452553381017623935e+06 5.786774994882371737e-08 1.276692155230723107e-06
2.452553381063823588e+06 -1.041976266050589443e-09 1.256983569298833012e-06
2.452553381110023241e+06 -9.948019942758279623e-08 1.223963375353943381e-06
2.452553381156222895e+06 1.470767464254551426e-08 1.189879870735460142e-06
2.452553381202422548e+06 1.563909252526978867e-07 1.172956064516997047e-06
2.452553381248622201e+06 2.638232477288319499e-07 1.173968677621734136e-06
2.452553381294821855e+06 2.854191971354150212e-07 1.185120652200274849e-06
2.452553381341021508e+06 1.511993491438262986e-07 1.188807998743342092e-06
2.452553381387221161e+06 3.970061798769918564e-08 1.174403804067507218e-06
2.452553381433420815e+06 7.869347064589835605e-08 1.153788334217930462e-06
2.452553381479620468e+06 1.943303276135835619e-07 1.143802876867705437e-06
2.452553381525820121e+06 2.693952855008085604e-07 1.147988328601447253e-06
2.452553381572019774e+06 1.031690069810415377e-07 1.145988460269739315e-06
2.452553381618219428e+06 1.938830949057190294e-07 1.138564552927982345e-06
2.452553381664419081e+06 1.559370260035716636e-07 1.135089108438225653e-06
2.452553381710618734e+06 1.065877749345977860e-07 1.125238950565962308e-06
2.452553381756818388e+06 1.294487235719617879e-07 1.113199500974428054e-06
2.452553381803018041e+06 8.286248013280906049e-08 1.099056415377384480e-06
2.452553381849217694e+06 1.794282638389771724e-07 1.088288804376416004e-06
2.452553381895417348e+06 2.017506880364828184e-07 1.086402266365972286e-06
2.452553381941617001e+06 2.283331367608267523e-07 1.088744483602324444e-06
2.452553381987816654e+06 3.024979729417230955e-07 1.099565589350463725e-06
2.452553382034016307e+06 2.442414978759772271e-07 1.113034934459080911e-06
2.452553382080215961e+06 3.107731497363028289e-07 1.128754634699519692e-06
2.452553382126415614e+06 3.575515184388321756e-07 1.154844372578796844e-06
2.452553382172615267e+06 2.805400359890373499e-07 1.181126795601774461e-06
2.452553382218814921e+06 9.060230478803138225e-08 1.189615296758879069e-06
2.452553382265014574e+06 1.778626323961651952e-07 1.191483281666307843e-06
2.452553382311214227e+06 2.020794041625792150e-07 1.202507491043318843e-06
2.452553382357413881e+06 1.246618350306214241e-07 1.210838003656494809e-06
2.452553382403613534e+06 1.042298386291051166e-07 1.212881564474631419e-06
2.452553382449813187e+06 2.270793881053677447e-07 1.223382806718442653e-06
2.452553382496012840e+06 1.610370171842714322e-07 1.239477161943609742e-06
2.452553382542212494e+06 9.878067971190526815e-08 1.247496159978830278e-06
2.452553382588412147e+06 8.780759817167716591e-08 1.251023654662486923e-06
2.452553382634611800e+06 1.765861603779146700e-07 1.261192634261634983e-06
2.452553382680811454e+06 3.098468442837250925e-07 1.289413934897092839e-06
2.452553382727011107e+06 -7.882381329331630123e-08 1.300710339308411066e-06
2.452553382773210760e+06 6.060570173368058372e-08 1.294306725114382673e-06
2.452553382819410414e+06 8.000067795998035288e-08 1.299902103004338230e-06
2.452553382865610067e+06 7.460434155857344554e-08 1.307360892078526712e-06
2.452553382911809720e+06 2.178578999062895147e-07 1.326203987550557295e-06
2.452553382958009373e+06 1.910446567003631017e-07 1.355596302333500292e-06
2.452553383004209027e+06 1.958950088211834711e-08 1.372364995776304587e-06
2.452553383050408680e+06 -3.673969329459352760e-08 1.373326101068378820e-06
2.452553383096608333e+06 3.964179222840347159e-08 1.376140073183866752e-06
2.452553383142807987e+06 1.764696964017407921e-07 1.395591227850204737e-06
2.452553383189007640e+06 1.388157491205524619e-07 1.424191465809491723e-06
2.452553383235207293e+06 1.165386734691508771e-07 1.450475702010016246e-06
2.452553383281406946e+06 1.702746408243894790e-07 1.481164593764525263e-06
2.452553383327606600e+06 2.436072614851272805e-07 1.523777212543941743e-06
2.452553383373806253e+06 2.415100809005980096e-07 1.574862486345279878e-06
2.452553383420005906e+06 1.267093588651458947e-08 1.612008896973600275e-06
2.452553383466205560e+06 1.396942533825954761e-08 1.634396977582072270e-06
2.452553383512405213e+06 -9.666172987248047247e-09 1.656487142392184183e-06
2.452553383558604866e+06 -3.443796449993036860e-08 1.676232539489695284e-06
2.452553383604804520e+06 2.601472841514549616e-08 1.699802763748357187e-06
2.452553383651004173e+06 -2.076867966030995617e-08 1.725754845904847238e-06
2.452553383697203826e+06 -3.153552506756829738e-08 1.748803027501103168e-06
2.452553383743403479e+06 -6.127011220513855656e-08 1.769983285148237995e-06
2.452553383789603133e+06 -1.183054711785949125e-07 1.785603939051047813e-06
2.452553383835802786e+06 -1.884746115351583446e-07 1.792158194700804715e-06
2.452553383882002439e+06 -2.135652254501621077e-07 1.791393873270711541e-06
2.452553383928202093e+06 -1.751572687590626505e-07 1.791013676870448685e-06
2.452553383974401746e+06 -1.678179298794346390e-07 1.793498282508705728e-06
2.452553384020601399e+06 -2.459436948595768669e-07 1.790198302943596832e-06
2.452553384066801053e+06 -4.227607633302344525e-07 1.766716684216441398e-06
2.452553384113000706e+06 -3.970208556061551161e-07 1.729508466760486642e-06
2.452553384159200359e+06 -3.416171043987593825e-07 1.695260499678946946e-06
2.452553384205400012e+06 -2.608327771926926390e-07 1.668416285531276088e-06
2.452553384251599666e+06 -2.197375213330399759e-07 1.648467119773043582e-06
2.452553384297799319e+06 -2.974996132932008082e-07 1.623910881087876075e-06
2.452553384343998972e+06 -2.802366355841539918e-07 1.592646676187811897e-06
2.452553384390198626e+06 -2.798148627552444042e-07 1.560176157054557095e-06
2.452553384436398279e+06 -3.186376303202297843e-07 1.522211193617413601e-06
2.452553384482597932e+06 -3.146255116916675972e-07 1.478692760420972537e-06
2.452553384528797586e+06 -1.401438814771419501e-07 1.445484291748607347e-06
2.452553384574997239e+06 -3.838601816993055993e-10 1.433694819854120581e-06
2.452553384621196892e+06 -2.875902812729840976e-08 1.429504423247363147e-06
2.452553384667396545e+06 6.399356391249362598e-10 1.425102187545520891e-06
2.452553384713596199e+06 9.147048944556661881e-08 1.429535852652986450e-06
2.452553384759795852e+06 1.110745400302147167e-07 1.442702056261342078e-06
2.452553384805995505e+06 3.911765802575184320e-08 1.452863702992985337e-06
2.452553384852195159e+06 -3.413552731222427223e-08 1.452746316579067046e-06
2.452553384898394812e+06 -3.654541527221493279e-08 1.446890787876542097e-06
2.452553384944594465e+06 -6.618619331394887855e-10 1.443179557631170483e-06
2.452553384990794118e+06 -3.224969257190141463e-08 1.439563583236438747e-06
2.452553385036993772e+06 3.300599670260262800e-09 1.436034446260505098e-06
2.452553385083193425e+06 -3.625379547686213128e-08 1.432003306107708008e-06
2.452553385129393078e+06 -4.515826318645887235e-08 1.424069864026404984e-06
2.452553385175592732e+06 -1.329917026149193192e-08 1.417387916489759081e-06
2.452553385221792385e+06 -7.787808707358868610e-09 1.413155750344390968e-06
2.452553385267992038e+06 6.388329353754829188e-08 1.414581712367369540e-06
2.452553385314191692e+06 1.031748550819409474e-07 1.424639072338716987e-06
2.452553385360391345e+06 1.589612950355644860e-08 1.431874270043315837e-06
2.452553385406590998e+06 -1.568206398416903259e-07 1.419982372927823336e-06
2.452553385452790651e+06 -2.493036243920532820e-07 1.387205016112001914e-06
2.452553385498990305e+06 3.867449947631401882e-08 1.367050118871576051e-06
2.452553385545189958e+06 1.095368648298544372e-07 1.372860970868876972e-06
2.452553385591389611e+06 1.353265163329412249e-07 1.386608121607605016e-06
2.452553385637589265e+06 1.697187382156240837e-07 1.406076910712846480e-06
2.452553385683788918e+06 1.333656267507130964e-07 1.426934073834076186e-06
2.452553385729988571e+06 1.559418991894864702e-07 1.448349395386437499e-06
2.452553385776188225e+06 1.409500096691710179e-07 1.471948681112998141e-06
2.452553385822387878e+06 8.183386927750877696e-08 1.491649292144027913e-06
2.452553385868587531e+06 4.985527003889503705e-08 1.505844937006524382e-06
2.452553385914787184e+06 2.174894403998415892e-07 1.531320015873907322e-06
2.452553385960986838e+06 -3.164944952598948253e-08 1.552362485395086369e-06
2.452553386007186491e+06 -1.395131179032337529e-08 1.557232704118990279e-06
2.452553386053386144e+06 7.894818318106470297e-08 1.570706664137484759e-06
2.452553386099585798e+06 1.537270088805754652e-07 1.597710514356666294e-06
2.452553386145785451e+06 2.864129904555661641e-07 1.642192444242905373e-06
2.452553386191985104e+06 1.008207835992431931e-07 1.685576768090292030e-06
2.452553386238184758e+06 2.743435211335037158e-08 1.712066511824832055e-06
2.452553386284384411e+06 -1.815214285983934256e-08 1.731014568186145801e-06
2.452553386330584064e+06 -5.845803164480586236e-08 1.744346223232397078e-06
2.452553386376783717e+06 1.874615104949356752e-08 1.760943627083024812e-06
2.452553386422983371e+06 -6.135053834257246619e-08 1.777986788966843107e-06
2.452553386469183024e+06 -9.755633904918048230e-08 1.786863947188865237e-06
2.452553386515382677e+06 -1.281344773955740587e-07 1.790719743688172769e-06
2.452553386561582331e+06 -1.416492411713018794e-07 1.790898560412221018e-06
2.452553386607781984e+06 -4.779431255423371111e-09 1.799835235377030381e-06
2.452553386653981637e+06 -8.236649030585620079e-08 1.813278995022923255e-06
2.452553386700181291e+06 -1.168405290357573032e-07 1.818523684940825730e-06
2.452553386746380944e+06 -8.729975327676985340e-08 1.823093154660274578e-06
2.452553386792580597e+06 -4.311709678502000327e-08 1.832896104404522088e-06
2.452553386838780250e+06 -1.474720914924250634e-07 1.838128799101160927e-06
2.452553386884979904e+06 -1.895104373987722370e-07 1.831904923602758337e-06
2.452553386931179557e+06 -1.523010164135715262e-07 1.824147384837899787e-06
2.452553386977379210e+06 -1.111228516429056541e-07 1.821071576151805285e-06
2.452553387023578864e+06 -9.888902598896609352e-08 1.821124558105191706e-06
2.452553387069778517e+06 -3.730236787765995129e-08 1.826081679991640218e-06
2.452553387115978170e+06 -2.618363558935592695e-08 1.836206121824246663e-06
2.452553387162177823e+06 3.952689530323680593e-08 1.852170145776627189e-06
2.452553387208377477e+06 5.266206961686512182e-08 1.874525827902666277e-06
2.452553387254577130e+06 -2.986647405227151799e-08 1.892451264005834483e-06
2.452553387300776783e+06 -3.627103541938454988e-08 1.904117027588451518e-06
2.452553387346976437e+06 4.150102719221468617e-08 1.921220799391380130e-06
2.452553387393176090e+06 1.242815496803071965e-07 1.950900289899937271e-06
2.452553387439375743e+06 1.514139860372223705e-07 1.990177338258308391e-06
2.452553387485575397e+06 9.874596368658186614e-08 2.029406397296708248e-06
2.452553387531775050e+06 2.960130432844638481e-08 2.061217174504411187e-06
2.452553387577974703e+06 1.452685256655097263e-08 2.087878215418318036e-06
2.452553387624174356e+06 1.806417255793072323e-08 2.114493232938526324e-06
2.452553387670374010e+06 6.160574700423337601e-08 2.145467635185598528e-06
2.452553387716573663e+06 1.394255128372096387e-07 2.186707771073795719e-06
2.452553387762773316e+06 1.240646719984329568e-07 2.234422629851460362e-06
2.452553387808972970e+06 1.367924253010778526e-08 2.274723077773333214e-06
2.452553387855172623e+06 2.371112722469068008e-08 2.308938740467233495e-06
2.452553387901372276e+06 1.527399306022014230e-07 2.354748633180163276e-06
2.452553387947571930e+06 2.968858023530395990e-07 2.423099962873252224e-06
2.452553387993771583e+06 7.491487701697730303e-08 2.488877107184308517e-06
2.452553388039971236e+06 -7.195240118700554036e-09 2.534619793759290456e-06
2.452553388086170889e+06 -4.419232726945560451e-08 2.572847725741681073e-06
2.452553388132370543e+06 -5.779730566575453520e-08 2.608158276919674198e-06
2.452553388178570196e+06 -7.275118384416289807e-08 2.641960249912133337e-06
2.452553388224769849e+06 -2.034942476157524323e-07 2.665204185747908232e-06
2.452553388270969503e+06 -6.033113121714197636e-08 2.689095204903322289e-06
2.452553388317169156e+06 -1.575447915089610894e-07 2.716193104505565917e-06
2.452553388363368809e+06 -3.133703126643822298e-07 2.724001991136155262e-06
2.452553388409568463e+06 -2.818363493597522357e-07 2.720895386522177240e-06
2.452553388455768116e+06 -2.740289849242556107e-07 2.718519087008913106e-06
2.452553388501967769e+06 -2.997051734597758778e-07 2.712600702557894740e-06
2.452553388548167422e+06 -3.846324975874099662e-07 2.695870653085989142e-06
2.452553388594367076e+06 -4.344362563392728419e-07 2.665760258965223265e-06
2.452553388640566729e+06 -3.474709224582581487e-07 2.634416204882305565e-06
2.452553388686766382e+06 -1.318761151929866659e-07 2.621965029338552014e-06
2.452553388732966036e+06 -8.745908870516407797e-08 2.626589049625418166e-06
2.452553388779165689e+06 -9.477019803102025022e-08 2.632625586385057220e-06
2.452553388825365342e+06 -9.848710781286721630e-08 2.636543268176555037e-06
2.452553388871564995e+06 -7.553483168497896457e-08 2.640509879472007743e-06
2.452553388917764649e+06 -1.124952425599363776e-07 2.642030850344266126e-06
2.452553388963964302e+06 -9.556656357070924788e-09 2.647029893005295374e-06
2.452553389010163955e+06 -5.876976465388432245e-08 2.654853783763652233e-06
2.452553389056363609e+06 -1.109005054215408612e-07 2.653959046813272130e-06
2.452553389102563262e+06 6.030646880104095192e-08 2.660480648737008747e-06
2.452553389148762915e+06 6.362762066020487898e-08 2.679188604962569369e-06
2.452553389194962569e+06 1.724071458864481562e-08 2.694455764509834889e-06
2.452553389241162222e+06 9.981708294242641921e-09 2.705242509550145668e-06
2.452553389287361875e+06 -4.771871942862449765e-08 2.710385651926556701e-06
2.452553389333561528e+06 -2.537680677136211333e-07 2.694418205008637893e-06
2.452553389379761182e+06 -6.755121099739827704e-08 2.674389098016685085e-06
2.452553389425960835e+06 -1.168066263847018918e-07 2.661975057732865751e-06
2.452553389472160488e+06 -1.226781409484125605e-07 2.643207165569874875e-06
2.452553389518360142e+06 -7.609974927986127650e-08 2.624970119914499109e-06
2.452553389564559795e+06 -7.330865346582945866e-08 2.608030540020278910e-06
2.452553389610759448e+06 -9.988626870277847635e-08 2.586999586651466537e-06
2.452553389656959102e+06 -5.764112681872140063e-08 2.564652874428464128e-06
2.452553389703158755e+06 1.271966292197681327e-08 2.548332482553692421e-06
2.452553389749358408e+06 7.548154844498226253e-08 2.540102361318173980e-06
2.452553389795558061e+06 9.349958227992095263e-08 2.536633528614659686e-06
2.452553389841757715e+06 -4.447968467421310994e-08 2.523085849401033519e-06
2.452553389887957368e+06 5.518018973520733245e-08 2.504994069622823885e-06
2.452553389934157021e+06 1.658929799435908570e-07 2.500978935722464676e-06
2.452553389980356675e+06 1.862138996199121599e-07 2.506088738467879445e-06
2.452553390026556328e+06 9.205279301918047942e-08 2.505471279221118039e-06
2.452553390072755981e+06 1.582835323876676168e-07 2.502242643135255647e-06
2.452553390118955635e+06 2.089539931221152120e-07 2.507255557192213106e-06
2.452553390165155288e+06 2.472695272270172654e-07 2.519022815840200575e-06
2.452553390211354941e+06 2.591738723269146696e-07 2.535114647197042273e-06
2.452553390257554594e+06 2.227003065815439701e-07 2.550183641818921203e-06
2.452553390303754248e+06 2.195177818563544856e-07 2.563027374860863988e-06
2.452553390349953901e+06 2.349832815987027071e-07 2.577445868633360874e-06
2.452553390396153554e+06 1.730039481147283381e-07 2.589105751461959613e-06
2.452553390442353208e+06 8.185266426078563925e-08 2.589734214322819267e-06
2.452553390488552861e+06 1.083823842716623530e-07 2.585286277705643381e-06
2.452553390534752514e+06 1.405082704004307528e-07 2.584793714081913247e-06
2.452553390580952168e+06 1.829160511283987810e-07 2.589783350541413424e-06
2.452553390627151821e+06 1.900498053583094870e-07 2.598781293295246264e-06
2.452553390673351474e+06 1.970565041732225950e-07 2.609410003067139989e-06
2.452553390719551127e+06 3.029995464262362378e-07 2.629302742171249270e-06
2.452553390765750781e+06 1.752542923838822826e-07 2.648902376005193899e-06
