2.452626286059000064e+06 0.000000000000000000e+00 0.000000000000000000e+00
2.452626286116899922e+06 1.774914297059021494e-07 1.703626837069577751e-08
2.452626286174799781e+06 1.180840420522727530e-07 4.692142732730425195e-08
2.452626286232699640e+06 7.475690431681715749e-08 6.955905796108220401e-08
2.452626286290599499e+06 1.152570593099774907e-07 9.381608761397116583e-08
2.452626286348499358e+06 1.889282591373791315e-07 1.310050842939101768e-07
2.452626286406399217e+06 1.843458985496699897e-07 1.778820681108942808e-07
2.452626286464299075e+06 1.559636755532477670e-07 2.254119916889259370e-07
2.452626286522198934e+06 1.531276424503279961e-07 2.736928591778032857e-07
2.452626286580098793e+06 1.525440993266737222e-07 3.253282273621443733e-07
2.452626286637998652e+06 1.481283708562899124e-07 3.803296140950400557e-07
2.452626286695898511e+06 1.448595665398664301e-07 4.385933535981168031e-07
2.452626286753798369e+06 1.529498234556551763e-07 5.014546710658499133e-07
2.452626286811698228e+06 7.454120792810330647e-08 5.619453468039295894e-07
2.452626286869598087e+06 1.359830266305453772e-07 6.247977612660748208e-07
2.452626286927497946e+06 1.527659035478340419e-07 6.991861455472120249e-07
2.452626286985397805e+06 1.640443827423207151e-07 7.811422606712725630e-07
2.452626287043297663e+06 1.650575768199604163e-07 8.696163212160540929e-07
2.452626287101197522e+06 -7.786166041315457083e-08 9.405598832952046392e-07
2.452626287159097381e+06 6.491654006430237433e-09 1.000166872869892749e-06
2.452626287216997240e+06 -3.210704511393169721e-08 1.066838600685129104e-06
2.452626287274897099e+06 -1.029293368732525834e-07 1.126137034907732372e-06
2.452626287332796957e+06 -1.344341811204875973e-07 1.177899566411072812e-06
2.452626287390696816e+06 -1.089056640929643621e-07 1.230537227884522366e-06
2.452626287448596675e+06 -8.741593840599098490e-08 1.289069496810429014e-06
2.452626287506496534e+06 -2.266294797452033621e-07 1.338064098597304283e-06
2.452626287564396393e+06 -3.329435185967508234e-07 1.364250294460969423e-06
2.452626287622296251e+06 -2.741422777019199439e-07 1.384478311301657266e-06
2.452626287680196110e+06 -1.827961264652767315e-07 1.417125217766839943e-06
2.452626287738095969e+06 -1.614239991259256352e-07 1.459658165694382307e-06
2.452626287795995828e+06 -9.098530562959526029e-08 1.510878628179374672e-06
2.452626287853895687e+06 -1.427279767823469981e-07 1.564449659960036079e-06
2.452626287911795545e+06 -1.853264166860748248e-07 1.609620509410405227e-06
2.452626287969695404e+06 -1.788043530009360782e-07 1.651123971655038725e-06
2.452626288027595263e+06 -1.639090163772171438e-07 1.694064531000554160e-06
2.452626288085495122e+06 -1.952901405418183381e-07 1.734857319313384589e-06
2.452626288143394981e+06 -2.930366446361696383e-07 1.762425468277589119e-06
2.452626288201294839e+06 -2.490153974513224155e-07 1.782765920491367351e-06
2.452626288259194698e+06 -2.278564113618405448e-07 1.806622610558488479e-06
2.452626288317094557e+06 -2.130905162872163026e-07 1.831497329810290889e-06
2.452626288374994416e+06 -2.189306407801198668e-07 1.854882527285487007e-06
2.452626288432894275e+06 -2.319781192823119216e-07 1.873971730885510604e-06
2.452626288490794133e+06 -1.821767875315368638e-07 1.893727621662368651e-06
2.452626288548693992e+06 -1.558384739583451641e-07 1.918009398662033005e-06
2.452626288606593851e+06 -5.687445332918637722e-08 1.951960678301794439e-06
2.452626288664493710e+06 -1.193530372185572895e-07 1.987931285437573769e-06
2.452626288722393569e+06 -1.204619835324074839e-07 2.016489322628147036e-06
2.452626288780293427e+06 4.389663026334095555e-08 2.058740064563444984e-06
2.452626288838193286e+06 4.924659122175539894e-08 2.116534503873610608e-06
2.452626288896093145e+06 -7.957569824855865557e-08 2.163095636424661595e-06
2.452626288953993004e+06 -1.596460918120145520e-07 2.189169342255680392e-06
2.452626289011892863e+06 -1.523311714663478072e-07 2.205974647472564944e-06
2.452626289069792721e+06 -1.482300035650293504e-07 2.220795060551810474e-06
2.452626289127692580e+06 -1.923770336266006331e-07 2.228570403811672746e-06
2.452626289185592439e+06 -1.891934902555435895e-07 2.228651002486670691e-06
2.452626289243492298e+06 1.562042311934043674e-08 2.244335585074253096e-06
2.452626289301392157e+06 1.143554628402068434e-07 2.286293475973513786e-06
2.452626289359292015e+06 3.972539988468854287e-08 2.330113211974327705e-06
2.452626289417191874e+06 -1.053255225697710448e-07 2.352570467178828404e-06
2.452626289475091733e+06 -1.514571184706037586e-07 2.354506774678278020e-06
2.452626289532991592e+06 4.882243915103787565e-08 2.367304889474605718e-06
2.452626289590891451e+06 2.943048122551917440e-08 2.394613447495897223e-06
2.452626289648791309e+06 -5.259854250268266066e-08 2.410717312000617242e-06
2.452626289706691168e+06 7.058202467724010817e-08 2.428361439253181430e-06
2.452626289764591027e+06 1.243777298701951162e-07 2.460806254054171397e-06
2.452626289822490886e+06 9.994926562119213483e-09 2.486649838156235006e-06
2.452626289880390745e+06 1.086675189218855822e-07 2.509660275408606026e-06
2.452626289938290603e+06 5.385828262306970896e-08 2.535368583773580757e-06
2.452626289996190462e+06 -5.774182199443534227e-08 2.543904698400678564e-06
2.452626290054090321e+06 -1.143118376148209716e-07 2.533639348116454946e-06
2.452626290111990180e+06 -1.661170789855285875e-08 2.523101473104219547e-06
2.452626290169890039e+06 1.909493314215213481e-07 2.537780282262398017e-06
2.452626290227789897e+06 2.806771191536587390e-07 2.579317057997363040e-06
2.452626290285689756e+06 2.566421365864105640e-07 2.627971930579490080e-06
2.452626290343589615e+06 2.828287170077824362e-07 2.678311185527189564e-06
2.452626290401489474e+06 3.349426943887104459e-07 2.737805629707723399e-06
2.452626290459389333e+06 3.718951405886506165e-07 2.808307915903949630e-06
2.452626290517289191e+06 3.226690373305479547e-07 2.881049163543902052e-06
2.452626290575189050e+06 1.105548560558583620e-07 2.932270322834187257e-06
2.452626290633088909e+06 9.707014720818171850e-08 2.963427647236866300e-06
2.452626290690988768e+06 1.430027442811941841e-07 2.997496827303037603e-06
2.452626290748888627e+06 3.511186744018934870e-08 3.025716991585957919e-06
2.452626290806788485e+06 4.030181433505275572e-08 3.043691664797323562e-06
2.452626290864688344e+06 2.043013685920781831e-07 3.076655944643658616e-06
2.452626290922588203e+06 1.293449222873601157e-07 3.118325397819222291e-06
2.452626290980488062e+06 3.342451379454042372e-07 3.173437392830493447e-06
2.452626291038387921e+06 1.930019486848519922e-07 3.236839300700004036e-06
2.452626291096287780e+06 8.499222715046236726e-08 3.279212732622483988e-06
2.452626291154187638e+06 1.502269685374093200e-07 3.318461768837668454e-06
2.452626291212087497e+06 2.609146078628461602e-07 3.375306948006899408e-06
2.452626291269987356e+06 8.915707159834358593e-08 3.428579572935143957e-06
2.452626291327887215e+06 2.166141809380122808e-07 3.479539710585640427e-06
2.452626291385787074e+06 1.211712822783574571e-07 3.535282139969824309e-06
2.452626291443686932e+06 6.720536489758307498e-08 3.578798310564680392e-06
2.452626291501586791e+06 4.188385847575395578e-08 3.615697924874566227e-06
2.452626291559486650e+06 2.684926971436178047e-08 3.649125703430754889e-06
2.452626291617386509e+06 8.043461822786398193e-08 3.686359417859064666e-06
2.452626291675286368e+06 1.644146388510228403e-08 3.723059726807719818e-06
2.452626291733186226e+06 2.003910180357528405e-08 3.754392868946810006e-06
2.452626291791086085e+06 1.735450532170754235e-07 3.800770658991648329e-06
2.452626291848985944e+06 2.136240050256516509e-07 3.867058504032958084e-06
2.452626291906885803e+06 4.894344332578160598e-08 3.924473260697010134e-06
2.452626291964785662e+06 -8.086412167750740679e-08 3.955854426718479773e-06
2.452626292022685520e+06 -9.499380668973765295e-08 3.973292779191667351e-06
2.452626292080585379e+06 -4.607123891554269175e-08 3.992724250325268691e-06
2.452626292138485238e+06 -1.535293115392568565e-08 4.018687299110869775e-06
2.452626292196385097e+06 -7.330446586164311265e-08 4.041556936906349013e-06
2.452626292254284956e+06 -1.458407326138674046e-07 4.051183588211936573e-06
2.452626292312184814e+06 -2.495807478585226832e-08 4.063599086093980646e-06
2.452626292370084673e+06 4.850414328119982227e-08 4.093143195875205183e-06
2.452626292427984532e+06 -1.259646052885390800e-08 4.123943412564176409e-06
2.452626292485884391e+06 1.071313582889548971e-07 4.160580295706186418e-06
2.452626292543784250e+06 1.382432015247052434e-07 4.212447540723136354e-06
2.452626292601684108e+06 5.708244156666496842e-08 4.261624948100502434e-06
2.452626292659583967e+06 2.475818893355412700e-07 4.323138707852978344e-06
2.452626292717483826e+06 2.397169068690189893e-07 4.405091936315581549e-06
2.452626292775383685e+06 2.111034746909772713e-07 4.488207703403430105e-06
2.452626292833283544e+06 5.382471763195072122e-08 4.558129396789784471e-06
2.452626292891183402e+06 -3.418242339976772828e-08 4.607857212226180422e-06
2.452626292949083261e+06 6.864621100047096602e-08 4.660466017349103325e-06
2.452626293006983120e+06 2.512217419760111419e-07 4.742137317730030208e-06
2.452626293064882979e+06 -1.608588268244684681e-07 4.805977849555789805e-06
2.452626293122782838e+06 -7.882911180577381652e-08 4.840621091146807152e-06
2.452626293180682696e+06 -1.377075052966501112e-07 4.877285326868141226e-06
2.452626293238582555e+06 -9.131109620732918791e-08 4.912716666532577567e-06
2.452626293296482414e+06 4.885843761558620729e-08 4.965893094842640982e-06
2.452626293354382273e+06 -1.653126791085549679e-07 5.013368250949861010e-06
2.452626293412282132e+06 -1.011558297474099326e-07 5.047280236138715864e-06
2.452626293470181990e+06 -3.688196346919352314e-08 5.093104326308131331e-06
2.452626293528081849e+06 6.779494083019678767e-09 5.149922342552703787e-06
2.452626293585981708e+06 -2.105248085438400838e-08 5.209831176347766406e-06
2.452626293643881567e+06 -1.093359552224230857e-07 5.260372750896141486e-06
2.452626293701781426e+06 -1.758322405838778956e-07 5.296925993697308658e-06
2.452626293759681284e+06 -1.996877218217281836e-07 5.324377444724326806e-06
2.452626293817581143e+06 2.658471945965161972e-08 5.370001110364863088e-06
2.452626293875481002e+06 1.617851257565052150e-08 5.436710382029429040e-06
2.452626293933380861e+06 -1.004961519410602819e-07 5.493424202619970640e-06
2.452626293991280720e+06 -1.447837609346384788e-07 5.535909083834672017e-06
2.452626294049180578e+06 -7.518583841001372656e-08 5.580710861693372808e-06
2.452626294107080437e+06 -1.121273742500059985e-07 5.628708888112475862e-06
2.452626294164980296e+06 -1.291979628153262651e-07 5.671831676013534506e-06
2.452626294222880155e+06 -2.410131129057230379e-07 5.702414600431281487e-06
2.452626294280780014e+06 -2.311510193273423866e-07 5.721896298045046194e-06
2.452626294338679872e+06 -1.270424628300294378e-07 5.750016507100859451e-06
2.452626294396579731e+06 -2.095393449407228231e-07 5.778710305878719440e-06
2.452626294454479590e+06 4.046525377768391467e-08 5.822044339658394815e-06
2.452626294512379449e+06 -2.642572124902569093e-07 5.860002401760661353e-06
2.452626294570279308e+06 -3.400310449907328114e-07 5.860812874260563188e-06
2.452626294628179166e+06 -2.358949839428462969e-07 5.860406487730481386e-06
2.452626294686079025e+06 -1.171576104711658065e-07 5.877431320594335013e-06
2.452626294743978884e+06 -6.640404886610293352e-08 5.908406144434684067e-06
2.452626294801878743e+06 -3.175771520453302331e-08 5.946550732778739602e-06
2.452626294859778602e+06 -1.662674660790980133e-08 5.989099689760737235e-06
2.452626294917678460e+06 1.522318326785355838e-08 6.036174394234747541e-06
2.452626294975578319e+06 -4.497222993998994692e-08 6.080933825683599497e-06
2.452626295033478178e+06 -1.268112339059945480e-07 6.112234456884831108e-06
2.452626295091378037e+06 -2.373790175966852854e-08 6.144530679943571204e-06
2.452626295149277896e+06 -1.553251370007481586e-07 6.173150264406904076e-06
2.452626295207177754e+06 2.403465376451873810e-08 6.205100897415500440e-06
2.452626295265077613e+06 2.699024870540679032e-08 6.253615021456699732e-06
2.452626295322977472e+06 -8.490016276007512007e-08 6.292224661395041839e-06
2.452626295380877331e+06 -1.754474863019587344e-07 6.311046791391435334e-06
2.452626295438777190e+06 -1.630063556603525118e-07 6.320253069049716792e-06
2.452626295496677049e+06 -5.979438651955018057e-08 6.337634624450748078e-06
2.452626295554576907e+06 -8.242361003255616016e-08 6.360626874013435216e-06
2.452626295612476766e+06 -9.641346588231267400e-08 6.378534900747492145e-06
2.452626295670376625e+06 -1.201542152533024674e-07 6.390842430962478288e-06
2.452626295728276484e+06 -5.439731885777838351e-08 6.404762198699764786e-06
2.452626295786176343e+06 2.306014534597937733e-07 6.450143234389565915e-06
2.452626295844076201e+06 4.518076006611357080e-08 6.505742790454284764e-06
2.452626295901976060e+06 1.018349830363812458e-07 6.550540854908586381e-06
2.452626295959875919e+06 1.643993017689582365e-07 6.607340658042629615e-06
2.452626296017775778e+06 1.328192356585168430e-07 6.668727401950702972e-06
2.452626296075675637e+06 7.977745859089171332e-08 6.723967959158636398e-06
2.452626296133575495e+06 1.646697178748320497e-07 6.783637213044265878e-06
2.452626296191475354e+06 1.660097565417293221e-07 6.853304803342099505e-06
2.452626296249375213e+06 2.239063015384912502e-08 6.911870067613257568e-06
2.452626296307275072e+06 -2.832465633566894302e-08 6.953266218537535629e-06
2.452626296365174931e+06 -2.145177867488138325e-08 6.990355304097419470e-06
2.452626296423074789e+06 -6.529527522780235937e-08 7.023401500799236043e-06
2.452626296480974648e+06 -2.255371535746021530e-07 7.036004510368489515e-06
2.452626296538874507e+06 -1.452491483982135746e-07 7.038272203997764243e-06
2.452626296596774366e+06 -3.160683845653270059e-08 7.055638999023374255e-06
2.452626296654674225e+06 7.779005773753901521e-08 7.092335643791200417e-06
2.452626296712574083e+06 -1.350249750823319549e-08 7.130468881800678058e-06
2.452626296770473942e+06 -1.389931813062207547e-07 7.147631466832377137e-06
2.452626296828373801e+06 8.422153691317111515e-08 7.172153298582275346e-06
2.452626296886273660e+06 1.733107766909447505e-07 7.225345998749416085e-06
2.452626296944173519e+06 -1.447190613524798404e-07 7.257851939127826420e-06
2.452626297002073377e+06 -3.290686625443712783e-07 7.241556906921578200e-06
2.452626297059973236e+06 -2.902095700864654190e-07 7.206400251560435439e-06
2.452626297117873095e+06 -1.598948068290459655e-07 7.181056630758905270e-06
2.452626297175772954e+06 -1.310253857057975791e-07 7.165641064556663636e-06
2.452626297233672813e+06 4.358630845705976208e-08 7.165468587587371526e-06
2.452626297291572671e+06 -5.732253422775078154e-08 7.169596025489668282e-06
2.452626297349472530e+06 5.092452370630531634e-08 7.172156575887683162e-06
2.452626297407372389e+06 1.247153846300443932e-07 7.189889495657735573e-06
2.452626297465272248e+06 4.447648256387283447e-09 7.202324464199566331e-06
2.452626297523172107e+06 -2.083805146514012670e-07 7.181554851453735859e-06
2.452626297581071965e+06 7.047201509593213140e-08 7.163024840302512915e-06
2.452626297638971824e+06 1.437567760293190821e-07 7.174567808575541098e-06
2.452626297696871683e+06 1.489179172873978030e-07 7.192755248207797784e-06
2.452626297754771542e+06 1.571630215458901683e-07 7.212025805019929895e-06
2.452626297812671401e+06 1.543242735058279694e-07 7.231779638282583730e-06
2.452626297870571259e+06 1.079994757974451659e-07 7.246888543147103860e-06
2.452626297928471118e+06 2.754873774969746134e-07 7.273351128677332714e-06
2.452626297986370977e+06 1.604972372254012879e-07 7.305658773357502586e-06
2.452626298044270836e+06 2.184042493452622013e-07 7.333854531827170568e-06
2.452626298102170695e+06 2.936174594087303476e-07 7.375852613584014735e-06
2.452626298160070553e+06 2.644104404380066443e-07 7.424549550577271783e-06
2.452626298217970412e+06 1.300381994392560895e-07 7.460416699185172712e-06
2.452626298275870271e+06 -6.510871400909811228e-08 7.466357434795831247e-06
2.452626298333770130e+06 2.012432790829675956e-07 7.478174674766637730e-06
2.452626298391669989e+06 2.878778611818211054e-07 7.523512523169645296e-06
2.452626298449569847e+06 3.293764805762624990e-07 7.583828640873321301e-06
2.452626298507469706e+06 3.058960379038811170e-07 7.649857508687134128e-06
2.452626298565369565e+06 8.960798947451533863e-08 7.697293637709836140e-06
2.452626298623269424e+06 1.089823429837514757e-07 7.728508105893959273e-06
2.452626298681169283e+06 -6.114524874416185020e-08 7.746443695372953546e-06
2.452626298739069141e+06 -2.708984883541727366e-07 7.727920819649904217e-06
2.452626298796969000e+06 -2.037432780213744291e-07 7.692499489825789136e-06
2.452626298854868859e+06 9.117634617093588734e-08 7.687237425788274678e-06
2.452626298912768718e+06 2.656588406957621657e-07 7.725283231301184814e-06
2.452626298970668577e+06 3.488099663557921731e-08 7.760119553624231651e-06
2.452626299028568435e+06 -1.841633312272439205e-07 7.753667732816678070e-06
2.452626299086468294e+06 -1.500492389399906167e-07 7.727666019397592411e-06
2.452626299144368153e+06 -1.433352151651205416e-07 7.702133027340189579e-06
2.452626299202268012e+06 -1.155824347121503967e-07 7.676638237079950607e-06
2.452626299260167871e+06 1.411713547606215057e-07 7.675323265058895075e-06
2.452626299318067729e+06 7.971764311852133816e-08 7.691914954499457879e-06
2.452626299375967588e+06 -2.067269204817010559e-08 7.693802956823119575e-06
2.452626299433867447e+06 -1.304620470989614059e-07 7.675070345475269238e-06
2.452626299491767306e+06 4.960207103980092265e-08 7.660867635550688530e-06
2.452626299549667165e+06 2.514856848879531069e-07 7.681629398118973808e-06
2.452626299607567023e+06 -6.911621076447114942e-09 7.698483514624382060e-06
2.452626299665466882e+06 -8.460207251326144271e-08 7.684261066166751423e-06
2.452626299723366741e+06 1.000136092567047787e-07 7.678740443914323913e-06
2.452626299781266600e+06 6.090539318186139960e-08 7.686495039952058591e-06
2.452626299839166459e+06 2.152679723360751747e-10 7.685232850224536647e-06
2.452626299897066317e+06 -9.712799333450128723e-08 7.668599536889350452e-06
2.452626299954966176e+06 -3.182540414315312867e-07 7.619886614389616972e-06
2.452626300012866035e+06 -4.363753939469021397e-08 7.572038703404426032e-06
2.452626300070765894e+06 3.048052579060608481e-08 7.553647707059355336e-06
2.452626300128665753e+06 1.462700974394594932e-07 7.552262953623997594e-06
2.452626300186565612e+06 2.101815107823966753e-07 7.568516250010506505e-06
2.452626300244465470e+06 1.248157711433737074e-07 7.584721714233521248e-06
2.452626300302365329e+06 -9.312027562829687389e-08 7.573826992716094245e-06
2.452626300360265188e+06 -5.491551467465331596e-08 7.545283470763287605e-06
2.452626300418165047e+06 6.260323844125064155e-08 7.529785799812717250e-06
2.452626300476064906e+06 1.451367089039102939e-07 7.532857624686094073e-06
2.452626300533964764e+06 1.941149729855371667e-08 7.532876646097449130e-06
2.452626300591864623e+06 -9.217012635103320869e-08 7.510963483191030017e-06
2.452626300649764482e+06 9.080293250052831284e-08 7.494826219429901555e-06
2.452626300707664341e+06 -9.870912966134694580e-08 7.477579757500124183e-06
2.452626300765564200e+06 1.420574863435970908e-07 7.464737465621573669e-06
2.452626300823464058e+06 5.162393632267044387e-08 7.466266200300671483e-06
2.452626300881363917e+06 -1.549716324632699349e-08 7.453943324417525345e-06
2.452626300939263776e+06 6.568425148898857848e-08 7.443021584899209418e-06
2.452626300997163635e+06 1.356284623306435563e-07 7.446825811305875598e-06
2.452626301055063494e+06 -1.039996939965437151e-07 7.435910967663059831e-06
2.452626301112963352e+06 -4.850200336697531786e-09 7.411769067892529249e-06
2.452626301170863211e+06 -6.640276158903106150e-08 7.390348219102492572e-06
2.452626301228763070e+06 -1.381505078059075016e-07 7.355550484213824031e-06
2.452626301286662929e+06 -1.509657515524657520e-07 7.310919356749301520e-06
2.452626301344562788e+06 -9.795270016218221967e-08 7.267643044500146232e-06
2.452626301402462646e+06 2.044953379717944259e-07 7.256214007767222717e-06
2.452626301460362505e+06 -1.326878655848076835e-07 7.242119362768327721e-06
2.452626301518262364e+06 -1.447981458775152217e-07 7.194954661571734855e-06
2.452626301576162223e+06 -1.792563650692761392e-08 7.156349937593589444e-06
2.452626301634062082e+06 -1.681748436990250389e-08 7.128445990050420035e-06
2.452626301691961940e+06 -2.081652612485263277e-07 7.081738577179232982e-06
2.452626301749861799e+06 -2.719919784248812332e-08 7.031878441587000187e-06
2.452626301807761658e+06 6.833958065200382319e-08 7.006227023510158863e-06
2.452626301865661517e+06 -1.194354718443929292e-07 6.971656105110422609e-06
2.452626301923561376e+06 -1.212998847087862485e-07 6.918072473491547915e-06
2.452626301981461234e+06 7.582796314878360753e-08 6.880799060013654830e-06
2.452626302039361093e+06 1.794204542836043989e-07 6.871523978862059029e-06
2.452626302097260952e+06 4.889549025813694957e-08 6.861360085690864651e-06
2.452626302155160811e+06 7.540934187739033344e-08 6.842828302168676776e-06
2.452626302213060670e+06 1.787436563267172823e-07 6.837627515649611109e-06
2.452626302270960528e+06 2.184689275356588934e-07 6.848224921345042270e-06
2.452626302328860387e+06 2.241432975946154509e-07 6.866627657343090155e-06
2.452626302386760246e+06 2.680982076272540291e-07 6.893867190656004108e-06
2.452626302444660105e+06 1.660301453676720497e-07 6.920294260385222516e-06
2.452626302502559964e+06 1.056886736861969210e-07 6.935704654699105931e-06
2.452626302560459822e+06 7.285980681475267348e-09 6.939346363612656746e-06
2.452626302618359681e+06 -7.591531541068839092e-08 6.927878312065199811e-06
2.452626302676259540e+06 -1.549667788580842681e-07 6.901740860903145402e-06
2.452626302734159399e+06 -1.999367560351650101e-07 6.863262394008687763e-06
2.452626302792059258e+06 1.349971508335540748e-07 6.851081359695000030e-06
2.452626302849959116e+06 1.935375975856379209e-08 6.860784282889256664e-06
2.452626302907858975e+06 -3.790200713974536483e-08 6.856638097242202452e-06
2.452626302965758834e+06 -1.077904052810796261e-07 6.841710658645226906e-06
2.452626303023658693e+06 -9.157812397670847432e-08 6.822035866581723117e-06
2.452626303081558552e+06 8.820365294855776886e-08 6.821123227343903300e-06
2.452626303139458410e+06 2.922323511422055510e-08 6.833402985992907062e-06
2.452626303197358269e+06 -6.649010849866022382e-08 6.833536144344214410e-06
2.452626303255258128e+06 2.648085266870642572e-08 6.834923415279076506e-06
2.452626303313157987e+06 6.693377367397561217e-08 6.850671332319434853e-06
2.452626303371057846e+06 -4.995892434622685444e-08 6.861834591728550726e-06
2.452626303428957704e+06 -2.568919911168519956e-07 6.844144199449097046e-06
2.452626303486857563e+06 -2.914732807945695682e-07 6.802829229318242506e-06
2.452626303544757422e+06 1.896485195903175188e-07 6.801798653207910931e-06
2.452626303602657281e+06 1.889499408545924800e-07 6.847916261319816474e-06
2.452626303660557140e+06 7.046096386606850021e-08 6.887750275368501343e-06
2.452626303718456998e+06 -4.119769269042548602e-08 6.909899067057747965e-06
2.452626303776356857e+06 -1.275011075768675162e-07 6.915700038194099346e-06
2.452626303834256716e+06 1.306638534155176047e-07 6.939060746702463791e-06
2.452626303892156575e+06 -3.085129002578960014e-07 6.947578285181298176e-06
2.452626303950056434e+06 -3.660098729159395461e-07 6.909496152737686177e-06
2.452626304007956292e+06 -2.830346398537556959e-07 6.870688899673097901e-06
2.452626304065856151e+06 -1.592290850069581307e-07 6.848515344850932179e-06
2.452626304123756010e+06 -5.218900878519084768e-08 6.846791936862938323e-06
2.452626304181655869e+06 -2.895404644879996357e-07 6.832660945446995300e-06
2.452626304239555728e+06 -3.337834267009170129e-07 6.790437839271837402e-06
2.452626304297455586e+06 -1.235818152670783474e-07 6.760555382073050079e-06
2.452626304355355445e+06 -1.436266518442714056e-07 6.746480968146169202e-06
2.452626304413255304e+06 -2.667949494555758515e-07 6.717642028337346386e-06
2.452626304471155163e+06 -1.587857122575203473e-07 6.684999163621188533e-06
2.452626304529055022e+06 5.572924522013879166e-08 6.680648382798601718e-06
2.452626304586954881e+06 -2.739194942406800953e-07 6.665132047464115433e-06
2.452626304644854739e+06 -2.317744680572797809e-07 6.620877530292623643e-06
2.452626304702754598e+06 -1.212869449876235037e-07 6.587569929495424396e-06
2.452626304760654457e+06 -1.479618894522408227e-07 6.559647167678054479e-06
2.452626304818554316e+06 -2.630207827249937768e-07 6.515984841737474658e-06
2.452626304876454175e+06 9.604274077648958666e-09 6.483945656184415484e-06
2.452626304934354033e+06 2.003470326173381766e-07 6.493991887285361060e-06
2.452626304992253892e+06 6.069813173191078434e-08 6.510343874742779146e-06
2.452626305050153751e+06 -8.764137058406132753e-08 6.500959368956772932e-06
2.452626305108053610e+06 -1.445124701649099313e-07 6.471421505837116701e-06
2.452626305165953469e+06 -1.423900760478110436e-07 6.434371515501363752e-06
2.452626305223853327e+06 -8.029631345405210767e-08 6.400604158255339156e-06
2.452626305281753186e+06 -3.582521747344650942e-08 6.374541678742759283e-06
2.452626305339653045e+06 1.394267056061017413e-07 6.367790192660203990e-06
2.452626305397552904e+06 2.050107093212833408e-07 6.384135224932341318e-06
2.452626305455452763e+06 1.545968202494337330e-07 6.403963879769323558e-06
2.452626305513352621e+06 9.955324492745520826e-08 6.415941910630330199e-06
2.452626305571252480e+06 9.921748800095854122e-08 6.424101867973373134e-06
2.452626305629152339e+06 -5.893035121947055286e-09 6.423241433610380862e-06
2.452626305687052198e+06 6.924063786591966227e-08 6.419754471286793122e-06
2.452626305744952057e+06 1.748880279374185785e-07 6.433612000501955985e-06
2.452626305802851915e+06 2.428290835744715291e-07 6.465648530625428004e-06
2.452626305860751774e+06 2.311698522614162751e-07 6.506159889032186552e-06
2.452626305918651633e+06 2.245072347033637997e-08 6.529236716799857326e-06
2.452626305976551492e+06 2.188697232121676199e-07 6.553169848711070706e-06
2.452626306034451351e+06 1.137861304703478721e-07 6.587895116441770591e-06
2.452626306092351209e+06 1.329643506152969067e-07 6.617270179759063151e-06
2.452626306150251068e+06 2.182494329839870738e-07 6.658974382740402230e-06
2.452626306208150927e+06 1.620430581132967340e-07 6.706764600477384607e-06
2.452626306266050786e+06 4.837259156473968066e-08 6.741950474059529173e-06
2.452626306323950645e+06 8.885992875730858001e-08 6.772541432363679850e-06
2.452626306381850503e+06 -3.756866921062989709e-08 6.796785673223476829e-06
2.452626306439750362e+06 -1.256696461050001622e-07 6.801670607516562437e-06
2.452626306497650221e+06 -7.589919404400790038e-08 6.802299056001351905e-06
2.452626306555550080e+06 5.647914304607929539e-08 6.819418803745500809e-06
2.452626306613449939e+06 1.061251124540775564e-08 6.845294824376837537e-06
2.452626306671349797e+06 -1.725750350512447420e-07 6.850355935602041813e-06
2.452626306729249656e+06 -2.059203379519748090e-07 6.833872510660464975e-06
2.452626306787149515e+06 -7.094251365308739872e-08 6.824442337391344458e-06
2.452626306845049374e+06 -8.937800419469579965e-08 6.824157220448080492e-06
2.452626306902949233e+06 -3.608478321698463872e-07 6.794838047654674509e-06
2.452626306960849091e+06 -1.320146514219195378e-07 6.757637453805076565e-06
2.452626307018748950e+06 4.901838734241837964e-08 6.755365827103729736e-06
2.452626307076648809e+06 1.152399289476924453e-07 6.775624264861716166e-06
2.452626307134548668e+06 5.872938065688475567e-08 6.797634207000398142e-06
2.452626307192448527e+06 -1.429822155371237769e-07 6.795796850190321971e-06
2.452626307250348385e+06 -3.545274381764351194e-07 6.753069763073378768e-06
2.452626307308248244e+06 -8.948409757472555639e-08 6.710638800768241834e-06
2.452626307366148103e+06 -2.234960376974952165e-07 6.676100497740104271e-06
2.452626307424047962e+06 -1.766482900546353997e-07 6.629345791073503804e-06
2.452626307481947821e+06 -1.000372288330439509e-07 6.589621204055330549e-06
2.452626307539847679e+06 -8.725805094363310654e-09 6.561970776781531781e-06
2.452626307597747538e+06 5.294444979895769479e-08 6.546170831876086035e-06
2.452626307655647397e+06 -1.708952616729545375e-07 6.513134236994272310e-06
2.452626307713547256e+06 -1.636062563308891244e-07 6.456188320825867391e-06
2.452626307771447115e+06 -2.696723686737407191e-07 6.384636114087756174e-06
2.452626307829346973e+06 -2.059348325780429939e-07 6.302784764454042090e-06
2.452626307887246832e+06 -9.227441113406642764e-09 6.239008032594312431e-06
2.452626307945146691e+06 1.238798184970547324e-07 6.201829425793945978e-06
2.452626308003046550e+06 -6.448804331450332534e-09 6.162438689085478032e-06
2.452626308060946409e+06 1.072402086311784057e-07 6.118923178638706030e-06
2.452626308118846267e+06 1.076422487209607801e-08 6.074318252461541634e-06
2.452626308176746126e+06 8.578778809944501533e-08 6.024978388279790095e-06
2.452626308234645985e+06 2.324978039945637414e-07 5.993989052076916742e-06
2.452626308292545844e+06 2.562606536489350021e-07 5.978237477162399187e-06
2.452626308350445703e+06 2.238207142170551022e-07 5.962010645974658173e-06
2.452626308408345561e+06 4.413628231354892192e-07 5.963951814495077100e-06
2.452626308466245420e+06 1.989800803898305272e-07 5.965608813679197389e-06
2.452626308524145279e+06 3.120599897045330637e-07 5.956962895494760910e-06
2.452626308582045138e+06 4.920172566814546622e-07 5.977664898792507636e-06
2.452626308639944997e+06 4.221114334449500826e-07 6.012811853571803102e-06
2.452626308697844855e+06 6.849366815514045471e-07 6.071614055158803725e-06
2.452626308755744714e+06 4.746747348822290406e-07 6.142632111222771758e-06
2.452626308813644573e+06 3.601232549765771832e-07 6.190592298037700886e-06
2.452626308871544432e+06 2.669630043122319559e-07 6.224507616661572507e-06
2.452626308929444291e+06 2.170787790667711839e-07 6.249211532509072874e-06
2.452626308987344150e+06 2.238369611153475822e-07 6.273381797013897988e-06
2.452626309045244008e+06 2.059089795234174164e-07 6.299964443330294261e-06
2.452626309103143867e+06 1.311927890530144632e-08 6.309945409201288282e-06
2.452626309161043726e+06 1.364502813030876795e-07 6.315323141472266925e-06
2.452626309218943585e+06 1.832606117348522287e-07 6.338642341316060956e-06
2.452626309276843444e+06 2.300107479637104812e-07 6.374114793079907681e-06
2.452626309334743302e+06 3.474926806456115605e-07 6.429524478980193391e-06
2.452626309392643161e+06 2.358333548304593499e-07 6.491326215371724559e-06
2.452626309450543020e+06 6.478869442689900745e-09 6.526630637692074595e-06
2.452626309508442879e+06 5.866576317515180673e-08 6.548621148713534970e-06
2.452626309566342738e+06 1.159737008767884342e-07 6.583506370167603014e-06
2.452626309624242596e+06 4.126455782992175707e-08 6.620163394949881950e-06
2.452626309682142455e+06 -1.158097728856503534e-07 6.638049688800173866e-06
2.452626309740042314e+06 -9.288351280711924904e-08 6.644739276182312674e-06
2.452626309797942173e+06 -2.438255941519105270e-07 6.639744327953839252e-06
2.452626309855842032e+06 -6.383565751128865129e-08 6.637050067472109670e-06
2.452626309913741890e+06 -1.015480376800515379e-07 6.647709389747969871e-06
2.452626309971641749e+06 -2.083963610808923029e-07 6.645354203857406492e-06
2.452626310029541608e+06 -1.578448687384421513e-07 6.637243021820092906e-06
2.452626310087441467e+06 -8.385096808837629820e-08 6.640200082742546829e-06
2.452626310145341326e+06 -2.309134082730512040e-07 6.636236453704694224e-06
2.452626310203241184e+06 -7.453396740384931851e-08 6.632612527302775368e-06
2.452626310261141043e+06 3.643996093254966613e-08 6.654112715326729427e-06
2.452626310319040902e+06 -8.822529812884823649e-08 6.675982729296557711e-06
2.452626310376940761e+06 -3.497134074151101979e-07 6.662429293880160623e-06
2.452626310434840620e+06 -2.941575689633329538e-07 6.627523707871569153e-06
2.452626310492740478e+06 -8.364006614649511690e-08 6.614685832026823649e-06
2.452626310550640337e+06 -9.374559297942898807e-08 6.619646089390180553e-06
2.452626310608540196e+06 -1.883472328660538201e-07 6.614717782053767834e-06
2.452626310666440055e+06 -2.439917742434045849e-07 6.594623588744460591e-06
2.452626310724339914e+06 -2.214268946902200179e-07 6.569259678569167594e-06
2.452626310782239772e+06 -2.138918984594789194e-07 6.544260192049956924e-06
2.452626310840139631e+06 -4.319961325863998522e-07 6.496611113593445423e-06
2.452626310898039490e+06 -3.165637464831346296e-07 6.434709855176138228e-06
2.452626310955939349e+06 -1.623121135334989546e-07 6.393144209276410144e-06
2.452626311013839208e+06 -7.500650229335645233e-08 6.371177251424674202e-06
2.452626311071739066e+06 -2.690666429407241168e-08 6.360468561799683076e-06
2.452626311129638925e+06 9.574526321367625278e-08 6.365468803815639254e-06
2.452626311187538784e+06 -4.534121490221348189e-08 6.369443937066791922e-06
2.452626311245438643e+06 1.431545580271210438e-09 6.365006348781023449e-06
2.452626311303338502e+06 7.305308165116613554e-08 6.371811946570735515e-06
2.452626311361238360e+06 -6.108352270649055999e-08 6.373503487113219181e-06
2.452626311419138219e+06 -2.985232029366742561e-07 6.339938900657822025e-06
2.452626311477038078e+06 -2.935834457950770005e-08 6.306682690186084457e-06
2.452626311534937937e+06 -4.483086949139609341e-08 6.295146045823243324e-06
2.452626311592837796e+06 -7.722816344896783252e-08 6.278394146110465423e-06
2.452626311650737654e+06 -8.017398914665449065e-08 6.257189739083310073e-06
2.452626311708637513e+06 -7.106031373106206611e-08 6.235158203733755984e-06
2.452626311766537372e+06 -8.183086501035669830e-08 6.211523033123257443e-06
2.452626311824437231e+06 -1.283691599644063530e-07 6.180850149396922907e-06
2.452626311882337090e+06 -1.521980681370219317e-07 6.141314680978055248e-06
2.452626311940236948e+06 1.510735473209444543e-07 6.125777018854391262e-06
2.452626311998136807e+06 1.878370404534492706e-07 6.142282352606999880e-06
2.452626312056036666e+06 7.660207360782754754e-08 6.153928463126003012e-06
2.452626312113936525e+06 4.641254940000645074e-08 6.153807879246792950e-06
2.452626312171836384e+06 1.156593286853154737e-07 6.158157995936931896e-06
2.452626312229736242e+06 2.605289977864046372e-07 6.184167238842053208e-06
2.452626312287636101e+06 1.152992832086663414e-07 6.213150256462261503e-06
2.452626312345535960e+06 3.325512109760784616e-08 6.223509047812354675e-06
2.452626312403435819e+06 5.007369482750915941e-08 6.229048607688033665e-06
2.452626312461335678e+06 1.181146936047790963e-07 6.243698288585457919e-06
2.452626312519235536e+06 2.072614051521303786e-07 6.275173768346274902e-06
2.452626312577135395e+06 -1.001911373114105324e-07 6.288869038139997357e-06
2.452626312635035254e+06 -3.906625021253972480e-07 6.246660709625529104e-06
2.452626312692935113e+06 -2.306187190281366826e-07 6.188388497450565626e-06
2.452626312750834972e+06 3.184937832170383391e-09 6.163027709745444625e-06
2.452626312808734830e+06 5.948554367472930395e-08 6.163673529604292752e-06
2.452626312866634689e+06 2.109718622382977317e-07 6.184783033708557700e-06
2.452626312924534548e+06 -1.285144756314738728e-07 6.190166910555690958e-06
2.452626312982434407e+06 3.090281057139360297e-07 6.205810669990124340e-06
2.452626313040334266e+06 1.602328348258631946e-07 6.250895526076383545e-06
2.452626313098234124e+06 -8.088519606314837974e-08 6.262837754057521943e-06
2.452626313156133983e+06 -8.159696343773828004e-09 6.259814835983714741e-06
2.452626313214033842e+06 -1.148337029255357346e-07 6.253345114651167463e-06
2.452626313271933701e+06 -1.258870364120931681e-07 6.235063677591551802e-06
2.452626313329833560e+06 1.046123422159578465e-07 6.236276258103396432e-06
2.452626313387733418e+06 8.215187554918522303e-08 6.257645746966506681e-06
2.452626313445633277e+06 -1.005473835987057504e-07 6.261280331163734430e-06
2.452626313503533136e+06 -1.713537117920575419e-07 6.240887571107893950e-06
2.452626313561432995e+06 7.177122608391968386e-08 6.235172999622835211e-06
2.452626313619332854e+06 -1.528476652387762542e-07 6.230710498772421288e-06
2.452626313677232713e+06 -4.080897592175034588e-08 6.215025994435697503e-06
2.452626313735132571e+06 -1.027252731403626926e-08 6.211607044964846433e-06
2.452626313793032430e+06 1.407884642837342449e-07 6.225314252785080914e-06
2.452626313850932289e+06 3.429156955515669478e-07 6.274134914243577041e-06
2.452626313908832148e+06 1.535882535590627323e-08 6.315202910310504363e-06
2.452626313966732007e+06 -1.195780165176602605e-07 6.315336707327019703e-06
2.452626314024631865e+06 -1.266562547489820421e-07 6.301535158517253789e-06
2.452626314082531724e+06 -1.323710703722531169e-07 6.284944015245193018e-06
2.452626314140431583e+06 -4.377493731752825638e-08 6.274517392299964233e-06
2.452626314198331442e+06 3.490762353146553499e-08 6.278932710676083488e-06
2.452626314256231301e+06 -2.506363763277764546e-07 6.263613377363310408e-06
2.452626314314131159e+06 -7.090612135970090746e-08 6.236482290818632196e-06
2.452626314372031018e+06 -1.576622920777210430e-07 6.215599817523899952e-06
2.452626314429930877e+06 -7.572482530787270506e-08 6.192197762317129891e-06
2.452626314487830736e+06 -1.981656829828136376e-09 6.181506735490900906e-06
2.452626314545730595e+06 -3.558009680146411239e-08 6.173625220949728987e-06
2.452626314603630453e+06 1.607812279885925793e-08 6.166710341399307320e-06
2.452626314661530312e+06 -4.874451630689775861e-09 6.162082662836425389e-06
2.452626314719430171e+06 1.461507392346090970e-07 6.169502161648494856e-06
2.452626314777330030e+06 5.571773427237406944e-08 6.183384694139534827e-06
2.452626314835229889e+06 9.319878899865728257e-08 6.193389537007521144e-06
2.452626314893129747e+06 2.597193151982852272e-07 6.223801114180802614e-06
2.452626314951029606e+06 -3.976191588971585564e-08 6.244066053630573317e-06
2.452626315008929465e+06 1.264430022457463570e-07 6.253173929760220846e-06
2.452626315066829324e+06 -2.444154019812906347e-08 6.264342060289038133e-06
2.452626315124729183e+06 -8.741274202974859825e-08 6.255730970300234632e-06
2.452626315182629041e+06 3.044472873412367869e-08 6.251346203861698232e-06
2.452626315240528900e+06 1.941701425902252200e-07 6.273343118272409673e-06
2.452626315298428759e+06 1.369652497922244223e-07 6.307275317841763431e-06
2.452626315356328618e+06 8.956768874146579327e-08 6.333883821400409527e-06
2.452626315414228477e+06 8.122667675690273160e-08 6.357120238257697513e-06
2.452626315472128335e+06 3.689851978202746387e-08 6.376909500751319955e-06
2.452626315530028194e+06 -2.483632497204216471e-08 6.387758389290398256e-06
2.452626315587928053e+06 -1.860954095984828760e-08 6.393671315287226863e-06
2.452626315645827912e+06 1.343511753007160020e-07 6.414786753487484922e-06
2.452626315703727771e+06 -1.265040492095976921e-07 6.426804610634762703e-06
2.452626315761627629e+06 -1.819371607310039335e-07 6.408859340967282037e-06
2.452626315819527488e+06 -4.467686041460717463e-08 6.396468739117636651e-06
2.452626315877427347e+06 1.058365456095611730e-07 6.409941643656057300e-06
2.452626315935327206e+06 7.928673298183435748e-08 6.435890668947210795e-06
2.452626315993227065e+06 -1.977600138134597504e-07 6.434358084604934583e-06
2.452626316051126923e+06 -5.855673337207590840e-08 6.418749934033308015e-06
2.452626316109026782e+06 -1.611057595606077629e-07 6.404573963105547238e-06
2.452626316166926641e+06 -7.207245674757204717e-08 6.387190195210279027e-06
2.452626316224826500e+06 -6.553502794687805725e-08 6.376830834311169750e-06
2.452626316282726359e+06 -2.069657686845021550e-07 6.352056948786537672e-06
2.452626316340626217e+06 -1.789900622846110939e-07 6.313685897565626775e-06
2.452626316398526076e+06 -1.056127683524084147e-07 6.281206596967504638e-06
2.452626316456425935e+06 6.185331995314688949e-08 6.268648804110839353e-06
2.452626316514325794e+06 1.675830979113875794e-07 6.280993924378936352e-06
2.452626316572225653e+06 1.758469404262850739e-07 6.305230922706585081e-06
2.452626316630125511e+06 1.568887446820392611e-07 6.330440973975865668e-06
2.452626316688025370e+06 2.070891580404164945e-07 6.360695635282976220e-06
2.452626316745925229e+06 -1.731278365592757389e-07 6.361723763786022353e-06
2.452626316803825088e+06 4.922186138187109391e-08 6.347390558407866105e-06
2.452626316861724947e+06 6.381190645345349564e-08 6.354238776218614255e-06
2.452626316919624805e+06 -2.901424480130539975e-08 6.353953346766566959e-06
2.452626316977524664e+06 -8.244387983723728062e-08 6.339371126788481268e-06
2.452626317035424523e+06 -1.355226314819114281e-07 6.313053890014436813e-06
2.452626317093324382e+06 -3.977019892297658229e-07 6.253976446650606080e-06
2.452626317151224241e+06 -8.389263340278765935e-08 6.194527211833420568e-06
2.452626317209124099e+06 3.564171136918118907e-08 6.171483425208090188e-06
2.452626317267023958e+06 -7.032589241582224722e-08 6.147966883640042324e-06
2.452626317324923817e+06 -9.352436080851235695e-08 6.110321341615327070e-06
2.452626317382823676e+06 3.031692690558798516e-07 6.105624861800091135e-06
2.452626317440723535e+06 1.325717976722888151e-07 6.122782596114387596e-06
2.452626317498623393e+06 2.208624437270692607e-07 6.134175279657140305e-06
2.452626317556523252e+06 2.267568985728826580e-07 6.156211772554003973e-06
2.452626317614423111e+06 2.584211844054013646e-07 6.184395983018428012e-06
2.452626317672322970e+06 3.278669359148883690e-07 6.225337079179575078e-06
2.452626317730222829e+06 2.890777145896408213e-07 6.273350575237380041e-06
2.452626317788122687e+06 2.958647887723127907e-07 6.322958501407624001e-06
2.452626317846022546e+06 -5.189527594580687616e-08 6.344531738268406662e-06
2.452626317903922405e+06 7.345917698075492478e-08 6.346835273819615655e-06
2.452626317961822264e+06 2.255955166278645173e-07 6.376083317772296026e-06
2.452626318019722123e+06 1.018964178914418046e-07 6.410760529832109034e-06
2.452626318077621982e+06 -1.261592493270554500e-07 6.414782090164613247e-06
2.452626318135521840e+06 1.818739145168126366e-07 6.426770439912878800e-06
2.452626318193421699e+06 -5.533707271762587830e-08 6.446541211758282230e-06
2.452626318251321558e+06 -6.839514283012956795e-08 6.443932826488414132e-06
2.452626318309221417e+06 -5.264586694974631710e-08 6.441181288654342419e-06
2.452626318367121276e+06 -1.044686738303494412e-07 6.434555933564549476e-06
2.452626318425021134e+06 -8.903558879589221308e-08 6.423686208520770209e-06
2.452626318482920993e+06 -2.842925440907255702e-07 6.394442552399405168e-06
2.452626318540820852e+06 3.860038218797067395e-09 6.371395064108359640e-06
2.452626318598720711e+06 2.021383098574412509e-07 6.392943405950771647e-06
2.452626318656620570e+06 2.027637916078698970e-07 6.435517064365136113e-06
2.452626318714520428e+06 5.346246770386040336e-08 6.467572443385977467e-06
2.452626318772420287e+06 -1.022010655369744994e-07 6.473066252248953032e-06
2.452626318830320146e+06 8.294879584748729572e-08 6.481655985550058140e-06
2.452626318888220005e+06 -2.333960260612942316e-08 6.498340107189729463e-06
2.452626318946119864e+06 -1.681387715667152656e-07 6.492144865349829342e-06
2.452626319004019722e+06 -1.428604128346586784e-07 6.473619629967988510e-06
2.452626319061919581e+06 -7.725535524420655025e-08 6.461877308572579210e-06
2.452626319119819440e+06 -2.735496063855158868e-07 6.436300415055322288e-06
2.452626319177719299e+06 -6.205983398435327110e-08 6.409692538382475662e-06
2.452626319235619158e+06 1.916734328535530733e-08 6.408667469359188334e-06
2.452626319293519016e+06 2.793999766824423682e-08 6.416114913763014544e-06
2.452626319351418875e+06 -1.870922191570098510e-08 6.420522563227785353e-06
2.452626319409318734e+06 -5.438853822172850594e-08 6.417339831914382779e-06
2.452626319467218593e+06 4.650520256971096729e-09 6.416029551192795081e-06
2.452626319525118452e+06 2.629922089374674954e-07 6.444991798905159968e-06
2.452626319583018310e+06 -4.561057370894503389e-08 6.471638196930738510e-06
2.452626319640918169e+06 -7.982448367422011646e-09 6.474507355763330964e-06
2.452626319698818028e+06 1.712431797555882043e-07 6.498241841151515925e-06
2.452626319756717887e+06 -1.687596023988977481e-07 6.508443108136442936e-06
2.452626319814617746e+06 -1.935409184719086498e-07 6.484265425328661650e-06
2.452626319872517604e+06 1.742714724467665197e-08 6.475508576907295811e-06
2.452626319930417463e+06 2.133821430323772393e-07 6.504791436180446628e-06
2.452626319988317322e+06 1.692983643048885385e-07 6.551038505693523326e-06
2.452626320046217181e+06 9.474476901380613231e-09 6.581535035910762581e-06
2.452626320104117040e+06 7.745198515106881201e-08 6.605516911715123391e-06
2.452626320162016898e+06 1.965816361032291587e-07 6.649097972303860633e-06
2.452626320219916757e+06 -9.939597363576243610e-08 6.679020730334783362e-06
2.452626320277816616e+06 -5.119610671489421733e-08 6.687145152063096535e-06
2.452626320335716475e+06 2.542542123215421072e-08 6.707212356160879781e-06
2.452626320393616334e+06 -3.998284802843050134e-08 6.729351210024423498e-06
2.452626320451516192e+06 -1.489402167196820713e-07 6.735875238270048847e-06
2.452626320509416051e+06 -2.796513233843843200e-07 6.719064891713530796e-06
2.452626320567315910e+06 -1.291911024359957849e-08 6.712882785697899508e-06
2.452626320625215769e+06 3.857024751255257011e-08 6.735801038780709114e-06
