2.452554230986000039e+06 0.000000000000000000e+00 0.000000000000000000e+00
2.452554231055399869e+06 1.462020955013834730e-07 1.697141121351721543e-08
2.452554231124799699e+06 1.022913833464854434e-07 4.763140797240236543e-08
2.452554231194199529e+06 -2.490004581436260101e-08 6.164352631313474685e-08
2.452554231263599358e+06 -5.481126958071776496e-08 5.873574214284601302e-08
2.452554231332999188e+06 -7.941716541642897045e-08 4.894975026613141711e-08
2.452554231402399018e+06 2.526706179440508968e-08 4.717955594603082629e-08
2.452554231471798848e+06 8.188132027093226280e-08 6.374284927675229108e-08
2.452554231541198678e+06 2.750987972747971671e-08 8.214057919333789297e-08
2.452554231610598508e+06 1.699379393691558974e-07 1.124665860931913631e-07
2.452554231679998338e+06 9.864125542426930216e-08 1.539595922804884878e-07
2.452554231749398168e+06 -6.888579896700159254e-08 1.717154361234510479e-07
2.452554231818797998e+06 -1.815143844765696775e-08 1.771998920148039692e-07
2.452554231888197828e+06 1.132724492963531222e-07 2.037281295079892440e-07
2.452554231957597658e+06 8.724509465838372294e-08 2.446101513111711948e-07
2.452554232026997488e+06 1.488803976479067555e-07 2.931728737920294500e-07
2.452554232096397318e+06 9.790806516017038322e-09 3.369519875543040958e-07
2.452554232165797148e+06 9.328561604418797743e-08 3.777819283595295843e-07
2.452554232235196978e+06 9.352259693652946908e-08 4.313450204019961676e-07
2.452554232304596808e+06 6.312987016320800408e-08 4.856168988366116368e-07
2.452554232373996638e+06 6.476398584143621209e-08 5.406222654619171792e-07
2.452554232443396468e+06 -6.682530264216483690e-09 5.914571194468773859e-07
2.452554232512796298e+06 -6.885767434366844013e-08 6.300486083915446195e-07
2.452554232582196128e+06 -2.886307933993242357e-07 6.376658263769277207e-07
2.452554232651595958e+06 9.523962276372106274e-09 6.526685432513425639e-07
2.452554232720995788e+06 -3.024370643412280607e-07 6.651082136864653922e-07
2.452554232790395617e+06 -2.899355744366330960e-07 6.414939192460668671e-07
2.452554232859795447e+06 -1.950921121254148416e-07 6.251513332869801898e-07
2.452554232929195277e+06 -1.111637478184634234e-07 6.252482726086139734e-07
2.452554232998595107e+06 -1.232464032856244829e-07 6.312112780985494537e-07
2.452554233067994937e+06 -8.100478408607118714e-08 6.388555224207474698e-07
2.452554233137394767e+06 -2.308788415311870580e-07 6.323759595040093870e-07
2.452554233206794597e+06 -9.634002360737498551e-08 6.209848494387339034e-07
2.452554233276194427e+06 -1.545441779280641863e-07 6.148634736155921926e-07
2.452554233345594257e+06 -2.629408679501707154e-07 5.864636116325772759e-07
2.452554233414994087e+06 2.060216541211730451e-07 5.946721568946473191e-07
2.452554233484393917e+06 -2.539485486355556553e-07 6.027537684896210201e-07
2.452554233553793747e+06 -4.788759059134948901e-07 5.301774012865348303e-07
2.452554233623193577e+06 -3.293896229234946829e-07 4.390991135794669583e-07
2.452554233692593407e+06 -1.843198249498260555e-07 3.708280191105781989e-07
2.452554233761993237e+06 -1.877218977351991230e-07 3.104718212109542850e-07
2.452554233831393067e+06 -1.567964411879453430e-07 2.459683360704475951e-07
2.452554233900792897e+06 -1.932641364397873873e-07 1.733540618347547957e-07
2.452554233970192727e+06 -1.532399325218307996e-07 9.315598834723543924e-08
2.452554234039592557e+06 1.231570611244236923e-07 4.125317686646958274e-08
2.452554234108992387e+06 2.846135654471064144e-07 3.517053075815995432e-08
2.452554234178392217e+06 1.793255924229259356e-07 3.580021437512868255e-08
2.452554234247792047e+06 8.851250355642237879e-08 1.470227019836046020e-08
2.452554234317191876e+06 7.690698678327123046e-07 6.087011531114202406e-08
2.452554234386591706e+06 5.379395976324852642e-08 1.091743494250215891e-07
2.452554234455991536e+06 -1.205490197065061769e-07 6.051486228759885236e-08
2.452554234525391366e+06 -7.446644285811137241e-08 -7.205422424106775705e-09
2.452554234594791196e+06 7.230196073876480716e-08 -5.850627440527819586e-08
2.452554234664191026e+06 -2.253900580634108656e-08 -1.076760556127415216e-07
2.452554234733590856e+06 4.626596093214145922e-07 -1.149464567181675406e-07
2.452554234802990686e+06 1.884206402714529314e-08 -1.161020906807620194e-07
2.452554234872390516e+06 3.224370590203668208e-08 -1.651701804947913386e-07
2.452554234941790346e+06 -5.061938802825030517e-08 -2.253168508649922332e-07
2.452554235011190176e+06 -6.105283920800849719e-08 -3.002646904451553426e-07
2.452554235080590006e+06 1.294120839706118822e-07 -3.595992939955221576e-07
2.452554235149989836e+06 1.136057587631388211e-07 -4.019523611989691619e-07
2.452554235219389666e+06 2.643377306339213314e-07 -4.298570364437580801e-07
2.452554235288789496e+06 1.704351213114378344e-07 -4.506375504120269188e-07
2.452554235358189326e+06 3.807236897712422641e-07 -4.564820998520270661e-07
2.452554235427589156e+06 4.365226422681634800e-07 -4.283137515426517666e-07
2.452554235496988986e+06 1.865425568708196795e-07 -4.158869219301428688e-07
2.452554235566388816e+06 1.243020623290046798e-07 -4.346863416866633506e-07
2.452554235635788646e+06 1.708063182501348013e-07 -4.536872590648104525e-07
2.452554235705188476e+06 1.601362884847491583e-07 -4.668707891682498611e-07
2.452554235774588306e+06 2.151784152157311054e-07 -4.725751355986020962e-07
2.452554235843988135e+06 2.896163286385447567e-08 -4.903575176093428472e-07
2.452554235913387965e+06 1.574193535064683408e-07 -5.130005941814698592e-07
2.452554235982787795e+06 2.719406914323674952e-07 -5.060889970490170708e-07
2.452554236052187625e+06 3.638810536157216511e-08 -5.086803300148626808e-07
2.452554236121587455e+06 1.378175450664023878e-09 -5.392266827736428094e-07
2.452554236190987285e+06 8.976125933129610102e-09 -5.725418335487703546e-07
2.452554236260387115e+06 1.115759712308670288e-07 -5.928994022521181093e-07
2.452554236329786945e+06 2.125353597796439545e-07 -5.880205813287946160e-07
2.452554236399186775e+06 -6.019367571460943277e-08 -5.987717619390567670e-07
2.452554236468586605e+06 2.321268139094947131e-08 -6.289563840328914547e-07
2.452554236537986435e+06 4.773539230624307084e-08 -6.461896045202330621e-07
2.452554236607386265e+06 7.108231628456908207e-09 -6.634595138033771538e-07
2.452554236676786095e+06 -3.261800519757782622e-08 -6.882539645857942403e-07
2.452554236746185925e+06 -2.277549555107205463e-08 -7.155483619572220426e-07
2.452554236815585755e+06 5.571941853923278627e-08 -7.318916636061479690e-07
2.452554236884985585e+06 2.774948815661617282e-08 -7.405008302365677127e-07
2.452554236954385415e+06 6.206325029248448510e-08 -7.457197640351968931e-07
2.452554237023785245e+06 2.892073660556531428e-07 -7.176468858415624382e-07
2.452554237093185075e+06 8.582389067038546962e-08 -6.804074667956394967e-07
2.452554237162584905e+06 1.059527710652147067e-07 -6.572741492781989431e-07
2.452554237231984735e+06 5.141268165512462258e-08 -6.327411856366320780e-07
2.452554237301384564e+06 1.071229124813057043e-07 -6.027474750408987939e-07
2.452554237370784394e+06 -3.564894610547499745e-08 -5.771805834087944402e-07
2.452554237440184224e+06 -9.568095631741843110e-08 -5.702036421215022574e-07
2.452554237509584054e+06 -1.163395805910434638e-07 -5.698708722932933572e-07
2.452554237578983884e+06 -2.519762371396554757e-07 -5.858437909068035036e-07
2.452554237648383714e+06 -3.523931090231061549e-07 -6.292741047326927446e-07
2.452554237717783544e+06 -1.467824347968321729e-07 -6.635722902572134667e-07
2.452554237787183374e+06 -9.523534657145763675e-08 -6.701030455216876778e-07
2.452554237856583204e+06 -2.061288723852999266e-07 -6.826478097664516668e-07
2.452554237925983034e+06 -3.690615636588530795e-08 -6.882992930696116215e-07
2.452554237995382864e+06 -9.663477828527219334e-08 -6.804673671282807930e-07
2.452554238064782694e+06 5.000445718438256115e-08 -6.604423277611574388e-07
2.452554238134182524e+06 3.725985501000718562e-08 -6.216265177092704035e-07
2.452554238203582354e+06 9.497605554425299718e-09 -5.824618348723269108e-07
2.452554238272982184e+06 -1.233495437309134281e-08 -5.442437116850669831e-07
2.452554238342382014e+06 9.320296220593005323e-08 -4.918812384402029421e-07
2.452554238411781844e+06 -9.974007640674855928e-08 -4.440047385979990539e-07
2.452554238481181674e+06 -5.170336162251545189e-08 -4.081021540641521445e-07
2.452554238550581504e+06 -1.134365758529966072e-07 -3.705404619447656860e-07
2.452554238619981334e+06 -1.627496871811498288e-07 -3.427154477692283543e-07
2.452554238689381164e+06 -1.154703018063436361e-07 -3.132900341753893808e-07
2.452554238758780994e+06 -2.516904198891660440e-07 -2.924182030056791046e-07
2.452554238828180823e+06 -2.559740997136875959e-07 -2.872380506468591469e-07
2.452554238897580653e+06 -1.199869232394473861e-07 -2.680298205242195134e-07
2.452554238966980483e+06 -3.109590327517719781e-07 -2.551005275882704771e-07
2.452554239036380313e+06 -1.795808236156221878e-07 -2.498366047748478815e-07
2.452554239105780143e+06 -1.744524594517230712e-07 -2.304436918427532731e-07
2.452554239175179973e+06 -1.772009438623144851e-07 -2.110943845200913991e-07
2.452554239244579803e+06 -3.227551403561445439e-07 -2.094430350742782243e-07
2.452554239313979633e+06 -2.466181388788137718e-07 -2.183757821374950726e-07
2.452554239383379463e+06 -1.829511472264029191e-07 -2.148150415932992232e-07
2.452554239452779293e+06 -6.000224301775936088e-08 -1.920198772731745034e-07
2.452554239522179123e+06 -1.924235724928556087e-07 -1.707619734976288774e-07
2.452554239591578953e+06 -4.055255014187039178e-09 -1.437415413955697004e-07
2.452554239660978783e+06 -1.282673595757425333e-07 -1.095076713428857940e-07
2.452554239730378613e+06 -1.721888707656946621e-07 -9.438725375007250476e-08
2.452554239799778443e+06 -2.806887758167667766e-08 -6.942995024007360619e-08
2.452554239869178273e+06 -9.168108303173297319e-08 -3.594733151580882011e-08
2.452554239938578103e+06 -1.592758024307406582e-07 -1.771096546765903749e-08
2.452554240007977933e+06 -1.621329058598592093e-07 -9.430504394123848940e-09
2.452554240077377763e+06 -1.572940796089676944e-07 -3.831174592236038862e-09
2.452554240146777593e+06 -2.909800179271879772e-07 -1.641031598570452653e-08
2.452554240216177423e+06 -2.703876207201718932e-07 -4.728764276356194454e-08
2.452554240285577253e+06 -3.443766763881990940e-07 -9.141738089877065205e-08
2.452554240354977082e+06 -2.752238879461671592e-07 -1.444276257622405462e-07
2.452554240424376912e+06 -6.425172422652222284e-08 -1.739753888778729924e-07
2.452554240493776742e+06 -5.717033941611605324e-08 -1.844981894754275622e-07
2.452554240563176572e+06 -8.517960377554347396e-08 -2.015200167905134288e-07
2.452554240632576402e+06 -1.664498045933733821e-07 -2.358714196914866155e-07
2.452554240701976232e+06 1.057263944139379105e-07 -2.544087502625908330e-07
2.452554240771376062e+06 4.616571183503646110e-08 -2.526999211736984104e-07
2.452554240840775892e+06 -3.043041640463644881e-08 -2.688975227897775864e-07
2.452554240910175722e+06 -8.560082996932528953e-08 -3.043088188904069140e-07
2.452554240979575552e+06 3.070816535448216585e-08 -3.384283840721502215e-07
2.452554241048975382e+06 -6.286234392532450449e-08 -3.753328234042469338e-07
2.452554241118375212e+06 1.123657135909636704e-07 -4.082370158193689367e-07
2.452554241187775042e+06 1.042564469248350482e-07 -4.265344142194886492e-07
2.452554241257174872e+06 3.633330919730113908e-08 -4.566414861176473527e-07
2.452554241326574702e+06 -6.635189567802689895e-08 -5.106041453311725519e-07
2.452554241395974532e+06 2.498359992438095707e-08 -5.722455635996881075e-07
2.452554241465374362e+06 9.478695232616582384e-08 -6.220324448824963013e-07
2.452554241534774192e+06 2.563304414393842906e-07 -6.501836877474999552e-07
2.452554241604174022e+06 2.753872887172570065e-07 -6.599543722286402462e-07
2.452554241673573852e+06 1.867582764631874528e-07 -6.781778074641428085e-07
2.452554241742973682e+06 2.661795731718431374e-07 -6.985798137945125726e-07
2.452554241812373511e+06 3.645254599266162330e-07 -6.994911778832080371e-07
2.452554241881773341e+06 2.270677169242979503e-07 -7.038017941413169505e-07
2.452554241951173171e+06 2.848062434508382070e-07 -7.164639464675917455e-07
2.452554242020573001e+06 2.271585244930688337e-07 -7.289745282084090251e-07
2.452554242089972831e+06 1.673236986862388958e-07 -7.548083015067297298e-07
2.452554242159372661e+06 3.440739599125020275e-07 -7.680284743093010148e-07
2.452554242228772491e+06 4.759943286239000034e-07 -7.448301811568073462e-07
2.452554242298172321e+06 3.984303000749450298e-07 -7.106951978303785578e-07
2.452554242367572151e+06 3.856403847989969884e-07 -6.812489246593519959e-07
2.452554242436971981e+06 4.265081774753570375e-07 -6.432919042669946416e-07
2.452554242506371811e+06 4.288804422073867278e-07 -5.941937675206380211e-07
2.452554242575771641e+06 1.535652447303528062e-07 -5.695470517902859858e-07
2.452554242645171471e+06 2.137998601985931383e-07 -5.653808245528275101e-07
2.452554242714571301e+06 2.001813782412220983e-07 -5.535559268614241231e-07
2.452554242783971131e+06 2.846180509362730405e-07 -5.304228103415929128e-07
2.452554242853370961e+06 1.070551971035925543e-07 -5.138145574995593130e-07
2.452554242922770791e+06 1.515716034862303412e-08 -5.249561095964894729e-07
2.452554242992170621e+06 1.264944735432772870e-07 -5.333172870558319311e-07
2.452554243061570451e+06 1.507645088590593616e-07 -5.250551214200325223e-07
2.452554243130970281e+06 -3.199490364695288783e-08 -5.324827781389006777e-07
2.452554243200370111e+06 -3.803512697824197375e-08 -5.608117308164054859e-07
2.452554243269769941e+06 1.495699354450893285e-07 -5.692445635970702051e-07
2.452554243339169770e+06 1.977610477426756343e-07 -5.492431420641233347e-07
2.452554243408569600e+06 1.004581290515340438e-07 -5.307995159013342204e-07
2.452554243477969430e+06 1.893899715018509851e-07 -5.094202819701318535e-07
2.452554243547369260e+06 3.049111017339181216e-07 -4.601563582776578596e-07
2.452554243616769090e+06 1.775598106497813230e-07 -4.052197676777620684e-07
2.452554243686168920e+06 1.194620357739097667e-07 -3.643554418262741756e-07
2.452554243755568750e+06 1.385477906897039989e-07 -3.222964478899784142e-07
2.452554243824968580e+06 3.061723429044272315e-07 -2.528954319602291506e-07
2.452554243894368410e+06 1.095694581493737048e-07 -1.784597601199376956e-07
2.452554243963768240e+06 2.784067890330713708e-08 -1.276977854890961970e-07
2.452554244033168070e+06 -1.678412083849029025e-07 -1.033614564280695484e-07
2.452554244102567900e+06 -9.291226485144564138e-08 -9.033682531513628928e-08
2.452554244171967730e+06 -3.094687101940268694e-08 -6.007503634814905545e-08
2.452554244241367560e+06 -7.711126798542052562e-08 -2.489727732671875294e-08
2.452554244310767390e+06 -1.976078193158330793e-07 -5.629118668561154651e-09
2.452554244380167220e+06 -2.651858619808677281e-07 -6.646750534423724806e-09
2.452554244449567050e+06 -4.577074195679935548e-07 -3.861012344543236171e-08
2.452554244518966880e+06 -2.805052422233654607e-07 -7.646575528615859592e-08
2.452554244588366710e+06 -1.901296562160969699e-07 -8.793684320523548901e-08
2.452554244657766540e+06 -2.870209782361463661e-07 -1.019233904336083062e-07
2.452554244727166370e+06 -3.845585274955704967e-07 -1.405038091132954418e-07
2.452554244796566200e+06 -2.635999584951349733e-07 -1.810029231451538738e-07
2.452554244865966029e+06 -3.553952069244714454e-07 -2.228479074345732627e-07
2.452554244935365859e+06 -3.729106316188129772e-07 -2.821332818516181379e-07
2.452554245004765689e+06 -3.180691069189442726e-07 -3.435684541117377299e-07
2.452554245074165519e+06 -2.597928370931966992e-07 -3.983823861657399136e-07
2.452554245143565349e+06 -1.780801374343439216e-07 -4.425318968190365248e-07
2.452554245212965179e+06 -2.776005264652317344e-07 -4.929986803205622230e-07
2.452554245282365009e+06 -2.519954956856027578e-07 -5.568131504346936682e-07
2.452554245351764839e+06 -2.069298827818850851e-07 -6.184359339559715370e-07
2.452554245421164669e+06 -1.548363429806695942e-07 -6.743241569572435874e-07
2.452554245490564499e+06 -1.659511845061116429e-07 -7.301589701682917261e-07
2.452554245559964329e+06 -1.398742243382698512e-07 -7.887481998727336180e-07
2.452554245629364159e+06 -1.018434191931420726e-07 -8.444756008524314347e-07
2.452554245698763989e+06 1.798776709000290245e-08 -8.859369217197397295e-07
2.452554245768163819e+06 4.602293115834225574e-07 -8.644822953687896579e-07
2.452554245837563649e+06 2.314977393656403326e-07 -8.136997585046663686e-07
2.452554245906963479e+06 -5.645484050759429431e-08 -8.153095164992920982e-07
2.452554245976363309e+06 2.516558633927265676e-08 -8.391013918545492062e-07
2.452554246045763139e+06 5.414371288325839489e-08 -8.506878069606687549e-07
2.452554246115162969e+06 4.125140133455980498e-08 -8.596882947432053388e-07
2.452554246184562799e+06 -2.263545267649955816e-08 -8.766083394663248530e-07
2.452554246253962629e+06 3.842001879623174427e-08 -8.937264765011690906e-07
2.452554246323362458e+06 2.327640720089160496e-08 -9.053957921846758701e-07
2.452554246392762288e+06 4.616061373642400806e-08 -9.154569389501850726e-07
2.452554246462162118e+06 -1.533594204245321242e-08 -9.291340210945836003e-07
2.452554246531561948e+06 1.908566284757871549e-08 -9.454986852983604574e-07
2.452554246600961778e+06 9.315689630117340203e-08 -9.491149230567639900e-07
2.452554246670361608e+06 1.556000474874422640e-07 -9.353726855766625613e-07
2.452554246739761438e+06 -1.341786333672570834e-08 -9.306897197278148773e-07
2.452554246809161268e+06 3.816223798422016427e-08 -9.374190674747589390e-07
2.452554246878561098e+06 9.099608095632084590e-08 -9.311216698116918823e-07
2.452554246947960928e+06 1.264011715652962957e-07 -9.123360201646328615e-07
2.452554247017360758e+06 8.524667733401459355e-08 -8.907408609132385151e-07
2.452554247086760588e+06 3.783760447668036808e-08 -8.758016891426372048e-07
2.452554247156160418e+06 -2.170711369685711843e-09 -8.682632743830039321e-07
2.452554247225560248e+06 1.605461710430178110e-07 -8.446688344677460573e-07
2.452554247294960078e+06 -1.014646137902951415e-08 -8.185890602137255814e-07
2.452554247364359908e+06 -2.095314481127314388e-08 -8.100786195101476467e-07
2.452554247433759738e+06 2.009257520781625947e-07 -7.756334609159080240e-07
2.452554247503159568e+06 3.605181271535552514e-08 -7.304881288552579124e-07
2.452554247572559398e+06 -5.209036154084329311e-08 -7.097052137554807754e-07
2.452554247641959228e+06 3.832120621832627155e-08 -6.865151716596991057e-07
2.452554247711359058e+06 -9.580396012127606240e-08 -6.661679815074039405e-07
2.452554247780758888e+06 -6.552993156037066675e-08 -6.561247957430746926e-07
2.452554247850158717e+06 -9.241052822933320551e-08 -6.452013463726166684e-07
2.452554247919558547e+06 -3.740891113603833108e-08 -6.305545177372883068e-07
2.452554247988958377e+06 -1.448353856937995320e-07 -6.212563486463926859e-07
2.452554248058358207e+06 -1.065759620590976694e-07 -6.199517852951963878e-07
2.452554248127758037e+06 -1.117900119341850513e-07 -6.157356989725829154e-07
2.452554248197157867e+06 2.734298238800266148e-08 -5.966574297410132097e-07
2.452554248266557697e+06 4.918215937819545069e-08 -5.580629093036837843e-07
2.452554248335957527e+06 7.916896882978607476e-09 -5.189323079607226685e-07
2.452554248405357357e+06 -1.465326974623032094e-08 -4.845587978972716588e-07
2.452554248474757187e+06 -3.061471105705108066e-08 -4.527092116444788139e-07
2.452554248544157017e+06 8.121232983527720714e-09 -4.167122188038168791e-07
2.452554248613556847e+06 -9.019562437904839042e-08 -3.858469202823931894e-07
2.452554248682956677e+06 -6.148949620566348761e-10 -3.549339298253133029e-07
2.452554248752356507e+06 8.221898260518288639e-09 -3.116805383242918464e-07
2.452554248821756337e+06 3.605038779175670406e-09 -2.658484677900978403e-07
2.452554248891156167e+06 -1.394630129293299802e-07 -2.349832966314307382e-07
2.452554248960555997e+06 1.212490526312276029e-08 -2.027463535705112243e-07
2.452554249029955827e+06 2.584402177364562534e-08 -1.509243328189044078e-07
2.452554249099355657e+06 5.273467838074324736e-08 -9.203114171741191286e-08
2.452554249168755487e+06 -1.184616708473231615e-07 -4.697655296344787225e-08
2.452554249238155317e+06 -6.241755292888896515e-09 -7.558019514528324176e-09
2.452554249307555147e+06 -1.441343100726422056e-07 2.932036034100920060e-08
2.452554249376954976e+06 -1.471914198064664438e-07 4.986476310078462954e-08
2.452554249446354806e+06 -2.046250215499154857e-07 6.154410378937765269e-08
2.452554249515754636e+06 -1.050381573202264481e-07 7.526941892779946258e-08
2.452554249585154466e+06 -1.346671930828394081e-07 9.447282196723882146e-08
2.452554249654554296e+06 -9.849572098502811470e-08 1.123660802169302076e-07
2.452554249723954126e+06 -1.358836513093745544e-07 1.278840600408163354e-07
2.452554249793353956e+06 -1.261409726493339970e-07 1.376931798554907847e-07
2.452554249862753786e+06 1.394154352353218962e-09 1.603324685517255903e-07
2.452554249932153616e+06 -1.578806622372886312e-07 1.775875402046098485e-07
2.452554250001553446e+06 -1.255764444154005827e-07 1.778215125130945148e-07
2.452554250070953276e+06 -2.348089915945133035e-07 1.650431810749254896e-07
2.452554250140353106e+06 -2.757275113924126483e-07 1.294514723373023671e-07
2.452554250209752936e+06 -2.236221834590696933e-07 8.748258371697097138e-08
2.452554250279152766e+06 -6.785557603306702088e-08 6.152766374067900258e-08
2.452554250348552596e+06 2.821169969225361858e-10 5.543560016953294205e-08
2.452554250417952426e+06 -1.357481782835267192e-07 3.768298914706399821e-08
2.452554250487352256e+06 -8.422643415564343099e-08 5.251849997688167309e-09
2.452554250556752086e+06 1.105363765482237898e-07 -4.822973640027634890e-09
2.452554250626151916e+06 9.037079322039807799e-08 1.791790301807103191e-09
2.452554250695551746e+06 1.707172301713537791e-07 1.378474364008509805e-08
2.452554250764951576e+06 3.113245338540291517e-08 1.799356554326645716e-08
2.452554250834351406e+06 -1.382727252315396442e-08 -8.552862786902891851e-10
2.452554250903751235e+06 4.218219236491035710e-07 2.167985046123173204e-08
2.452554250973151065e+06 1.040460050308337023e-07 5.857321379103048667e-08
2.452554251042550895e+06 8.651358638825710926e-08 5.881870752438388475e-08
2.452554251111950725e+06 1.456232578040368259e-07 6.225554794522081751e-08
2.452554251181350555e+06 1.885394477519075724e-07 7.638271601996626585e-08
2.452554251250750385e+06 5.580182172701026279e-08 8.020158222724246053e-08
2.452554251320150215e+06 1.207247006126796973e-07 7.525188121800294378e-08
2.452554251389550045e+06 1.589266260859556569e-07 8.056272487255413882e-08
2.452554251458949875e+06 1.720767611736272416e-07 9.137643223833319658e-08
2.452554251528349705e+06 1.479096171390176605e-07 1.011574133043294615e-07
2.452554251597749535e+06 2.092737307662139322e-07 1.154851973958157746e-07
2.452554251667149365e+06 2.910519948919363170e-07 1.472383466525323408e-07
2.452554251736549195e+06 3.115037653890754283e-07 1.936047346036904467e-07
2.452554251805949025e+06 3.842976057000123014e-08 2.149597677604535431e-07
2.452554251875348855e+06 2.574353157274322192e-07 2.316225390864282815e-07
2.452554251944748685e+06 6.474987260583198384e-08 2.524549817970898501e-07
2.452554252014148515e+06 6.081590369711842452e-08 2.520697811321100410e-07
2.452554252083548345e+06 3.626662145018779220e-08 2.477436946738448055e-07
2.452554252152948175e+06 6.646916321578926016e-08 2.431221011001371554e-07
2.452554252222348005e+06 6.213029002559441831e-08 2.406374004201390964e-07
2.452554252291747835e+06 1.612919803183340592e-07 2.486411133750782021e-07
2.452554252361147664e+06 2.091786536034708485e-08 2.525721943438909916e-07
2.452554252430547494e+06 1.027603025738558869e-07 2.500522981478773582e-07
2.452554252499947324e+06 2.033952912119802646e-07 2.684480154901376772e-07
2.452554252569347154e+06 1.664772201305067797e-07 2.963102334399488955e-07
2.452554252638746984e+06 1.075326738070822073e-07 3.161462653918797261e-07
2.452554252708146814e+06 1.610341963753840986e-07 3.375729392598439185e-07
2.452554252777546644e+06 1.697659702948991892e-07 3.686193426761790664e-07
2.452554252846946474e+06 -1.456345906131937677e-07 3.674833159880725227e-07
2.452554252916346304e+06 -2.808282322852601028e-07 3.139682835077149535e-07
2.452554252985746134e+06 -8.591084922409123735e-08 2.617796200016931694e-07
2.452554253055145964e+06 -1.460751731734741029e-07 2.200305313821081689e-07
2.452554253124545794e+06 -1.408099750881069810e-07 1.680825121408825832e-07
2.452554253193945624e+06 -6.270838597392835770e-08 1.211190113388954215e-07
2.452554253263345454e+06 9.883970219664415606e-09 8.775053585259443001e-08
2.452554253332745284e+06 -4.310946475352127892e-08 5.445657474632595005e-08
2.452554253402145114e+06 -6.610887690787639597e-08 1.034015202159363005e-08
2.452554253471544944e+06 -4.408982995082496803e-09 -3.225410997283259032e-08
2.452554253540944774e+06 3.813768827454122570e-08 -6.533010823927368987e-08
2.452554253610344604e+06 5.544010612956845893e-08 -9.280821987280483122e-08
2.452554253679744434e+06 6.410393921235602360e-08 -1.178471515492350639e-07
2.452554253749144264e+06 2.999254173083554999e-08 -1.460049242291387491e-07
2.452554253818544094e+06 3.026463641275146221e-08 -1.784553105681129437e-07
2.452554253887943923e+06 3.852227729750520656e-08 -2.106003118970268267e-07
2.452554253957343753e+06 -2.180691037054259876e-08 -2.492938225759823759e-07
2.452554254026743583e+06 -4.124965650836192925e-08 -2.983107266011061579e-07
2.452554254096143413e+06 1.059493345427370577e-08 -3.455744828696845102e-07
2.452554254165543243e+06 1.857201633845658559e-08 -3.875229118382386707e-07
2.452554254234943073e+06 1.461302942022199113e-07 -4.146185765153465041e-07
2.452554254304342903e+06 4.880062540151147511e-08 -4.373431959828977401e-07
2.452554254373742733e+06 4.333669712501771427e-08 -4.705787719259312715e-07
2.452554254443142563e+06 2.180400448142919869e-07 -4.838035773232880011e-07
2.452554254512542393e+06 1.437863168874095216e-07 -4.827653105025536556e-07
2.452554254581942223e+06 1.379833795489786998e-07 -4.868770687963712528e-07
2.452554254651342053e+06 1.655388638451916203e-07 -4.849189072274486581e-07
2.452554254720741883e+06 1.836396829798407583e-07 -4.735060804969589722e-07
2.452554254790141713e+06 1.392163820385089004e-07 -4.600545037956691568e-07
2.452554254859541543e+06 8.410521566475905062e-08 -4.529612319086000329e-07
2.452554254928941373e+06 -4.606064094174784290e-08 -4.629932492864167518e-07
2.452554254998341203e+06 -1.624238134143780559e-07 -4.992111641111778077e-07
2.452554255067741033e+06 -1.342693792313236072e-07 -5.460992707593242195e-07
2.452554255137140863e+06 -1.825065957231802870e-07 -5.968597011728707288e-07
2.452554255206540693e+06 -8.144999720170412163e-08 -6.433752384841752744e-07
2.452554255275940523e+06 -5.915264676486376335e-08 -6.769220701187540662e-07
2.452554255345340353e+06 9.042225583872312973e-08 -6.904162195318260010e-07
2.452554255414740182e+06 3.575244111663080382e-07 -6.532815196085960728e-07
2.452554255484140012e+06 4.177835885261420641e-08 -6.141844180285089023e-07
2.452554255553539842e+06 -1.902704697404835112e-07 -6.311174030308910852e-07
2.452554255622939672e+06 -6.312827368397368412e-08 -6.589373496998023305e-07
2.452554255692339502e+06 -7.367638023163131668e-08 -6.731726403105355463e-07
2.452554255761739332e+06 -3.823325311256101082e-08 -6.830532698239349593e-07
2.452554255831139162e+06 -1.253768508976365849e-07 -6.970944842899482358e-07
2.452554255900538992e+06 -2.629005515685980688e-07 -7.359273147714100545e-07
2.452554255969938822e+06 -1.450003972086741788e-08 -7.633461522264177108e-07
2.452554256039338652e+06 2.516702097741572435e-07 -7.312717966353891257e-07
2.452554256108738482e+06 -1.400294288580483793e-07 -7.076918114642022828e-07
2.452554256178138312e+06 2.374706247235660453e-07 -6.808586663060502638e-07
2.452554256247538142e+06 1.412666385526051161e-07 -6.163649831136270001e-07
2.452554256316937972e+06 -2.413200019906137635e-07 -5.986753699096829923e-07
2.452554256386337802e+06 -3.545608838769000107e-07 -6.351753697682715722e-07
2.452554256455737632e+06 -3.218744864597875133e-07 -6.836875078931780439e-07
2.452554256525137462e+06 -2.591627524827802750e-07 -7.251020185748775184e-07
2.452554256594537292e+06 -2.498003307183933714e-07 -7.613467255324545487e-07
2.452554256663937122e+06 -2.698919359928712368e-07 -8.014792029560247178e-07
2.452554256733336952e+06 -1.124479605883700386e-07 -8.287370817860212111e-07
2.452554256802736782e+06 -1.515193006380549354e-07 -8.439388480452798157e-07
2.452554256872136611e+06 -1.604588590705436955e-07 -8.651444630859430529e-07
2.452554256941536441e+06 -1.576610550347552564e-07 -8.882120522658596237e-07
2.452554257010936271e+06 -2.367201328465131276e-07 -9.215319452851619352e-07
2.452554257080336101e+06 -2.754672872750561319e-07 -9.710644118788952310e-07
2.452554257149735931e+06 -1.949112376551659592e-07 -1.020013981000449114e-06
2.452554257219135761e+06 -1.697201636850812497e-07 -1.060830432153419619e-06
2.452554257288535591e+06 -6.486969582502377873e-08 -1.089754371588630831e-06
2.452554257357935421e+06 -1.938379031077355339e-07 -1.123364764153754895e-06
2.452554257427335251e+06 -2.262969096434874018e-07 -1.178097588064015713e-06
2.452554257496735081e+06 -1.313039302194900130e-07 -1.230188704144536634e-06
2.452554257566134911e+06 -1.984375804546794030e-07 -1.283273600524067131e-06
2.452554257635534741e+06 -2.424122463682778613e-07 -1.353487489560025232e-06
2.452554257704934571e+06 -3.024688846313022942e-07 -1.441729088799598845e-06
2.452554257774334401e+06 -2.037692744944737118e-07 -1.533184014044211756e-06
2.452554257843734231e+06 -3.426114781151346309e-07 -1.637087874043808565e-06
2.452554257913134061e+06 -2.388848056946281011e-07 -1.753915320420384082e-06
2.452554257982533891e+06 -1.214306486570977112e-07 -1.854970611202259437e-06
2.452554258051933721e+06 -5.235329241177348624e-08 -1.942208164406908046e-06
2.452554258121333551e+06 1.354761093200738322e-08 -2.019805839274115769e-06
2.452554258190733381e+06 1.725787595926944955e-08 -2.094039682545805519e-06
2.452554258260133211e+06 6.289854038925635852e-08 -2.166655416119704809e-06
2.452554258329533041e+06 -5.163061703125985141e-08 -2.250971919332329584e-06
2.452554258398932870e+06 3.083731128845878079e-08 -2.343738746000443685e-06
2.452554258468332700e+06 -2.727880351931699418e-08 -2.439042001965608733e-06
2.452554258537732530e+06 1.242232245498464137e-07 -2.528839338792704690e-06
2.452554258607132360e+06 3.505736323553063281e-07 -2.579211528496020915e-06
2.452554258676532190e+06 2.762991079140022266e-07 -2.611864374132154161e-06
2.452554258745932020e+06 1.885738591509656198e-07 -2.661224481004605959e-06
2.452554258815331850e+06 1.462844463883439249e-07 -2.725301139237568159e-06
2.452554258884731680e+06 2.776017996787420709e-07 -2.780122513976147555e-06
2.452554258954131510e+06 2.062834603683266616e-07 -2.827901338066016524e-06
2.452554259023531340e+06 1.736636239201342147e-07 -2.886786500043756650e-06
2.452554259092931170e+06 2.957103243640771042e-07 -2.935422854583436281e-06
2.452554259162331000e+06 3.661760178110033601e-07 -2.960616358660245580e-06
2.452554259231730830e+06 2.592707194193402099e-07 -2.986349236594800920e-06
2.452554259301130660e+06 2.485695948015551838e-07 -3.022106589694611395e-06
2.452554259370530490e+06 2.605200275509845542e-07 -3.055174860359713989e-06
2.452554259439930320e+06 1.522197469904106387e-07 -3.096577699536538432e-06
2.452554259509330150e+06 1.564022904666779834e-07 -3.148105637725278730e-06
2.452554259578729980e+06 1.798615345716845092e-07 -3.195518629354184570e-06
2.452554259648129810e+06 1.943238820453799049e-07 -3.237122397869578137e-06
2.452554259717529640e+06 5.809320143586748191e-08 -3.290790805659297733e-06
2.452554259786929470e+06 2.835894781233365925e-08 -3.362927648674918760e-06
2.452554259856329300e+06 1.415496110162600005e-07 -3.426496664348600121e-06
2.452554259925729129e+06 6.533107912684129112e-08 -3.485853846394850786e-06
2.452554259995128959e+06 -4.763898223480090276e-08 -3.566711269929740412e-06
2.452554260064528789e+06 2.750579858781669855e-08 -3.653724356560716437e-06
2.452554260133928619e+06 9.680303259254010520e-08 -3.726242722952950362e-06
2.452554260203328449e+06 -5.404591723974518778e-08 -3.808777528496292349e-06
2.452554260272728279e+06 -2.974890626058549445e-08 -3.907505485320805849e-06
2.452554260342128109e+06 1.081224317251287517e-08 -4.001785781138380134e-06
2.452554260411527939e+06 6.289703580783925568e-08 -4.087705482757161940e-06
2.452554260480927769e+06 8.534056256511151282e-08 -4.166279458088148232e-06
2.452554260550327599e+06 1.044378131617234002e-07 -4.240390487454729632e-06
2.452554260619727429e+06 3.376251011490716476e-08 -4.320240680275620203e-06
2.452554260689127259e+06 1.790284173687467780e-07 -4.391688889070504117e-06
2.452554260758527089e+06 2.166841248918234504e-07 -4.441136422162995305e-06
2.452554260827926919e+06 1.973350699809571135e-07 -4.485251197782749036e-06
2.452554260897326749e+06 2.293693603793492141e-07 -4.524115527938418182e-06
2.452554260966726579e+06 3.053575634125311214e-07 -4.546129486491455292e-06
2.452554261036126409e+06 2.271046580126183536e-07 -4.562350601252593262e-06
2.452554261105526239e+06 2.651626306381492603e-07 -4.576691333179741616e-06
2.452554261174926069e+06 9.062715462982496426e-08 -4.600287876055679168e-06
2.452554261244325899e+06 3.635248143116468120e-09 -4.648823235351324672e-06
2.452554261313725729e+06 5.039227218934722688e-08 -4.699427278721669861e-06
2.452554261383125558e+06 4.631930918977524561e-08 -4.742760789367755973e-06
2.452554261452525388e+06 7.647270513906375289e-08 -4.780034778401477235e-06
2.452554261521925218e+06 3.066888051553950580e-08 -4.815537171706707694e-06
2.452554261591325048e+06 -1.770958255059173080e-07 -4.876814803822614746e-06
2.452554261660724878e+06 1.555250525086769690e-07 -4.922824253048000829e-06
2.452554261730124708e+06 1.190408426532392432e-08 -4.944523504067089641e-06
2.452554261799524538e+06 -1.006180117064924548e-07 -4.991081037396913801e-06
2.452554261868924368e+06 -1.282717391401100011e-07 -5.051881222368500555e-06
2.452554261938324198e+06 -1.657190253209603858e-07 -5.119831781733064316e-06
2.452554262007724028e+06 -2.677294263704278481e-07 -5.204376401591435608e-06
2.452554262077123858e+06 -2.610054341197636688e-07 -5.302182271881809144e-06
2.452554262146523688e+06 -2.813643880975959918e-07 -5.405146049692559335e-06
2.452554262215923518e+06 -2.374560004742531968e-07 -5.509407305227294366e-06
2.452554262285323348e+06 -1.203725071652437934e-07 -5.599031657231727937e-06
2.452554262354723178e+06 -1.458582748708235843e-07 -5.680382686514363242e-06
2.452554262424123008e+06 -2.190906236898554177e-07 -5.774593183485438070e-06
2.452554262493522838e+06 -1.896560098523409261e-07 -5.876618180460450576e-06
2.452554262562922668e+06 -1.285283201880952008e-07 -5.971603996815437156e-06
2.452554262632322498e+06 -4.779692973292692372e-08 -6.052720964718587079e-06
2.452554262701722328e+06 -2.108067915985334710e-09 -6.120181355195566031e-06
2.452554262771122158e+06 -2.042189378337560700e-08 -6.183977602263794290e-06
2.452554262840521988e+06 -5.283152954015736229e-08 -6.252792241464156901e-06
2.452554262909921817e+06 -5.840206549238889461e-08 -6.325708259495842764e-06
2.452554262979321647e+06 -3.487553331574564687e-08 -6.396681477778070628e-06
2.452554263048721477e+06 -8.818536289032590774e-08 -6.471043755604571431e-06
2.452554263118121307e+06 -6.562611150112393559e-08 -6.549277072725891108e-06
2.452554263187521137e+06 -1.145453884139520975e-07 -6.631282485497671065e-06
2.452554263256920967e+06 -9.610966386341562337e-08 -6.717925942391275819e-06
2.452554263326320797e+06 2.354495245443540097e-08 -6.790105910882942967e-06
2.452554263395720627e+06 -7.629949178468938493e-08 -6.859960531602270541e-06
2.452554263465120457e+06 -1.679213159089159466e-07 -6.951775481763991930e-06
2.452554263534520287e+06 -5.788056908295129860e-08 -7.043554277562439877e-06
2.452554263603920117e+06 -1.731473295694027027e-08 -7.119887420461659118e-06
2.452554263673319947e+06 -3.004713454300348142e-08 -7.193313796801082133e-06
2.452554263742719777e+06 -3.886272245076612511e-08 -7.269251053817332810e-06
2.452554263812119607e+06 3.379892320552816792e-10 -7.341947622751659703e-06
2.452554263881519437e+06 -7.743750334602570948e-09 -7.410972504206134850e-06
2.452554263950919267e+06 2.248616207242178915e-08 -7.476988503198592018e-06
2.452554264020319097e+06 3.311081823830299807e-08 -7.537531662488877894e-06
2.452554264089718927e+06 2.730736795426920646e-08 -7.596241816587552313e-06
2.452554264159118757e+06 3.731945239872543062e-08 -7.653058500057297820e-06
2.452554264228518587e+06 -4.238709542404731330e-08 -7.716431372008489194e-06
2.452554264297918417e+06 -6.189944341528540072e-08 -7.790570822168211250e-06
2.452554264367318247e+06 -3.222860678445413036e-08 -7.863990336427761907e-06
2.452554264436718076e+06 -1.525854666099637074e-07 -7.948338285733785126e-06
2.452554264506117906e+06 -3.124766473910203353e-07 -8.066808588294196376e-06
2.452554264575517736e+06 -1.504952409668125603e-07 -8.190253664753359373e-06
2.452554264644917566e+06 4.251517625213388573e-08 -8.278087972383009222e-06
2.452554264714317396e+06 -9.995790278850601726e-08 -8.361669471691242231e-06
2.452554264783717226e+06 -1.509833079498758212e-07 -8.468823433244705178e-06
2.452554264853117056e+06 2.661380090332757457e-07 -8.537078103173823706e-06
2.452554264922516886e+06 2.660997990477532750e-07 -8.556233863215077803e-06
2.452554264991916716e+06 3.209840850954824522e-08 -8.596646337814151811e-06
2.452554265061316546e+06 -1.563005769072886096e-07 -8.682661217534592274e-06
2.452554265130716376e+06 -1.740116809544368182e-07 -8.794181310314227814e-06
2.452554265200116206e+06 -1.239006504607273124e-07 -8.906213336033260919e-06
2.452554265269516036e+06 -1.455006933024502647e-07 -9.019131788317566499e-06
2.452554265338915866e+06 -1.892468417674398348e-07 -9.143787969569596940e-06
2.452554265408315696e+06 -1.399737554713340953e-07 -9.273063345967544254e-06
2.452554265477715526e+06 -1.386206513990235487e-07 -9.402022137223919177e-06
2.452554265547115356e+06 -1.592347970253658187e-07 -9.538526720321720658e-06
2.452554265616515186e+06 -9.769269580475362070e-08 -9.676177381817654247e-06
2.452554265685915016e+06 -1.188997125285939549e-08 -9.802492089861506363e-06
2.452554265755314846e+06 -7.554854275129701860e-10 -9.921850945620757482e-06
2.452554265824714676e+06 -6.830878516973887191e-08 -1.005109259245247443e-05
2.452554265894114505e+06 -2.258453085530293604e-08 -1.018706422283570756e-05
2.452554265963514335e+06 3.700956513384826760e-08 -1.031549510172621521e-05
2.452554266032914165e+06 1.214795738770481812e-07 -1.043082522734529496e-05
2.452554266102313995e+06 1.594739827151939664e-07 -1.053393332149311475e-05
2.452554266171713825e+06 2.108157225578252179e-07 -1.062718087078505633e-05
2.452554266241113655e+06 3.015512969563845697e-07 -1.070326314129755727e-05
2.452554266310513485e+06 3.000887106311783680e-07 -1.076638825273361619e-05
2.452554266379913315e+06 2.043848967256868286e-07 -1.083679727732453424e-05
2.452554266449313145e+06 1.931559719309047071e-07 -1.091644304557017639e-05
2.452554266518712975e+06 1.770884403468910792e-07 -1.099709021494684434e-05
2.452554266588112805e+06 8.907502033021399617e-08 -1.108775281909209960e-05
2.452554266657512635e+06 7.557858155324471137e-08 -1.118919846975833738e-05
2.452554266726912465e+06 1.920162133867778443e-07 -1.127880949575091053e-05
2.452554266796312295e+06 2.147141864405275546e-07 -1.135104466590147934e-05
2.452554266865712125e+06 1.299421618086889716e-07 -1.142737542373454904e-05
2.452554266935111955e+06 1.633797356708661509e-07 -1.150703431060971407e-05
2.452554267004511785e+06 2.482488117268046582e-07 -1.157071627866642265e-05
2.452554267073911615e+06 2.127987778201346586e-07 -1.162473327726188074e-05
2.452554267143311445e+06 1.885182250579646781e-07 -1.168080975612194253e-05
2.452554267212711275e+06 1.580327612213258474e-07 -1.173871879624177787e-05
2.452554267282111105e+06 1.470584957961378225e-07 -1.179723906500398618e-05
2.452554267351510935e+06 1.955442609916794508e-07 -1.184739426069741495e-05
2.452554267420910764e+06 1.640687382483965816e-07 -1.189079727713353211e-05
2.452554267490310594e+06 1.356939343850734295e-07 -1.193581081589492428e-05
2.452554267559710424e+06 8.007552825642762135e-08 -1.198560150742980202e-05
2.452554267629110254e+06 2.991823394670964882e-08 -1.204339861836758735e-05
2.452554267698510084e+06 -1.874478111993245687e-08 -1.210942599135258720e-05
2.452554267767909914e+06 2.110201645151577414e-08 -1.217426290829958642e-05
2.452554267837309744e+06 2.477144005110143342e-08 -1.223182418616984006e-05
2.452554267906709574e+06 5.234761749206002942e-09 -1.228834617851452270e-05
2.452554267976109404e+06 -2.477713038906063499e-08 -1.234777518917127712e-05
2.452554268045509234e+06 -6.136982438919214073e-08 -1.241255345317745170e-05
2.452554268114909064e+06 -7.283923077715796531e-08 -1.248124084781623872e-05
2.452554268184308894e+06 -2.611945867858355225e-09 -1.254197493138332916e-05
2.452554268253708724e+06 -2.681983800183323995e-08 -1.259548726768861282e-05
2.452554268323108554e+06 2.622506519938376783e-09 -1.264587105424955089e-05
2.452554268392508384e+06 -2.225712196328982820e-08 -1.269302649496624355e-05
2.452554268461908214e+06 -3.815380700529502140e-08 -1.274203920868851758e-05
2.452554268531308044e+06 -5.874985415525387305e-08 -1.279278966302871614e-05
2.452554268600707874e+06 -3.686628063639412466e-09 -1.283739792745218844e-05
2.452554268670107704e+06 4.680029372251197995e-09 -1.287200888700424057e-05
2.452554268739507534e+06 -6.942004664046321441e-08 -1.291073211212847746e-05
2.452554268808907364e+06 -4.408608533399257457e-08 -1.295225869426844924e-05
2.452554268878307194e+06 4.294402648231053989e-09 -1.298287541581705995e-05
2.452554268947707023e+06 -1.359662953136981750e-07 -1.302083101854517538e-05
2.452554269017106853e+06 -1.573473932622224570e-07 -1.307523933384643668e-05
2.452554269086506683e+06 -1.343640249927574541e-07 -1.312911158894673921e-05
2.452554269155906513e+06 -1.375032809139271563e-07 -1.318040998474645525e-05
2.452554269225306343e+06 -1.672289183341763767e-07 -1.323511183236384921e-05
2.452554269294706173e+06 -1.665153408603713289e-07 -1.329327222501626451e-05
2.452554269364106003e+06 -1.442541629336401813e-07 -1.334934695654055346e-05
2.452554269433505833e+06 -1.401915418599917489e-07 -1.340282667340074178e-05
2.452554269502905663e+06 -1.652728411641997779e-07 -1.345903402090003388e-05
2.452554269572305493e+06 -1.264397861830379740e-07 -1.351433315643122779e-05
2.452554269641705323e+06 -7.620127899593272131e-08 -1.355997704022215506e-05
2.452554269711105153e+06 -1.149642160801063268e-07 -1.360403214832296164e-05
2.452554269780504983e+06 -1.017782997693352495e-07 -1.365075195177767249e-05
2.452554269849904813e+06 -3.803592915905945777e-08 -1.368864620631517991e-05
2.452554269919304643e+06 -2.568037796999869227e-08 -1.371697734046438633e-05
2.452554269988704473e+06 -1.248871017281294740e-07 -1.375377645081966388e-05
2.452554270058104303e+06 -1.588169014480635647e-07 -1.380549191986376292e-05
2.452554270127504133e+06 -1.015917924312035232e-07 -1.385569480461811505e-05
2.452554270196903963e+06 -1.001049660885241324e-07 -1.390018686346514879e-05
2.452554270266303793e+06 -4.765467311374831642e-08 -1.393898592685204215e-05
2.452554270335703623e+06 -6.574246585198550919e-08 -1.397384517167217867e-05
2.452554270405103453e+06 -5.007457072284624928e-08 -1.400871878711280264e-05
2.452554270474503282e+06 -1.093446541455886016e-08 -1.403708087012964527e-05
2.452554270543903112e+06 -5.648266869462398665e-09 -1.405955155362307145e-05
2.452554270613302942e+06 -2.355848559462897487e-08 -1.408225449208971638e-05
2.452554270682702772e+06 1.281845504911041821e-08 -1.410175450215969001e-05
2.452554270752102602e+06 2.991639894732828136e-08 -1.411378980391386961e-05
2.452554270821502432e+06 6.469288155041540030e-09 -1.412465924795456688e-05
2.452554270890902262e+06 5.109610874038827427e-08 -1.413121904773634741e-05
2.452554270960302092e+06 -2.029159591301089513e-08 -1.413875077806242634e-05
2.452554271029701922e+06 -2.287493673886245001e-08 -1.415302822508246804e-05
2.452554271099101752e+06 4.160257858395646148e-08 -1.415918324464749622e-05
2.452554271168501582e+06 1.354037408419221052e-08 -1.415945748686844410e-05
2.452554271237901412e+06 -2.851828635408517915e-08 -1.416576657780467977e-05
2.452554271307301242e+06 -1.478568029641469136e-08 -1.417409876917259783e-05
2.452554271376701072e+06 2.434705698050683494e-08 -1.417541289971988667e-05
2.452554271446100902e+06 2.099755376033636259e-08 -1.417109570694761475e-05
2.452554271515500732e+06 -3.591713369930715472e-08 -1.417186887567410065e-05
2.452554271584900562e+06 -1.035994369783588877e-08 -1.417511104776497491e-05
2.452554271654300392e+06 1.842532444284515529e-08 -1.417130352855736573e-05
2.452554271723700222e+06 6.349990211749533622e-08 -1.415757709319274193e-05
2.452554271793100052e+06 8.945342888738339108e-08 -1.413336993643704726e-05
2.452554271862499882e+06 1.080357330806050049e-07 -1.410083801884314528e-05
2.452554271931899711e+06 9.298491067808432429e-08 -1.406408661695339942e-05
2.452554272001299541e+06 8.459384446690629178e-08 -1.402605804427570256e-05
2.452554272070699371e+06 5.924297633452816707e-08 -1.398808551705685099e-05
2.452554272140099201e+06 4.005979521670756138e-09 -1.395588765932215447e-05
2.452554272209499031e+06 -4.299045942912346833e-08 -1.393286418773699219e-05
2.452554272278898861e+06 -6.934964870577859885e-08 -1.391688629750502757e-05
2.452554272348298691e+06 -1.123806874371221538e-08 -1.389670750836892858e-05
2.452554272417698521e+06 -3.811449996668966199e-08 -1.387210560658137539e-05
2.452554272487098351e+06 -5.246843676621242880e-08 -1.385119332089221110e-05
2.452554272556498181e+06 -3.815741753725906813e-08 -1.382976575074576061e-05
2.452554272625898011e+06 -9.404915733234393271e-09 -1.380292365735027202e-05
2.452554272695297841e+06 -3.073856962689456988e-08 -1.377437885684239814e-05
2.452554272764697671e+06 -1.018239232695565468e-08 -1.374506546533101147e-05
2.452554272834097501e+06 1.886107271018297480e-08 -1.370921649440760314e-05
2.452554272903497331e+06 -1.490116924606219089e-08 -1.367259659109664581e-05
2.452554272972897161e+06 -5.033588290878283726e-08 -1.364278269885059787e-05
2.452554273042296991e+06 -5.449320540514217782e-08 -1.361723606026740299e-05
2.452554273111696821e+06 -6.706687088370096966e-08 -1.359389633348561555e-05
2.452554273181096651e+06 -4.220167623646230899e-08 -1.356974331968106699e-05
2.452554273250496481e+06 -3.337382390407556525e-08 -1.354230153364714532e-05
2.452554273319896311e+06 -1.554098269935069906e-08 -1.351212567339076006e-05
2.452554273389296141e+06 4.723314579978341134e-08 -1.347275498765434680e-05
2.452554273458695970e+06 6.046606978868670306e-08 -1.342383636780139271e-05
2.452554273528095800e+06 5.820391128085062599e-08 -1.337202147729678671e-05
2.452554273597495630e+06 4.472226844478113099e-08 -1.332025404973347615e-05
2.452554273666895460e+06 3.140113245591865374e-08 -1.326998056576328565e-05
2.452554273736295290e+06 2.704261639437436070e-08 -1.322045376997671644e-05
2.452554273805695120e+06 -5.203015291179346551e-10 -1.317354748187833667e-05
2.452554273875094950e+06 1.212363309392584443e-08 -1.312770014188674110e-05
2.452554273944494780e+06 9.280684565012114532e-08 -1.307057542410117348e-05
2.452554274013894610e+06 1.150276945231535063e-07 -1.299996125213040971e-05
2.452554274083294440e+06 1.257086715918337806e-07 -1.292268247820985170e-05
2.452554274152694270e+06 1.770300357750726930e-07 -1.283483490468849538e-05
2.452554274222094100e+06 2.055060890597519996e-07 -1.273343028755626538e-05
2.452554274291493930e+06 1.735487551692994918e-07 -1.262692980326284531e-05
2.452554274360893760e+06 7.643982650455732265e-08 -1.252965823922826722e-05
2.452554274430293590e+06 4.530625989534358590e-08 -1.244281518158833428e-05
2.452554274499693420e+06 5.758072779711646873e-08 -1.235508962336141523e-05
2.452554274569093250e+06 7.099207984758322756e-08 -1.226144448248271755e-05
2.452554274638493080e+06 4.254963848376524980e-08 -1.216619897015988419e-05
2.452554274707892910e+06 -2.610493842993823861e-08 -1.207895012135799731e-05
2.452554274777292740e+06 -2.599857924475569720e-08 -1.199748091032771652e-05
2.452554274846692570e+06 -1.348278648741148779e-08 -1.191319285012197426e-05
2.452554274916092400e+06 -4.177180753769994254e-08 -1.182925785924849670e-05
2.452554274985492229e+06 5.365860862780797608e-09 -1.174187443514712781e-05
2.452554275054892059e+06 -1.273228175387082057e-09 -1.164833144037838703e-05
2.452554275124291889e+06 -5.893089240661455195e-08 -1.156031108167778640e-05
2.452554275193691719e+06 -3.558692850296406442e-08 -1.147511493699820674e-05
2.452554275263091549e+06 2.307199388842567803e-08 -1.137970674115257718e-05
2.452554275332491379e+06 3.535699794287524728e-08 -1.127442430774973870e-05
2.452554275401891209e+06 -4.816573958468563672e-08 -1.117489306054083071e-05
2.452554275471291039e+06 -9.997407012154359803e-08 -1.108937474005652964e-05
2.452554275540690869e+06 -4.745955249938112407e-08 -1.100375542619918603e-05
2.452554275610090699e+06 -6.821241915591514148e-08 -1.091453936604368248e-05
2.452554275679490529e+06 -1.149070587441031014e-07 -1.083297047766405502e-05
2.452554275748890359e+06 -1.391660239060140427e-07 -1.076039074113434589e-05
2.452554275818290189e+06 -1.304287542772234980e-07 -1.069140757968662979e-05
2.452554275887690019e+06 -1.599863567640473907e-07 -1.062705942445704760e-05
2.452554275957089849e+06 -1.686817727778027423e-07 -1.056988164017093518e-05
2.452554276026489679e+06 -5.952951442671451430e-08 -1.050452882197203321e-05
2.452554276095889509e+06 -2.439261738857017637e-08 -1.042499247364696741e-05
2.452554276165289339e+06 -4.659520349505181718e-08 -1.034497922952886873e-05
2.452554276234689169e+06 -7.948077863842356619e-08 -1.027235500705866640e-05
2.452554276304088999e+06 -4.186811965176850290e-08 -1.020098316487074453e-05
2.452554276373488829e+06 -5.502894645132658885e-08 -1.012869158881453196e-05
2.452554276442888658e+06 -6.405099769664781735e-08 -1.006076839223148732e-05
2.452554276512288488e+06 -7.843648708980246758e-08 -9.997793474775772127e-06
2.452554276581688318e+06 -7.559384343189236692e-08 -9.938867590154600663e-06
2.452554276651088148e+06 -4.409527429446343717e-09 -9.874415507593178325e-06
2.452554276720487978e+06 -4.337395087021180443e-08 -9.808603696170834109e-06
2.452554276789887808e+06 -4.510838190740305171e-08 -9.749670902700552702e-06
2.452554276859287638e+06 4.111962325425004418e-09 -9.688036315275296668e-06
2.452554276928687468e+06 -1.677880978258643179e-08 -9.625525609670542237e-06
2.452554276998087298e+06 -2.539010043862007014e-08 -9.568655260522891529e-06
2.452554277067487128e+06 4.746107744830687675e-08 -9.507043534170137093e-06
2.452554277136886958e+06 5.876430346294085780e-08 -9.437744888894184373e-06
2.452554277206286788e+06 5.895695999625177691e-08 -9.368259866769134341e-06
2.452554277275686618e+06 7.514779225381023851e-08 -9.297916250137153933e-06
2.452554277345086448e+06 6.298565721659726211e-08 -9.227971558368873477e-06
2.452554277414486278e+06 8.822533295700991594e-08 -9.157336043225605492e-06
2.452554277483886108e+06 1.046982575634224885e-07 -9.082528304031483411e-06
2.452554277553285938e+06 5.739286112994406742e-08 -9.011442643846680182e-06
2.452554277622685768e+06 7.529678968948269298e-08 -8.944246175959948532e-06
2.452554277692085598e+06 6.744680584743799023e-08 -8.876696987067930606e-06
2.452554277761485428e+06 5.979938821116013519e-08 -8.811631884487778835e-06
2.452554277830885258e+06 7.791183969086008434e-08 -8.746212969951607782e-06
2.452554277900285088e+06 4.428376900337431176e-08 -8.683320025486255834e-06
2.452554277969684917e+06 4.501797028421549666e-08 -8.625144186824690545e-06
2.452554278039084747e+06 5.247682835083665154e-08 -8.567315616452872109e-06
2.452554278108484577e+06 5.829092048671621898e-08 -8.509160295031896145e-06
2.452554278177884407e+06 9.737639183298411187e-08 -8.446849984150787334e-06
2.452554278247284237e+06 1.386983554862488252e-07 -8.375698904769817807e-06
2.452554278316684067e+06 1.795101128709206594e-07 -8.294458811551209802e-06
2.452554278386083897e+06 1.436300579227453228e-07 -8.210945623103068272e-06
2.452554278455483727e+06 1.328022432456435864e-07 -8.130884885911095385e-06
2.452554278524883557e+06 1.376076623776424284e-07 -8.049910108303881995e-06
2.452554278594283387e+06 1.808470022130799907e-07 -7.961626268477044858e-06
2.452554278663683217e+06 9.051091297816564562e-08 -7.876282603128321232e-06
2.452554278733083047e+06 9.055414464901911472e-08 -7.799225765641866302e-06
2.452554278802482877e+06 1.325197189122237338e-07 -7.715995611182760667e-06
2.452554278871882707e+06 8.198077281190832211e-08 -7.631788552963261442e-06
2.452554278941282537e+06 4.983301572526740342e-08 -7.555114403933815427e-06
2.452554279010682367e+06 -3.362387887569229182e-09 -7.487105320393670093e-06
2.452554279080082197e+06 -4.273783703304444232e-08 -7.429520473535796428e-06
2.452554279149482027e+06 -2.163024097880161400e-08 -7.374812953894119481e-06
2.452554279218881857e+06 -7.291776834202500577e-08 -7.324599498859312187e-06
2.452554279288281687e+06 -5.492828934003666842e-08 -7.279638736423214562e-06
2.452554279357681517e+06 -3.265551683160445649e-08 -7.231853199737810920e-06
2.452554279427081347e+06 -2.738569174417493757e-09 -7.179437076000490914e-06
2.452554279496481176e+06 -2.599414906428181150e-09 -7.124356346970331051e-06
2.452554279565881006e+06 2.572387048930267467e-08 -7.066421414868667628e-06
2.452554279635280836e+06 -2.430944231348416882e-08 -7.011073575563703872e-06
2.452554279704680666e+06 7.897501856964784496e-08 -6.949823424369266757e-06
2.452554279774080496e+06 1.116605967627027309e-07 -6.872366767475552130e-06
2.452554279843480326e+06 -1.411830344020444716e-07 -6.818265089909389290e-06
2.452554279912880156e+06 -3.601327789077690360e-08 -6.781619991772684413e-06
2.452554279982279986e+06 -4.863486549453620095e-08 -6.736348774034236534e-06
2.452554280051679816e+06 -2.081983124120631946e-08 -6.690382081727708071e-06
2.452554280121079646e+06 2.479166981622723738e-08 -6.636792458971786596e-06
2.452554280190479476e+06 2.322021936306886315e-08 -6.578087749766985889e-06
2.452554280259879306e+06 1.398584453581417365e-07 -6.505419029991641694e-06
2.452554280329279136e+06 1.261696588032528857e-07 -6.418665742621452491e-06
2.452554280398678966e+06 1.035399076410265600e-08 -6.343328327528318011e-06
2.452554280468078796e+06 1.172343849259610087e-08 -6.278960554648500490e-06
2.452554280537478626e+06 1.522654554837351594e-08 -6.212929732861366560e-06
2.452554280606878456e+06 -2.784751195147080460e-08 -6.150226277712769255e-06
2.452554280676278286e+06 -2.257271798764067671e-08 -6.091019201713235924e-06
2.452554280745678116e+06 -7.029787402068850654e-10 -6.028153528235805638e-06
2.452554280815077946e+06 -1.738162873177002093e-08 -5.963786433549505630e-06
2.452554280884477776e+06 -7.091051318894986211e-08 -5.906526057639825905e-06
2.452554280953877605e+06 -6.232914956272292357e-08 -5.854224748066439768e-06
2.452554281023277435e+06 -1.443540593894150453e-08 -5.795640337315202281e-06
2.452554281092677265e+06 -1.488957458476196302e-08 -5.731134267303856091e-06
2.452554281162077095e+06 -5.375968534062592385e-08 -5.670154518684419474e-06
2.452554281231476925e+06 -1.932510842612660964e-08 -5.609061926784041184e-06
2.452554281300876755e+06 -3.513664299449956087e-08 -5.545190977967414602e-06
2.452554281370276585e+06 -1.342487417860794903e-07 -5.493772772858714950e-06
2.452554281439676415e+06 -1.463479293557800844e-07 -5.455745953239642836e-06
2.452554281509076245e+06 -1.123995431155931806e-07 -5.417089849489993424e-06
2.452554281578476075e+06 -9.491901839341259537e-08 -5.374247289866449541e-06
2.452554281647875905e+06 -4.334878425476140857e-08 -5.324670427648642168e-06
2.452554281717275735e+06 -7.659483481385564476e-08 -5.273488299757513005e-06
2.452554281786675565e+06 -1.172955733895335976e-07 -5.231226390477844538e-06
2.452554281856075395e+06 -1.426100460737617062e-07 -5.197910893568037499e-06
2.452554281925475225e+06 -5.760194023454741602e-08 -5.159866684709042163e-06
2.452554281994875055e+06 -8.257354922825089534e-08 -5.116475903779896687e-06
2.452554282064274885e+06 -8.935545887317843450e-08 -5.077766738367875884e-06
2.452554282133674715e+06 1.481008798415137153e-08 -5.029214111295113165e-06
2.452554282203074545e+06 4.480915331239181275e-08 -4.965444208477951248e-06
2.452554282272474375e+06 -1.184892526353133074e-08 -4.903484461364413904e-06
2.452554282341874205e+06 -7.113966458646810211e-08 -4.853937805502748827e-06
2.452554282411274035e+06 2.878974348145564068e-08 -4.799995241487225835e-06
2.452554282480673864e+06 4.987489927863204303e-09 -4.737064046244475891e-06
2.452554282550073694e+06 -1.920706321883101629e-08 -4.678606100744738557e-06
2.452554282619473524e+06 -2.447179637086363857e-08 -4.622997283535894904e-06
2.452554282688873354e+06 2.060745521360788541e-08 -4.562535644979509812e-06
2.452554282758273184e+06 -2.213694135590193562e-08 -4.501078627738960501e-06
2.452554282827673014e+06 -6.606647913166476797e-08 -4.448896784875435723e-06
2.452554282897072844e+06 -3.338265922626245416e-08 -4.398275510161857183e-06
2.452554282966472674e+06 -1.329721978904007771e-07 -4.355858570035024326e-06
2.452554283035872504e+06 -1.882572339439627533e-08 -4.313076491777641258e-06
2.452554283105272334e+06 4.558269615763750437e-08 -4.250831466067523381e-06
2.452554283174672164e+06 -1.170490779684814770e-07 -4.199150039113615170e-06
2.452554283244071994e+06 -1.723414407767359119e-07 -4.173107057119634499e-06
2.452554283313471824e+06 -1.050733180240065212e-07 -4.148767964404830323e-06
2.452554283382871654e+06 -7.408011817697132507e-08 -4.116213445589269850e-06
2.452554283452271484e+06 2.796176797000815120e-09 -4.073354808624886917e-06
2.452554283521671314e+06 -3.179009932146966702e-08 -4.026635780380864449e-06
2.452554283591071144e+06 2.296674646291438629e-08 -3.978181054755023540e-06
2.452554283660470974e+06 1.969290974961114428e-07 -3.903580219334867400e-06
2.452554283729870804e+06 -1.847944608292956088e-07 -3.850695910722555550e-06
2.452554283799270634e+06 -1.512059824895126735e-07 -3.838233789952259439e-06
2.452554283868670464e+06 -1.280189413742799580e-07 -3.823523020795801825e-06
2.452554283938070294e+06 -5.528409502536043884e-08 -3.801637387480138870e-06
2.452554284007470123e+06 7.901348253420921308e-09 -3.767029083838953350e-06
2.452554284076869953e+06 -5.962559836558809378e-08 -3.734505533007778353e-06
2.452554284146269783e+06 -1.012784777015757630e-07 -3.716390841231300373e-06
2.452554284215669613e+06 -1.207062940387892155e-07 -3.708565142102315573e-06
2.452554284285069443e+06 -3.019005713249606600e-08 -3.696654362550143610e-06
2.452554284354469273e+06 -2.418554521860774181e-08 -3.677097234540657150e-06
2.452554284423869103e+06 -5.705135326829330115e-08 -3.663239125970081715e-06
2.452554284493268933e+06 -3.653198848777756980e-08 -3.653872001623023484e-06
2.452554284562668763e+06 -4.004429238591427058e-08 -3.645914454334188192e-06
2.452554284632068593e+06 -9.881391797895595043e-08 -3.648549577279845754e-06
2.452554284701468423e+06 -1.099038668483957236e-07 -3.663611855759136630e-06
2.452554284770868253e+06 3.859853009430063078e-09 -3.672184038644915727e-06
2.452554284840268083e+06 9.796291617735287171e-08 -3.661095564840798767e-06
2.452554284909667913e+06 1.973051909023860275e-07 -3.629675472979525120e-06
2.452554284979067743e+06 3.215055748021051653e-07 -3.572086957103724351e-06
2.452554285048467573e+06 3.225942859790500845e-07 -3.496847479704086915e-06
2.452554285117867403e+06 1.292009750474527001e-07 -3.438950068107422573e-06
2.452554285187267233e+06 4.445525641423860966e-08 -3.410300069505675622e-06
2.452554285256667063e+06 4.092397746909750589e-08 -3.392016178782134462e-06
2.452554285326066893e+06 -9.339169413767684956e-08 -3.390888475968292727e-06
2.452554285395466723e+06 -9.218640204099744502e-08 -3.408092529982552219e-06
2.452554285464866553e+06 6.235516785493949868e-08 -3.411885224269198162e-06
2.452554285534266382e+06 2.424728115750576090e-07 -3.379823179310313627e-06
2.452554285603666212e+06 2.473441067188877234e-07 -3.325254828250250158e-06
2.452554285673066042e+06 2.426742973869659548e-07 -3.267167691579733530e-06
2.452554285742465872e+06 2.244109745254273967e-07 -3.207904091637869956e-06
2.452554285811865702e+06 2.064428008283579157e-07 -3.148935640860478899e-06
2.452554285881265532e+06 1.487232700701177326e-07 -3.094939427240322925e-06
2.452554285950665362e+06 1.696444385234047671e-08 -3.059727133912301672e-06
2.452554286020065192e+06 -7.548152249268979020e-08 -3.049396589771665428e-06
2.452554286089465022e+06 -9.839426767002491529e-08 -3.053965747639561386e-06
2.452554286158864852e+06 -6.771455181270106773e-08 -3.060636678823211240e-06
2.452554286228264682e+06 -4.066287721533865374e-08 -3.063679568746899667e-06
2.452554286297664512e+06 -1.697902600433256795e-08 -3.063354635284228731e-06
2.452554286367064342e+06 6.366246016059947732e-08 -3.052929539624600960e-06
2.452554286436464172e+06 1.987101658532478400e-07 -3.018258251904419679e-06
2.452554286505864002e+06 1.830592565540482747e-07 -2.967826339850523280e-06
2.452554286575263832e+06 1.542274762223919693e-07 -2.918965820383711453e-06
2.452554286644663662e+06 8.777571046400577165e-08 -2.877799889132102116e-06
2.452554286714063492e+06 6.500860418607940349e-08 -2.844506175225928774e-06
2.452554286783463322e+06 9.146297748822363569e-08 -2.809177691066472394e-06
2.452554286852863152e+06 -1.252976833894017680e-08 -2.781036949828901595e-06
2.452554286922262982e+06 1.155255148074523075e-08 -2.761150189263113814e-06
2.452554286991662811e+06 -1.109905264202681276e-09 -2.739797069488931840e-06
2.452554287061062641e+06 -5.638974810679537291e-08 -2.726003917715860101e-06
2.452554287130462471e+06 -4.772715850396739021e-08 -2.718081291062406709e-06
2.452554287199862301e+06 3.037858944701117566e-09 -2.704298159373742999e-06
2.452554287269262131e+06 4.356062219921195903e-08 -2.680259862666971817e-06
2.452554287338661961e+06 -6.323803115531902218e-08 -2.663113301615243055e-06
2.452554287408061791e+06 5.838479760154836765e-08 -2.644174202882247748e-06
2.452554287477461621e+06 2.650320669307100765e-07 -2.586835640636781219e-06
2.452554287546861451e+06 1.885697836574790512e-07 -2.509965300870068451e-06
2.452554287616261281e+06 -2.163622597856616005e-07 -2.482594011361214807e-06
2.452554287685661111e+06 -1.051467193064152753e-07 -2.488433504841088213e-06
2.452554287755060941e+06 -7.254884193007977867e-08 -2.480272563460449116e-06
2.452554287824460771e+06 -1.313945236810583862e-07 -2.476259444034544718e-06
2.452554287893860601e+06 -4.831792345193840102e-08 -2.470932399591524431e-06
2.452554287963260431e+06 -1.081354548596591787e-07 -2.464202481705138468e-06
2.452554288032660261e+06 -4.302884964627061675e-08 -2.457948981663036976e-06
2.452554288102060091e+06 -1.399292370154732749e-07 -2.456476109911266160e-06
2.452554288171459921e+06 -6.800461526830374647e-08 -2.459450819698930001e-06
2.452554288240859751e+06 -6.730364171966589973e-08 -2.455948776797221453e-06
2.452554288310259581e+06 -8.637522060400637820e-08 -2.455754009591159316e-06
2.452554288379659411e+06 -1.152378742292876454e-07 -2.462589752650443407e-06
2.452554288449059241e+06 -6.055185064853929636e-08 -2.468572178067180348e-06
2.452554288518459070e+06 -3.268362989328874242e-08 -2.466925484652667425e-06
2.452554288587858900e+06 -8.617748012473816354e-11 -2.459302471484609224e-06
2.452554288657258730e+06 1.422556103425923106e-07 -2.431709656706685336e-06
2.452554288726658560e+06 1.580174022038721290e-07 -2.383924439341212807e-06
2.452554288796058390e+06 -3.891514565584376533e-08 -2.353207445764871581e-06
2.452554288865458220e+06 -1.049248363973335426e-07 -2.350992202553013734e-06
