2.452558339802199975e+06 0.000000000000000000e+00 0.000000000000000000e+00
2.452558339871599805e+06 -1.851695309101680556e-07 -2.149482360367954910e-08
2.452558339940999635e+06 -6.269573300451535262e-08 -5.256549346593536368e-08
2.452558340010399465e+06 -2.906614050598820907e-08 -6.875624679622058165e-08
2.452558340079799294e+06 -3.007648448918740907e-09 -7.954900544330770095e-08
2.452558340149199124e+06 4.786765484233444336e-09 -8.729928049071518695e-08
2.452558340218598954e+06 9.389722461865603213e-08 -8.431568384382477055e-08
2.452558340287998784e+06 3.840113015910548029e-08 -7.676204533128791373e-08
2.452558340357398614e+06 2.144692368318672413e-07 -5.406093378332512963e-08
2.452558340426798444e+06 -5.541677600061558178e-08 -3.950397811246187516e-08
2.452558340496198274e+06 -1.494611527010518609e-07 -6.540038142177962827e-08
2.452558340565598104e+06 -6.107778527823350197e-08 -9.454267346861591566e-08
2.452558340634997934e+06 -1.034219075174733565e-07 -1.211825471976263707e-07
2.452558340704397764e+06 -6.004563890589976928e-08 -1.501682618950606606e-07
2.452558340773797594e+06 4.882837448274277654e-08 -1.640950905678132182e-07
2.452558340843197424e+06 -1.944649185298898043e-08 -1.742013157767203358e-07
2.452558340912597254e+06 -7.124193517327623241e-08 -1.986718972022998078e-07
2.452558340981997084e+06 4.428412908796675331e-08 -2.176640407892341939e-07
2.452558341051396914e+06 -1.833237238478662775e-08 -2.317526077548845253e-07
2.452558341120796744e+06 1.031255314004323765e-07 -2.396493166925194856e-07
2.452558341190196574e+06 1.274646869414990471e-07 -2.305416201272745340e-07
2.452558341259596404e+06 1.301596665244248866e-07 -2.163656396094488685e-07
2.452558341328996234e+06 9.251386884937533884e-08 -2.038086068500956022e-07
2.452558341398396064e+06 8.653867985873861680e-08 -1.941066452304033262e-07
2.452558341467795894e+06 6.768971759906160192e-08 -1.854374976112900438e-07
2.452558341537195724e+06 1.885794939169661172e-08 -1.829335661402538357e-07
2.452558341606595553e+06 -3.542317246720868383e-08 -1.914129236598239819e-07
2.452558341675995383e+06 7.512990703921784240e-08 -1.935730986739335791e-07
2.452558341745395213e+06 -3.464348021863788678e-09 -1.915458124766678900e-07
2.452558341814795043e+06 -3.640063906803012307e-08 -2.015486530339792947e-07
2.452558341884194873e+06 1.586998169851818033e-08 -2.097019923623663112e-07
2.452558341953594703e+06 9.652047475510055283e-09 -2.126877432517259621e-07
2.452558342022994533e+06 -6.400297923761023561e-08 -2.245589536390371589e-07
2.452558342092394363e+06 -2.238624629084558241e-08 -2.407201287386413591e-07
2.452558342161794193e+06 -6.711794247126183547e-08 -2.582469411056405138e-07
2.452558342231194023e+06 -3.520677601877414144e-08 -2.783700187812935387e-07
2.452558342300593853e+06 7.368924328343971055e-08 -2.834856617039801362e-07
2.452558342369993683e+06 -5.330903965692499860e-08 -2.903776041453919621e-07
2.452558342439393513e+06 -2.931360272202023055e-08 -3.090885676351863147e-07
2.452558342508793343e+06 5.997661773858787024e-08 -3.157668116247127394e-07
2.452558342578193173e+06 -1.295379064877583473e-09 -3.189721972274159376e-07
2.452558342647593003e+06 4.531616483664916334e-08 -3.232808002568980624e-07
2.452558342716992833e+06 1.216915661054001901e-07 -3.128395169296058271e-07
2.452558342786392663e+06 5.402249083505513670e-08 -2.993419683459797371e-07
2.452558342855792493e+06 -2.703555162659669957e-08 -3.007979541986543028e-07
2.452558342925192323e+06 -4.328817820595703462e-08 -3.129133184632265227e-07
2.452558342994592153e+06 3.526825640809932001e-08 -3.183214997344761311e-07
2.452558343063991982e+06 9.937242909445447613e-08 -3.069602903327242663e-07
2.452558343133391812e+06 1.167606074630491949e-07 -2.841449526172529915e-07
2.452558343202791642e+06 2.686300112589661863e-08 -2.665987476832090189e-07
2.452558343272191472e+06 3.978352472806979816e-08 -2.555199109806431225e-07
2.452558343341591302e+06 3.532304555135534802e-09 -2.454720854047299512e-07
2.452558343410991132e+06 -3.089826718371449021e-08 -2.421393642399141865e-07
2.452558343480390962e+06 -8.215075896519172846e-08 -2.480553229754698601e-07
2.452558343549790792e+06 -6.246686054666682659e-08 -2.579765771897803345e-07
2.452558343619190622e+06 -5.512925229464877295e-08 -2.655443887827511569e-07
2.452558343688590452e+06 4.332973482908335904e-08 -2.613604737076672028e-07
2.452558343757990282e+06 -5.460651078312780856e-08 -2.563934749612866115e-07
2.452558343827390112e+06 -4.524412695147801090e-08 -2.609495499364082334e-07
2.452558343896789942e+06 8.777336818876728709e-08 -2.492875114852782001e-07
2.452558343966189772e+06 6.400885821786673108e-09 -2.302204376270877431e-07
2.452558344035589602e+06 1.222455895222278003e-07 -2.050241341033224353e-07
2.452558344104989432e+06 -4.886239398901022157e-08 -1.835624448324891091e-07
2.452558344174389262e+06 -4.557922135558205064e-08 -1.794276458441864332e-07
2.452558344243789092e+06 -1.001104083109934526e-07 -1.810537459296656990e-07
2.452558344313188922e+06 -4.862267458043972312e-08 -1.835103647920251755e-07
2.452558344382588752e+06 -1.989759735278961079e-08 -1.772477489452848110e-07
2.452558344451988582e+06 -2.456181398328734721e-08 -1.678724401216236252e-07
2.452558344521388412e+06 -7.620459242464390303e-08 -1.644318313037937882e-07
2.452558344590788241e+06 6.757577905369895214e-08 -1.503899862910551990e-07
2.452558344660188071e+06 -5.308613595146943261e-08 -1.326633195218179763e-07
2.452558344729587901e+06 1.983835762848305800e-08 -1.191589640591659034e-07
2.452558344798987731e+06 6.471466023256674427e-08 -9.120155076175329342e-08
2.452558344868387561e+06 5.695368981102309358e-08 -5.668489681265066327e-08
2.452558344937787391e+06 9.140839346199950302e-09 -2.579339653172805467e-08
2.452558345007187221e+06 1.245315777712899050e-07 1.522997637401012790e-08
2.452558345076587051e+06 -4.285612325161654301e-08 5.344989873928255382e-08
2.452558345145986881e+06 -8.585736029661524956e-08 7.000433320539478234e-08
2.452558345215386711e+06 -1.372797605916752499e-07 7.587273919063573654e-08
2.452558345284786541e+06 -1.443302065961716219e-07 7.400215849401173754e-08
2.452558345354186371e+06 -8.466887092251715549e-08 7.641983063238783435e-08
2.452558345423586201e+06 -1.470558234978881467e-07 7.715415389249847601e-08
2.452558345492986031e+06 -1.376923623587857155e-07 7.016912996348117333e-08
2.452558345562385861e+06 -5.626085326009955140e-08 7.132767829896852253e-08
2.452558345631785691e+06 -8.293998561089408340e-08 7.734355834027356195e-08
2.452558345701185521e+06 2.381247443139246122e-08 9.167685729759833416e-08
2.452558345770585351e+06 -7.959743684990924748e-08 1.062967945466575769e-07
2.452558345839985181e+06 3.062010489099266578e-08 1.215951145175112577e-07
2.452558345909385011e+06 -4.384861762915519330e-08 1.409637702371895312e-07
2.452558345978784841e+06 -6.370949061909997669e-08 1.496976157101413069e-07
2.452558346048184671e+06 1.731570157251958289e-08 1.646559126805813255e-07
2.452558346117584500e+06 -7.339165859056967783e-08 1.782680470608389127e-07
2.452558346186984330e+06 -4.001383244711701801e-08 1.848265885553245996e-07
2.452558346256384160e+06 5.778535574387895052e-09 1.993973406709208062e-07
2.452558346325783990e+06 -1.397402056945337129e-08 2.166731090946856531e-07
2.452558346395183820e+06 -1.980496921697315170e-08 2.309272553784931643e-07
2.452558346464583650e+06 -5.294958998344752963e-08 2.402508113973484771e-07
2.452558346533983480e+06 -5.296830733879149699e-08 2.447732032824752302e-07
2.452558346603383310e+06 1.956899585735027819e-08 2.562515359554837020e-07
2.452558346672783140e+06 -5.779359426885627533e-08 2.664747178781427614e-07
2.452558346742182970e+06 2.213440978716261331e-08 2.761669545952757823e-07
2.452558346811582800e+06 -4.321589287723323198e-08 2.866732910097550524e-07
2.452558346880982630e+06 -5.502159020092124728e-08 2.874438222195321256e-07
2.452558346950382460e+06 -6.418379407085040974e-08 2.839709747513385601e-07
2.452558347019782290e+06 -1.065245694581994231e-07 2.723060805076091128e-07
2.452558347089182120e+06 -5.139398972036144967e-08 2.591051311215122382e-07
2.452558347158581950e+06 -3.237356590772856172e-08 2.514294875063036879e-07
2.452558347227981780e+06 7.438106733128809947e-08 2.559747346537768237e-07
2.452558347297381610e+06 1.016921655777593449e-07 2.751047806441879290e-07
2.452558347366781440e+06 5.913582071063708113e-08 2.930979868602598405e-07
2.452558347436181270e+06 9.677662224829911796e-08 3.110291114308299722e-07
2.452558347505581100e+06 -2.984880669029365860e-08 3.191330723445308096e-07
2.452558347574980929e+06 4.554949165220912991e-08 3.207421338150394611e-07
2.452558347644380759e+06 -1.885573618047676624e-08 3.224208386194462789e-07
2.452558347713780589e+06 3.126262507071289422e-08 3.213033654474945759e-07
2.452558347783180419e+06 2.780953610430919565e-08 3.242284113185007385e-07
2.452558347852580249e+06 5.228317698454481770e-08 3.287249668982098933e-07
2.452558347921980079e+06 5.205008067536825919e-08 3.353943805195477165e-07
2.452558347991379909e+06 2.654426920856639073e-08 3.387212706180743890e-07
2.452558348060779739e+06 1.447976226269067149e-09 3.355080197658132659e-07
2.452558348130179569e+06 9.538492434839365662e-08 3.389787195721659323e-07
2.452558348199579399e+06 6.094159764276312816e-08 3.488456732696459813e-07
2.452558348268979229e+06 7.266221006319253390e-09 3.487157250679231673e-07
2.452558348338379059e+06 7.381702145706354959e-09 3.415653648989092933e-07
2.452558348407778889e+06 5.687412098870347144e-08 3.386898974824914281e-07
2.452558348477178719e+06 3.865333882545330456e-08 3.385140320303671832e-07
2.452558348546578549e+06 -4.988198241881513725e-10 3.311168605700752572e-07
2.452558348615978379e+06 7.699901151456118674e-08 3.269075164991705409e-07
2.452558348685378209e+06 2.247689928803946433e-10 3.219558254096361993e-07
2.452558348754778039e+06 -9.961622401770289468e-09 3.060878883737324546e-07
2.452558348824177869e+06 8.559913596373880878e-09 2.892846909541978879e-07
2.452558348893577699e+06 -2.772004230433267409e-08 2.685432706676431726e-07
2.452558348962977529e+06 -1.525831443019748327e-08 2.428686971723092011e-07
2.452558349032377359e+06 1.817801071925064434e-08 2.199704359155201602e-07
2.452558349101777188e+06 6.303845775138556515e-08 2.040686055280610343e-07
2.452558349171177018e+06 1.214526748627171165e-07 1.989624924594772737e-07
2.452558349240576848e+06 7.161848102663350605e-08 1.949384791746433827e-07
2.452558349309976678e+06 5.262159741791431705e-08 1.832080003647153490e-07
2.452558349379376508e+06 6.157267865915118100e-08 1.698451621492599656e-07
2.452558349448776338e+06 6.112075283073890089e-08 1.569275206151065846e-07
2.452558349518176168e+06 5.602822516035387793e-08 1.429750120070815779e-07
2.452558349587575998e+06 2.914678090831225609e-08 1.249069746130814212e-07
2.452558349656975828e+06 4.090005368294169070e-08 1.043376364353507356e-07
2.452558349726375658e+06 6.901619672573073234e-08 8.749485669713635625e-08
2.452558349795775488e+06 1.094808343744095990e-07 7.822751091696889760e-08
2.452558349865175318e+06 1.105739878290331271e-07 7.430938106810725865e-08
2.452558349934575148e+06 1.358149431275220615e-07 7.461395792391173393e-08
2.452558350003974978e+06 1.656133365095704583e-07 8.296906098862978996e-08
2.452558350073374808e+06 1.354707454232809032e-07 9.382961860849947399e-08
2.452558350142774638e+06 1.671738780540863288e-07 1.076721564969249245e-07
2.452558350212174468e+06 1.798758875767407393e-07 1.297609734466951342e-07
2.452558350281574298e+06 8.502852650634978533e-08 1.462421868055977961e-07
2.452558350350974128e+06 1.293937034669282440e-07 1.601094630352625440e-07
2.452558350420373958e+06 1.173763993083332639e-07 1.806306355956908730e-07
2.452558350489773788e+06 7.656752965648838578e-08 1.985665957605255721e-07
2.452558350559173618e+06 -4.644939683626293331e-09 2.055156279900968342e-07
2.452558350628573447e+06 4.773926349452985244e-08 2.110327959953926526e-07
2.452558350697973277e+06 -2.931345553910796822e-08 2.153965906028854425e-07
2.452558350767373107e+06 -2.124604769700025262e-09 2.155103825430799766e-07
2.452558350836772937e+06 1.984582363910468008e-08 2.223679894578247056e-07
2.452558350906172767e+06 -2.602558187757500950e-08 2.281767430113161350e-07
2.452558350975572597e+06 7.359412821022873837e-08 2.417786541414823744e-07
2.452558351044972427e+06 5.401058712064865033e-08 2.670006871412751422e-07
2.452558351114372257e+06 -4.531355521272687035e-08 2.819024297778220172e-07
2.452558351183772087e+06 8.041901092184966370e-09 2.937121791184608042e-07
2.452558351253171917e+06 -7.667466803437673297e-09 3.117055553805390798e-07
2.452558351322571747e+06 5.270266436349357255e-08 3.372676776959264972e-07
2.452558351391971577e+06 9.961415863378508247e-09 3.679550105776362607e-07
2.452558351461371407e+06 2.071717696070130720e-09 3.962467417423577287e-07
2.452558351530771237e+06 -2.271770127955001515e-08 4.238040906472520044e-07
2.452558351600171067e+06 -1.708779953997008039e-07 4.341057965020493028e-07
2.452558351669570897e+06 -1.123638010428704738e-07 4.348184447819301989e-07
2.452558351738970727e+06 -1.547299626715232250e-07 4.371029537462442137e-07
2.452558351808370557e+06 -1.946912651481049164e-07 4.296389066972833751e-07
2.452558351877770387e+06 -1.653692824444713215e-07 4.196451405592948243e-07
2.452558351947170217e+06 -1.938863700524297896e-07 4.081579947340187930e-07
2.452558352016570047e+06 -1.540275274848371188e-07 3.962321137917225796e-07
2.452558352085969876e+06 -1.547462588233341674e-07 3.870476495047743658e-07
2.452558352155369706e+06 -1.386533820516637160e-07 3.781440271458180650e-07
2.452558352224769536e+06 -1.730069757812744946e-07 3.656448100658405743e-07
2.452558352294169366e+06 -1.001679068001623829e-07 3.557522517501044314e-07
2.452558352363569196e+06 -9.514367242995905536e-08 3.533314461907936477e-07
2.452558352432969026e+06 -4.508338817108735961e-08 3.565451748065725292e-07
2.452558352502368856e+06 -4.369101874280508290e-08 3.655564256276160513e-07
2.452558352571768686e+06 -3.914375430536072172e-08 3.756639305968361756e-07
2.452558352641168516e+06 -1.148540372715021366e-07 3.779755593278078230e-07
2.452558352710568346e+06 9.155040519887975857e-09 3.854619954231075115e-07
2.452558352779968176e+06 -6.880872774937605866e-09 4.055698484286390932e-07
2.452558352849368006e+06 -1.813067753666872147e-08 4.238953730832962950e-07
2.452558352918767836e+06 2.120687264017288506e-08 4.465770953510148636e-07
2.452558352988167666e+06 -1.989215305185809617e-08 4.705232011824709330e-07
2.452558353057567496e+06 -6.260227012416091543e-08 4.862357201169370051e-07
2.452558353126967326e+06 2.374589357559556847e-09 5.050341584307953042e-07
2.452558353196367156e+06 -9.783747753530664889e-09 5.307123884955121557e-07
2.452558353265766986e+06 -2.140088145120329000e-08 5.550220857912409475e-07
2.452558353335166816e+06 6.534428544772970951e-10 5.816712205699078793e-07
2.452558353404566646e+06 -1.213352527392767593e-07 5.979866006192989524e-07
2.452558353473966476e+06 -1.260827608383700843e-07 5.996336639337327810e-07
2.452558353543366306e+06 -1.565724142170062415e-07 5.955873789379651299e-07
2.452558353612766135e+06 -7.889575692898851557e-08 5.947869539803853733e-07
2.452558353682165965e+06 -1.826498443862341606e-07 5.890807952241825195e-07
2.452558353751565795e+06 -6.950377256473807317e-08 5.820608125135069939e-07
2.452558353820965625e+06 -7.327664218943304236e-08 5.852146060995325815e-07
2.452558353890365455e+06 -3.653217665470881172e-08 5.907929357399182369e-07
2.452558353959765285e+06 -1.177673988637850614e-07 5.900614604722275714e-07
2.452558354029165115e+06 -3.425342332598796344e-08 5.877673725621301574e-07
2.452558354098564945e+06 -3.511141486802756758e-08 5.930934038390838426e-07
2.452558354167964775e+06 4.662006723205823645e-08 6.066763132384670877e-07
2.452558354237364605e+06 -5.545464022342704242e-08 6.176534250289232752e-07
2.452558354306764435e+06 1.755353885474183127e-09 6.228752240986139209e-07
2.452558354376164265e+06 1.790440817466374285e-08 6.354370986889961728e-07
2.452558354445564095e+06 -2.306083845502012220e-08 6.447381888727332831e-07
2.452558354514963925e+06 -1.125481949391948720e-08 6.499116234437767991e-07
2.452558354584363755e+06 -1.199843100626007480e-07 6.426499175770737175e-07
2.452558354653763585e+06 -8.774765422632234782e-08 6.240130514980030592e-07
2.452558354723163415e+06 -1.862107145467274880e-08 6.134980643584124619e-07
2.452558354792563245e+06 -8.029684057439533860e-08 6.011858157810534860e-07
2.452558354861963075e+06 -5.082992611997321935e-08 5.823688029627209602e-07
2.452558354931362905e+06 -7.334369149851022201e-09 5.686587292192165271e-07
2.452558355000762735e+06 -6.624667708066447337e-08 5.504687871990825201e-07
2.452558355070162565e+06 1.282287359004574439e-08 5.315603911840302084e-07
2.452558355139562394e+06 -8.848537392416042663e-09 5.163100421008701254e-07
2.452558355208962224e+06 -1.751964610413748999e-08 4.950594639259084947e-07
2.452558355278362054e+06 4.041193394984082343e-08 4.765319665323382681e-07
2.452558355347761884e+06 5.567035241900053194e-08 4.639448880351762794e-07
2.452558355417161714e+06 1.473862089311002068e-07 4.619950690431013650e-07
2.452558355486561544e+06 2.305805803508465296e-07 4.798245981694729966e-07
2.452558355555961374e+06 2.186270618429705764e-07 5.075926796551739873e-07
2.452558355625361204e+06 7.426523980435523559e-08 5.199495823584477860e-07
2.452558355694761034e+06 1.717764568675821011e-07 5.279164029953469899e-07
2.452558355764160864e+06 1.164511689740158806e-07 5.413747269425994668e-07
2.452558355833560694e+06 1.868639682168537369e-08 5.382733148198361679e-07
2.452558355902960524e+06 7.415623417909243196e-08 5.297104448694978153e-07
2.452558355972360354e+06 4.119930229221278203e-08 5.226927782225595441e-07
2.452558356041760184e+06 7.359470169712643819e-08 5.147948901579289982e-07
2.452558356111160014e+06 3.964647882250289622e-08 5.058899439916180210e-07
2.452558356180559844e+06 8.204763999255500287e-08 4.971172329529979452e-07
2.452558356249959674e+06 3.851746431195544075e-08 4.874675558458603707e-07
2.452558356319359504e+06 6.315553318431219870e-08 4.748732096651246912e-07
2.452558356388759334e+06 5.365667551757778929e-08 4.630604416116606266e-07
2.452558356458159164e+06 1.092268475327245673e-07 4.558043776075845027e-07
2.452558356527558994e+06 8.787337997032286146e-08 4.523133170432269701e-07
2.452558356596958824e+06 1.751156786449005131e-07 4.567453470831185683e-07
2.452558356666358653e+06 6.728541271390722305e-08 4.599721384575634745e-07
2.452558356735758483e+06 8.388011953338635028e-08 4.536947067036911029e-07
2.452558356805158313e+06 3.486971504770341233e-08 4.437568211810611874e-07
2.452558356874558143e+06 2.861741641592634475e-08 4.271795864196452399e-07
2.452558356943957973e+06 1.051621601678988016e-07 4.179041605387858051e-07
2.452558357013357803e+06 5.068085508207397783e-08 4.112121822564908028e-07
2.452558357082757633e+06 -1.395313683784343307e-09 3.925201076573741587e-07
2.452558357152157463e+06 3.807521693065387070e-08 3.715098800609027914e-07
2.452558357221557293e+06 1.462932191464880472e-07 3.666420969384782397e-07
2.452558357290957123e+06 1.723772543511530763e-07 3.781970246912017973e-07
2.452558357360356953e+06 9.993762798977893795e-08 3.870054497490055375e-07
2.452558357429756783e+06 1.618971611844464126e-07 3.969188859633175629e-07
2.452558357499156613e+06 1.275775860622581786e-07 4.124660321839975717e-07
2.452558357568556443e+06 1.348576978089238910e-07 4.278783977425833549e-07
2.452558357637956273e+06 1.398645820381373751e-07 4.476572202967303059e-07
2.452558357707356103e+06 9.538836611649487425e-08 4.662073078985611532e-07
2.452558357776755933e+06 -4.177499852425161674e-09 4.711830848813879468e-07
2.452558357846155763e+06 5.042097180123060116e-09 4.672909564673599821e-07
2.452558357915555593e+06 5.472186492778856047e-08 4.708788314953743414e-07
2.452558357984955423e+06 -1.257203508840001079e-08 4.738667274283727051e-07
2.452558358054355253e+06 3.617248945790079834e-08 4.760545420123281309e-07
2.452558358123755082e+06 1.324329759820720061e-08 4.824792482496931781e-07
2.452558358193154912e+06 4.757305648772164701e-08 4.918939602280875607e-07
2.452558358262554742e+06 -5.367030980204461807e-08 4.954830001090624970e-07
2.452558358331954572e+06 -6.903411655853883779e-08 4.867969016267559144e-07
2.452558358401354402e+06 -2.515008255697606332e-08 4.813312229079151561e-07
2.452558358470754232e+06 -9.533542503298304558e-08 4.730721830300586231e-07
2.452558358540154062e+06 -1.010690676627552202e-07 4.559547459009973207e-07
2.452558358609553892e+06 -8.679724376665845508e-08 4.388388690029457731e-07
2.452558358678953722e+06 -1.233309974105247585e-07 4.181852762706069402e-07
2.452558358748353552e+06 -1.176458377892085600e-07 3.926552514989713879e-07
2.452558358817753382e+06 -5.859833281414338547e-08 3.728724031970250100e-07
2.452558358887153212e+06 1.284918895047865100e-08 3.671533240918093085e-07
2.452558358956553042e+06 3.799572892252037550e-08 3.731135646831445079e-07
2.452558359025952872e+06 6.939530464976547016e-08 3.873468644350091661e-07
2.452558359095352702e+06 4.762111132594301524e-08 4.052388724639564525e-07
2.452558359164752532e+06 3.100090665387459835e-08 4.215198214814314161e-07
2.452558359234152362e+06 -3.765151704063502936e-08 4.304712982974583432e-07
2.452558359303552192e+06 -6.752899493856825104e-08 4.296684204285332327e-07
2.452558359372952022e+06 -5.468289110604341867e-08 4.274507892329385433e-07
2.452558359442351852e+06 -4.500467243791959358e-08 4.282154730151845961e-07
2.452558359511751682e+06 -1.785047880164958818e-07 4.152544584708881554e-07
2.452558359581151512e+06 -1.606017505080203359e-07 3.880047545633028174e-07
2.452558359650551341e+06 -1.923374695729878161e-07 3.567524473312772301e-07
2.452558359719951171e+06 -1.717686032437781967e-07 3.214345598149098657e-07
2.452558359789351001e+06 8.087546858723054329e-09 3.062514600316440209e-07
2.452558359858750831e+06 -8.130222871613261017e-08 3.006824662530093386e-07
2.452558359928150661e+06 -1.140119654710708166e-07 2.810981188341587857e-07
2.452558359997550491e+06 -2.638450450422283005e-08 2.665300071235747126e-07
2.452558360066950321e+06 6.832256081421089811e-08 2.723382340531608614e-07
2.452558360136350151e+06 8.681810881943599008e-08 2.926909237927453041e-07
2.452558360205749981e+06 9.778491301626339045e-08 3.193600704750521400e-07
2.452558360275149811e+06 6.574245231678478263e-08 3.470349815716709213e-07
2.452558360344549641e+06 -7.582519007663671546e-08 3.579697680804025651e-07
2.452558360413949471e+06 -2.477618308212929237e-08 3.598656297255528902e-07
2.452558360483349301e+06 -4.976102836319741816e-08 3.651946221766842311e-07
2.452558360552749131e+06 -6.879263604798140131e-08 3.661272882145864460e-07
2.452558360622148961e+06 -3.098200200715429147e-08 3.694093627862307904e-07
2.452558360691548791e+06 -5.810546732592127439e-08 3.742960112698765477e-07
2.452558360760948621e+06 -7.288808637510592503e-08 3.747892515180879859e-07
2.452558360830348451e+06 -1.225293532766217782e-07 3.677360225972865585e-07
2.452558360899748281e+06 -6.326870321865847515e-08 3.608726647714395484e-07
2.452558360969148111e+06 -8.607496139128839097e-08 3.573126267980706425e-07
2.452558361038547941e+06 -6.030377936506770715e-08 3.535014847527772042e-07
2.452558361107947771e+06 -1.032426595586551149e-07 3.470453500888023460e-07
2.452558361177347600e+06 -3.557121102495885062e-08 3.424983104129513394e-07
2.452558361246747430e+06 -2.342336790734193982e-08 3.464441034017233531e-07
2.452558361316147260e+06 -1.000223452353957381e-07 3.430238078475240705e-07
2.452558361385547090e+06 -9.979989010484734457e-08 3.300160717509565160e-07
2.452558361454946920e+06 -5.638499151662873303e-08 3.203067414842437308e-07
2.452558361524346750e+06 -4.224097625470837895e-08 3.158821463632754336e-07
2.452558361593746580e+06 -1.772427634702697557e-08 3.151220097643838800e-07
2.452558361663146410e+06 -1.394083458845521302e-08 3.172066883664446337e-07
2.452558361732546240e+06 -6.339559056067248448e-08 3.138330357667102387e-07
2.452558361801946070e+06 -3.179690706306493505e-08 3.076166678463710215e-07
2.452558361871345900e+06 6.208768032552326875e-08 3.148849395826576531e-07
2.452558361940745730e+06 1.076806395660199440e-07 3.387088557181640535e-07
2.452558362010145560e+06 1.142899238744121077e-07 3.706837392194716285e-07
2.452558362079545390e+06 8.697950384601735380e-08 4.031131243521465539e-07
2.452558362148945220e+06 8.719721031315310058e-08 4.351669403777539460e-07
2.452558362218345050e+06 -2.689587287365545781e-08 4.565913666138495609e-07
2.452558362287744880e+06 3.415621513792674626e-08 4.731726048915264406e-07
2.452558362357144710e+06 -2.919856014747621010e-09 4.932337534170155342e-07
2.452558362426544540e+06 -6.809509931000986696e-08 5.024144420999276831e-07
2.452558362495944370e+06 -1.028974293362765858e-07 4.997248559823132276e-07
2.452558362565344200e+06 -7.853716726669911721e-08 4.942418728918455679e-07
2.452558362634744029e+06 -1.572914886216733718e-07 4.805654504038174850e-07
2.452558362704143859e+06 -1.808791245908516054e-07 4.522696672514757398e-07
2.452558362773543689e+06 -1.414543244728347830e-07 4.215616326828319725e-07
2.452558362842943519e+06 7.653531869855748381e-09 4.083423845133367817e-07
2.452558362912343349e+06 2.857346453301202187e-08 4.124614424814834565e-07
2.452558362981743179e+06 -1.897004784799451384e-09 4.149949744431262158e-07
2.452558363051143009e+06 -5.502720619015642321e-09 4.129331842829935372e-07
2.452558363120542839e+06 5.820007550515428741e-09 4.106502568751202058e-07
2.452558363189942669e+06 1.086824244529617174e-08 4.091599939215306267e-07
2.452558363259342499e+06 5.883458983107259835e-08 4.128365151108749125e-07
2.452558363328742329e+06 1.115963669373490724e-07 4.278055088151935360e-07
2.452558363398142159e+06 5.213103219820978834e-08 4.428202391604691320e-07
2.452558363467541989e+06 1.521860354736893436e-08 4.474513765069002118e-07
2.452558363536941819e+06 5.520909140817976501e-08 4.521086814685534500e-07
2.452558363606341649e+06 2.080383821581562077e-08 4.570997883335889531e-07
2.452558363675741479e+06 6.469709349810219151e-08 4.629282977999603550e-07
2.452558363745141309e+06 5.137284105549351420e-08 4.721455958448547603e-07
2.452558363814541139e+06 6.710342615961231990e-08 4.818574179253603094e-07
2.452558363883940969e+06 8.515197783044846868e-08 4.957591927848653553e-07
2.452558363953340799e+06 1.428873523451600305e-07 5.191742150188549532e-07
2.452558364022740629e+06 7.785362760876031643e-08 5.434592125201312991e-07
2.452558364092140459e+06 2.364716021651240574e-08 5.556609658302656064e-07
2.452558364161540288e+06 9.151497475741559838e-08 5.698590430124418732e-07
2.452558364230940118e+06 1.023678853769793985e-07 5.938076604379196105e-07
2.452558364300339948e+06 1.604075631872431106e-07 6.273901932127650616e-07
2.452558364369739778e+06 1.006653333526861082e-08 6.528705567066304079e-07
2.452558364439139608e+06 7.026143608430130776e-09 6.622011295875975085e-07
2.452558364508539438e+06 -7.471426672116826045e-08 6.615566078876324835e-07
2.452558364577939268e+06 -1.309318111329554531e-07 6.436962966427636305e-07
2.452558364647339098e+06 -9.923551114817441390e-08 6.199856474845766638e-07
2.452558364716738928e+06 -7.449170018172149551e-08 5.993030273228732845e-07
2.452558364786138758e+06 -8.994938709504902918e-08 5.766305812021488456e-07
2.452558364855538588e+06 5.478578999714996997e-08 5.658096205321758786e-07
2.452558364924938418e+06 3.629091663827960966e-08 5.678907904063572193e-07
2.452558364994338248e+06 4.008259910136700389e-08 5.679871084495911492e-07
2.452558365063738078e+06 -1.363359763223427619e-08 5.618450481799358458e-07
2.452558365133137908e+06 8.165048989632614239e-08 5.594723461428482483e-07
2.452558365202537738e+06 2.670432064291824132e-08 5.612062500416681279e-07
2.452558365271937568e+06 3.378717753049249663e-08 5.573101391952421335e-07
2.452558365341337398e+06 2.570536115115237115e-08 5.526690490536105975e-07
2.452558365410737228e+06 -3.748452335216118529e-08 5.391127475741019118e-07
2.452558365480137058e+06 -1.074902880297929124e-08 5.197987006886767811e-07
2.452558365549536888e+06 -2.138620727253041907e-09 5.025477799114142807e-07
2.452558365618936718e+06 4.895286077035275362e-09 4.854169912391872336e-07
2.452558365688336547e+06 9.040716908081417052e-08 4.774620636887273675e-07
2.452558365757736377e+06 3.199162750518542808e-08 4.721817656425351398e-07
2.452558365827136207e+06 4.124937407787949250e-08 4.610903908005445962e-07
2.452558365896536037e+06 1.512993421222088617e-07 4.631904600419028074e-07
2.452558365965935867e+06 3.921881033412491207e-08 4.658945119969365007e-07
2.452558366035335697e+06 4.402400290759336610e-08 4.570859874911238642e-07
2.452558366104735527e+06 1.790036570686097738e-08 4.455421898810289894e-07
2.452558366174135357e+06 5.417723300385588670e-08 4.346938686888262366e-07
2.452558366243535187e+06 6.642274693192387669e-08 4.291473641461289808e-07
2.452558366312935017e+06 6.736707444890533406e-08 4.254414527181074417e-07
2.452558366382334847e+06 -2.979216334812989814e-08 4.111242540493666858e-07
2.452558366451734677e+06 -2.746238507683931343e-08 3.852635151007873277e-07
2.452558366521134507e+06 6.920875689450400502e-08 3.692034404786622711e-07
2.452558366590534337e+06 1.343305409750301201e-07 3.714004215063255336e-07
2.452558366659934167e+06 1.604928843224200036e-07 3.857033399169851715e-07
2.452558366729333997e+06 1.594525309994016353e-07 4.057369641658144589e-07
2.452558366798733827e+06 1.660289534737607729e-07 4.298010343134614193e-07
2.452558366868133657e+06 1.602944606820897916e-07 4.577149104439741826e-07
2.452558366937533487e+06 1.565861581467337285e-07 4.886085688323261517e-07
2.452558367006933317e+06 1.323123741374982568e-07 5.205403828365518514e-07
2.452558367076333147e+06 9.472815569910726494e-08 5.495638493194931432e-07
2.452558367145732976e+06 1.987764913833926556e-08 5.693624565713493188e-07
2.452558367215132806e+06 2.668628697736147652e-08 5.839745678199214383e-07
2.452558367284532636e+06 -7.031705505197003199e-08 5.901761699293068798e-07
2.452558367353932466e+06 -7.299826690279453074e-08 5.858854913302531328e-07
2.452558367423332296e+06 -7.358319376440663341e-08 5.811222452441026624e-07
2.452558367492732126e+06 6.075459413208610606e-08 5.917293519218836013e-07
2.452558367562131956e+06 3.071714072015390479e-09 6.127125597677492907e-07
2.452558367631531786e+06 -1.970966241851765303e-08 6.268758446835993408e-07
2.452558367700931616e+06 -3.229324167538436494e-08 6.386184296920869597e-07
2.452558367770331446e+06 -9.941700018054824192e-09 6.528372783265586641e-07
2.452558367839731276e+06 -1.601079165650760143e-07 6.537509967982466031e-07
2.452558367909131106e+06 -1.184266001090277223e-07 6.420958111036032572e-07
2.452558367978530936e+06 -7.171581556695592707e-08 6.393460809280057356e-07
2.452558368047930766e+06 -4.095061252837502581e-08 6.451992986571594758e-07
2.452558368117330596e+06 -1.140986831226502348e-07 6.466431841923008655e-07
2.452558368186730426e+06 -1.593314906456806854e-07 6.343344921927385146e-07
2.452558368256130256e+06 -1.448178014659427786e-07 6.169456894265384831e-07
2.452558368325530086e+06 -9.350160310300213288e-08 6.051604711062191113e-07
2.452558368394929916e+06 -9.940333381150476941e-08 5.972485727771160809e-07
2.452558368464329746e+06 -1.353929156411455052e-07 5.835113942310771951e-07
2.452558368533729576e+06 -5.750220520402663604e-08 5.730618367744148148e-07
2.452558368603129406e+06 -7.449432383977730169e-08 5.684884014632870001e-07
2.452558368672529235e+06 -2.312564787841418592e-08 5.673614419983784176e-07
2.452558368741929065e+06 -5.515437248218534206e-08 5.683036056041288600e-07
2.452558368811328895e+06 -1.537685817400967458e-08 5.701774071528071308e-07
2.452558368880728725e+06 -5.062226019263784290e-08 5.726878438005175892e-07
2.452558368950128555e+06 -2.579573981127615716e-08 5.741423140478491107e-07
2.452558369019528385e+06 2.885883076746463024e-08 5.848357474227707327e-07
2.452558369088928215e+06 2.374865042964855943e-09 5.997753408292101811e-07
2.452558369158328045e+06 4.642485144628842100e-08 6.181248331307819276e-07
2.452558369227727875e+06 5.189465581441263149e-08 6.438817877048799503e-07
2.452558369297127705e+06 4.546371244462386318e-08 6.718878961301801835e-07
2.452558369366527535e+06 -9.155123263323850927e-10 6.962453964583902286e-07
2.452558369435927365e+06 -5.944315887547568071e-08 7.103870529160969933e-07
2.452558369505327195e+06 -3.373377218139173802e-08 7.214714401681366193e-07
2.452558369574727025e+06 -7.511160029889722382e-08 7.310829416934979887e-07
2.452558369644126855e+06 -9.815149768204832590e-08 7.333381238313105812e-07
2.452558369713526685e+06 -1.095291502793512302e-07 7.308730051568768290e-07
2.452558369782926515e+06 -7.547051395769665855e-08 7.297805570659042153e-07
2.452558369852326345e+06 -7.977152860954336124e-08 7.310190168431712393e-07
2.452558369921726175e+06 -6.696446417034611340e-08 7.323587240475496287e-07
2.452558369991126005e+06 -1.080713484893875662e-08 7.408108444832787958e-07
2.452558370060525835e+06 -5.472365837062607480e-09 7.562527862557961219e-07
2.452558370129925665e+06 6.191937917473248462e-09 7.742271560942075057e-07
2.452558370199325494e+06 3.785394076253334087e-08 7.979963297951685342e-07
2.452558370268725324e+06 7.942577511763882461e-08 8.315785125889088560e-07
2.452558370338125154e+06 -9.215273332998462627e-09 8.619638523723910679e-07
2.452558370407524984e+06 -1.920880454347686019e-08 8.826943575799635656e-07
2.452558370476924814e+06 -1.822852948198603240e-08 9.030225700196655648e-07
2.452558370546324644e+06 -3.843294559860235590e-08 9.216383936048472026e-07
2.452558370615724474e+06 -5.795837831940448760e-08 9.359001422008664470e-07
2.452558370685124304e+06 -3.515012426369950838e-08 9.502657110870531273e-07
2.452558370754524134e+06 1.239892287741656733e-09 9.711863311985222699e-07
2.452558370823923964e+06 2.858694732558932316e-08 9.998418165963124735e-07
2.452558370893323794e+06 -8.141122564675061305e-08 1.019996734216300014e-06
2.452558370962723624e+06 -8.551460313303648787e-08 1.026995460656484753e-06
2.452558371032123454e+06 -2.909093486052902533e-08 1.038687747082380755e-06
2.452558371101523284e+06 4.093950015223403613e-08 1.064171137856601800e-06
2.452558371170923114e+06 6.042787254371738633e-08 1.100609479733132291e-06
2.452558371240322944e+06 5.764770081654274043e-09 1.134628118000079878e-06
2.452558371309722774e+06 -1.567278245236194319e-08 1.161107320205188297e-06
2.452558371379122604e+06 7.140286831155939931e-09 1.188134528433638517e-06
2.452558371448522434e+06 -5.293059154885310808e-08 1.211213675523271433e-06
2.452558371517922264e+06 -2.830091295816218251e-08 1.230064259303870882e-06
2.452558371587322094e+06 -4.123545479109081254e-08 1.249654291887927669e-06
2.452558371656721924e+06 -8.107820972634475174e-08 1.262546461551089442e-06
2.452558371726121753e+06 -1.678203053666528601e-08 1.276958584603141794e-06
2.452558371795521583e+06 -2.417923699119660503e-08 1.296817219311754829e-06
2.452558371864921413e+06 -9.641361364217071471e-08 1.306852319941712041e-06
2.452558371934321243e+06 -1.431788012837361128e-07 1.301423660641289496e-06
2.452558372003721073e+06 -8.727218832311798522e-08 1.293773005126751300e-06
2.452558372073120903e+06 -5.788447925145408636e-08 1.292585405230533586e-06
2.452558372142520733e+06 -3.297811267881047863e-08 1.295050006006116439e-06
2.452558372211920563e+06 -5.039699966282044779e-08 1.296201752792316289e-06
2.452558372281320393e+06 -9.284061741265890520e-08 1.288150515371512005e-06
2.452558372350720223e+06 -5.143447672978407455e-08 1.276817588128933509e-06
2.452558372420120053e+06 2.221146433826025351e-08 1.275442528619147206e-06
2.452558372489519883e+06 -1.998217659837933140e-08 1.275516263107956386e-06
2.452558372558919713e+06 8.408490740809798087e-08 1.280822048462685204e-06
2.452558372628319543e+06 1.551034050852548151e-07 1.305154801751073705e-06
2.452558372697719373e+06 1.280961519402640137e-07 1.335408952846624917e-06
2.452558372767119203e+06 2.463447742556673733e-08 1.351968318470456699e-06
2.452558372836519033e+06 2.935513887362655725e-08 1.357032731982983141e-06
2.452558372905918863e+06 5.993807072396526015e-08 1.364963828208384641e-06
2.452558372975318693e+06 4.553838047653131709e-09 1.369164412339625513e-06
2.452558373044718523e+06 -1.025874387462417387e-08 1.364029688228331600e-06
2.452558373114118353e+06 7.156953532872990577e-08 1.364567627552308486e-06
2.452558373183518182e+06 5.573099218541770450e-08 1.371379561285280893e-06
2.452558373252918012e+06 3.298180006482360970e-08 1.373090808116909540e-06
2.452558373322317842e+06 1.377714733049539552e-07 1.383229777951690079e-06
2.452558373391717672e+06 6.559741061893064726e-08 1.397049826946360938e-06
2.452558373461117502e+06 7.752331408937867795e-08 1.404222580888900726e-06
2.452558373530517332e+06 7.512108187914833792e-08 1.412179396864647860e-06
2.452558373599917162e+06 1.480666127866665572e-08 1.412684368915189755e-06
2.452558373669316992e+06 5.220338588909928477e-08 1.409622866926158913e-06
2.452558373738716822e+06 9.999042873796828497e-08 1.415251157240794300e-06
2.452558373808116652e+06 9.786813200937172043e-08 1.426012683576944780e-06
2.452558373877516482e+06 5.851255975495213879e-08 1.432409365552997979e-06
2.452558373946916312e+06 8.327058568622872686e-08 1.437142746423696281e-06
2.452558374016316142e+06 6.672902783661871043e-08 1.442745292378617103e-06
2.452558374085715972e+06 2.888796141786665251e-08 1.442109722703641530e-06
2.452558374155115802e+06 5.209518626104923206e-08 1.439244620901986532e-06
2.452558374224515632e+06 -2.274897529513160318e-08 1.429699126957892040e-06
2.452558374293915462e+06 2.504722891258550113e-08 1.415703264372431532e-06
2.452558374363315292e+06 8.413317448143990744e-08 1.412441781883317366e-06
2.452558374432715122e+06 1.074422354304556147e-07 1.418349361244206431e-06
2.452558374502114952e+06 6.689734022434749819e-08 1.422929413111046693e-06
2.452558374571514782e+06 5.835158160629085841e-08 1.422393918752460122e-06
2.452558374640914612e+06 2.124677775140166026e-08 1.416648484073204216e-06
2.452558374710314441e+06 4.740558779225854113e-08 1.409233769866062377e-06
2.452558374779714271e+06 1.243374691144656676e-07 1.413294799246959195e-06
2.452558374849114101e+06 1.427334409251218077e-07 1.429247167339503415e-06
2.452558374918513931e+06 1.412039345511352986e-07 1.449298551127092396e-06
2.452558374987913761e+06 1.501543816754665708e-07 1.472786465536510069e-06
2.452558375057313591e+06 4.529105353202836769e-08 1.488058325963094365e-06
2.452558375126713421e+06 3.578267061293903153e-08 1.492049954676875902e-06
2.452558375196113251e+06 2.200462839893493366e-08 1.494111193204643229e-06
2.452558375265513081e+06 7.247793595437147500e-08 1.501019243566459991e-06
2.452558375334912911e+06 7.776932004500015646e-08 1.515531276902527041e-06
2.452558375404312741e+06 2.798236531388355922e-08 1.526826503897448389e-06
2.452558375473712571e+06 -2.474799467997086797e-08 1.527798737702766911e-06
2.452558375543112401e+06 -5.381692856461820145e-08 1.519730596405541013e-06
2.452558375612512231e+06 -1.010093001342164248e-07 1.502315269613038626e-06
2.452558375681912061e+06 -6.333083164862555989e-08 1.482350478352024480e-06
2.452558375751311891e+06 -5.623152942176857708e-08 1.465948940670256629e-06
2.452558375820711721e+06 3.230516520285476257e-08 1.459487707388472757e-06
2.452558375890111551e+06 4.093702221565483814e-08 1.464286086063590821e-06
2.452558375959511381e+06 -5.228790101086987419e-09 1.465951542280516351e-06
2.452558376028911211e+06 -4.010929867279211683e-08 1.459093541836968189e-06
2.452558376098311041e+06 -1.286341423015248277e-07 1.437887165999857549e-06
2.452558376167710871e+06 -7.265756593193639139e-08 1.411377552257469683e-06
2.452558376237110700e+06 -4.614087729790173889e-08 1.392436016518917577e-06
2.452558376306510530e+06 -3.760274508022228933e-08 1.376468246269546934e-06
2.452558376375910360e+06 -2.395954110818923541e-08 1.362372230623355824e-06
2.452558376445310190e+06 -2.292647511048908082e-08 1.349538510554675602e-06
2.452558376514710020e+06 -2.921466808395697988e-08 1.335840803223064304e-06
2.452558376584109850e+06 -2.692344076668961259e-08 1.321377992212016330e-06
2.452558376653509680e+06 -5.941944198316797915e-08 1.303071784031875538e-06
2.452558376722909510e+06 6.854346744943069925e-08 1.295145478761027877e-06
2.452558376792309340e+06 1.441174646817935035e-07 1.311311624355352631e-06
2.452558376861709170e+06 1.222930661574501336e-07 1.336774944047072598e-06
2.452558376931109000e+06 1.126353345815178138e-07 1.362557993562864264e-06
2.452558377000508830e+06 9.688830088636783725e-09 1.379159590240400038e-06
2.452558377069908660e+06 -5.819363151895005750e-08 1.378713051946932058e-06
2.452558377139308490e+06 -1.599548324747028381e-07 1.359435830145632297e-06
2.452558377208708320e+06 -9.923639409660236316e-08 1.334205486207450298e-06
2.452558377278108150e+06 -9.310295345868797972e-08 1.314941827244448948e-06
2.452558377347507980e+06 -3.653837372336329390e-08 1.301855108191932135e-06
2.452558377416907810e+06 -6.771129398299533485e-08 1.291308162487509803e-06
2.452558377486307640e+06 -5.829486457410262945e-08 1.278109290222839036e-06
2.452558377555707470e+06 1.915271991904214229e-08 1.274583288071323971e-06
2.452558377625107300e+06 -2.254413322379891864e-09 1.278194535142079267e-06
2.452558377694507129e+06 -3.902219207176029243e-08 1.276418860879971502e-06
2.452558377763906959e+06 -2.619104902924326505e-08 1.272597185584246223e-06
2.452558377833306789e+06 -9.351716283579795013e-08 1.262923697969761139e-06
2.452558377902706619e+06 -1.469271021578430831e-07 1.239049721589064154e-06
2.452558377972106449e+06 -1.227204509075948708e-07 1.210069590472735524e-06
2.452558378041506279e+06 -8.399034593890979757e-08 1.186173522850639247e-06
2.452558378110906109e+06 -6.014659859388628521e-08 1.167923767100293358e-06
2.452558378180305939e+06 -1.878226982223220844e-08 1.156273105572976500e-06
2.452558378249705769e+06 -2.087479297643395208e-08 1.148939213009271167e-06
2.452558378319105599e+06 -9.157896329225038858e-08 1.133372535712393064e-06
2.452558378388505429e+06 -9.254509372119580600e-08 1.108804693343432532e-06
2.452558378457905259e+06 -7.055841241778289558e-08 1.085043936931780835e-06
2.452558378527305089e+06 -8.016769162971524712e-08 1.061217847405577528e-06
2.452558378596704919e+06 2.133375896511801551e-08 1.046592125346273192e-06
2.452558378666104749e+06 1.904776861931568168e-08 1.043043836473665900e-06
2.452558378735504579e+06 -2.507122460357167201e-08 1.034862623841171138e-06
2.452558378804904409e+06 -6.128133047416190755e-08 1.017582143054163868e-06
2.452558378874304239e+06 -9.691640798728107580e-08 9.911970067388451084e-07
2.452558378943704069e+06 1.958804782345109492e-08 9.724770511886012889e-07
2.452558379013103899e+06 2.170287055315213065e-08 9.666740961082334946e-07
2.452558379082503729e+06 -2.395017968727134682e-08 9.563681248444925410e-07
2.452558379151903559e+06 4.993464764758340290e-09 9.441661586068272706e-07
2.452558379221303388e+06 5.424072793495464105e-08 9.408714399452961930e-07
2.452558379290703218e+06 -2.894224466559559189e-08 9.344166596248229352e-07
2.452558379360103048e+06 -3.476231949196373997e-08 9.180341602944850578e-07
2.452558379429502878e+06 5.372528882896499877e-08 9.105636506538615525e-07
2.452558379498902708e+06 4.967671091523139036e-08 9.131735923528540444e-07
2.452558379568302538e+06 4.220343030619283056e-08 9.157795758163799950e-07
2.452558379637702368e+06 -5.926317435615511828e-09 9.132031214117824107e-07
2.452558379707102198e+06 5.542384809836350594e-08 9.128170375384234172e-07
2.452558379776502028e+06 4.059461395625120149e-08 9.186773428000820809e-07
2.452558379845901858e+06 -1.852518028752813966e-08 9.174153981192674809e-07
2.452558379915301688e+06 2.220593155589619400e-08 9.146436030187517048e-07
2.452558379984701518e+06 1.199100661196050235e-08 9.158279900521748773e-07
2.452558380054101348e+06 -3.293593677344196697e-09 9.148457598309834573e-07
2.452558380123501178e+06 -6.260249127444933034e-08 9.057089412005176845e-07
2.452558380192901008e+06 -1.325913619105712562e-07 8.811467928156151539e-07
2.452558380262300838e+06 -6.542929104758185733e-08 8.541740385354842385e-07
2.452558380331700668e+06 -3.008456343625104230e-08 8.368031631305712021e-07
2.452558380401100498e+06 -2.842492682450019101e-08 8.225126597893170042e-07
2.452558380470500328e+06 5.289344478123827851e-08 8.169916171545923552e-07
2.452558380539900158e+06 7.600420008417610380e-08 8.236813180437887887e-07
2.452558380609299988e+06 4.371354791816893284e-08 8.306816060331551195e-07
2.452558380678699818e+06 -1.643325449847263983e-08 8.282980030464396740e-07
2.452558380748099647e+06 -5.256976673388482876e-08 8.150160274288510234e-07
2.452558380817499477e+06 -2.703010468873650639e-08 7.995872785774151084e-07
2.452558380886899307e+06 -1.258602654304581189e-08 7.876657619183206036e-07
2.452558380956299137e+06 -6.677090166118967786e-08 7.703941679530753114e-07
2.452558381025698967e+06 -1.298716445088889596e-08 7.517785522789396633e-07
2.452558381095098797e+06 3.061723958655931336e-08 7.430600874360711786e-07
2.452558381164498627e+06 -2.325179334648989364e-08 7.328409513623131535e-07
2.452558381233898457e+06 -1.056418456620619495e-07 7.063405978197013173e-07
2.452558381303298287e+06 -6.211291060230786999e-08 6.731366458429380826e-07
2.452558381372698117e+06 7.616520383183928312e-10 6.494494271002149244e-07
2.452558381442097947e+06 -2.419624952640853733e-08 6.284487468093914350e-07
2.452558381511497777e+06 2.519818115958022294e-08 6.089268409380554906e-07
2.452558381580897607e+06 7.246720545389689731e-08 5.994874171016995705e-07
2.452558381650297437e+06 9.664234555447472241e-08 5.983378105376000521e-07
2.452558381719697267e+06 1.382594186936140269e-07 6.057279105175665656e-07
2.452558381789097097e+06 1.745800467272749032e-07 6.239685379118674779e-07
2.452558381858496927e+06 1.986968163902784938e-07 6.521426440008974024e-07
2.452558381927896757e+06 1.640694379789278177e-07 6.829877745451840497e-07
2.452558381997296587e+06 1.278663943160164930e-07 7.096582941204102552e-07
2.452558382066696417e+06 3.769656873330764149e-08 7.251174978694101782e-07
2.452558382136096247e+06 2.420207818070724872e-08 7.306722524996483051e-07
2.452558382205496076e+06 1.926974204442756661e-08 7.350675596859184033e-07
2.452558382274895906e+06 -2.181140782444884520e-08 7.349233119342979996e-07
2.452558382344295736e+06 7.513759944870963771e-08 7.415321981142240102e-07
2.452558382413695566e+06 9.665014891003872814e-08 7.628518415274722313e-07
2.452558382483095396e+06 3.544656470428141232e-08 7.820422477130897530e-07
2.452558382552495226e+06 9.865382053620054557e-09 7.933005177012127967e-07
2.452558382621895056e+06 -1.539810897272144453e-08 7.998494636015826148e-07
2.452558382691294886e+06 9.256338572105803841e-08 8.166161399346588625e-07
2.452558382760694716e+06 1.095624354774681330e-07 8.495463185998770627e-07
2.452558382830094546e+06 -2.234019233694841869e-09 8.747688982759004587e-07
2.452558382899494376e+06 -5.358936494181980644e-08 8.833757236341539894e-07
2.452558382968894206e+06 -1.271193849186060980e-07 8.779110664261231183e-07
2.452558383038294036e+06 -1.890832393141433641e-07 8.555806305568824973e-07
2.452558383107693866e+06 -8.247425353236964957e-08 8.354892026662001905e-07
2.452558383177093696e+06 -3.441798999008645312e-08 8.307120841480253019e-07
2.452558383246493526e+06 4.047621540651013851e-09 8.350381434627160255e-07
2.452558383315893356e+06 4.848888908089293618e-08 8.490299886661673612e-07
2.452558383385293186e+06 -9.099961381528647992e-09 8.625481982149347484e-07
2.452558383454693016e+06 -6.435425417045884589e-08 8.639117173609873826e-07
2.452558383524092846e+06 -3.007979028955444893e-08 8.624292822197319040e-07
2.452558383593492676e+06 -8.546700960812644404e-08 8.577719981811095464e-07
2.452558383662892506e+06 -1.114210343580724779e-07 8.426125116929776147e-07
2.452558383732292335e+06 -7.841359856243347767e-08 8.261067106687403540e-07
2.452558383801692165e+06 -1.719513913379191534e-08 8.182894015708604503e-07
2.452558383871091995e+06 2.498571971051109110e-08 8.212223678030194223e-07
2.452558383940491825e+06 4.063889472493965626e-08 8.308040696248928309e-07
2.452558384009891655e+06 2.842948605314103929e-08 8.414313554889071291e-07
2.452558384079291485e+06 4.261771859659357543e-08 8.530210454542799990e-07
2.452558384148691315e+06 7.052171912933739235e-09 8.629355742205420829e-07
2.452558384218091145e+06 -2.808704117549517326e-09 8.681709413907121019e-07
2.452558384287490975e+06 4.443787023725590271e-08 8.778125723506722319e-07
2.452558384356890805e+06 3.906325323409040775e-08 8.928425608666891559e-07
2.452558384426290635e+06 -1.797328690528589290e-09 9.035835535765449064e-07
2.452558384495690465e+06 -4.252986132411671690e-08 9.054266096194571209e-07
2.452558384565090295e+06 2.265523646742153474e-09 9.073332560423763351e-07
2.452558384634490125e+06 -1.521189507632434433e-10 9.137613426786399340e-07
2.452558384703889955e+06 -2.754937494796718409e-08 9.168184123797900224e-07
2.452558384773289785e+06 -8.113643412453724793e-08 9.101927905448035272e-07
2.452558384842689615e+06 -7.457983259817007105e-08 8.967925594235555865e-07
2.452558384912089445e+06 -4.573461953483392726e-08 8.855015696595939879e-07
2.452558384981489275e+06 2.946095538181443150e-08 8.845797588243179782e-07
2.452558385050889105e+06 7.123649144045122760e-08 8.966979123108721811e-07
2.452558385120288935e+06 5.062457264084026706e-08 9.121527287997465600e-07
2.452558385189688765e+06 6.763342591259020108e-08 9.284014484092919716e-07
2.452558385259088594e+06 1.296487962556744066e-07 9.550823150106648661e-07
2.452558385328488424e+06 6.505673224786445094e-08 9.837957930939817934e-07
2.452558385397888254e+06 -1.002129083277860268e-08 9.987622363733019147e-07
2.452558385467288084e+06 -4.949093594980256674e-08 1.001335528972060273e-06
2.452558385536687914e+06 -1.258650535948648359e-08 1.003146943959613692e-06
2.452558385606087744e+06 -2.048346134681572473e-08 1.007783737669073117e-06
2.452558385675487574e+06 1.242214982751002550e-08 1.015091792330122735e-06
2.452558385744887404e+06 -3.895633828851463214e-08 1.020308076094625086e-06
2.452558385814287234e+06 -1.206032965469506937e-07 1.009901217581034881e-06
2.452558385883687064e+06 -8.055373256347671886e-08 9.928123220371352610e-07
2.452558385953086894e+06 -3.702881808018674478e-08 9.829150828371535953e-07
2.452558386022486724e+06 -3.872738361473115016e-08 9.762177217070426282e-07
2.452558386091886554e+06 3.467775770915198429e-08 9.765923151976905733e-07
2.452558386161286384e+06 6.991597931355272952e-08 9.891336894118137656e-07
2.452558386230686214e+06 8.151251251368024567e-08 1.007993241044616474e-06
2.452558386300086044e+06 8.923040593492198485e-08 1.030631599946002700e-06
2.452558386369485874e+06 5.320163337552117247e-08 1.051878941247787408e-06
2.452558386438885704e+06 6.328444860512257087e-08 1.071799558358819608e-06
2.452558386508285534e+06 9.240716215320453685e-08 1.097756166631051318e-06
2.452558386577685364e+06 6.521423555625225026e-08 1.126012081270876042e-06
2.452558386647085194e+06 5.892743881492085902e-08 1.152623867164101257e-06
2.452558386716485023e+06 -1.040545255468556693e-08 1.172434942222603757e-06
2.452558386785884853e+06 -8.996739815265959865e-08 1.176127849180902696e-06
2.452558386855284683e+06 -8.396500760167932907e-08 1.170664564195856531e-06
2.452558386924684513e+06 -4.706542948715569943e-08 1.168586088988315351e-06
2.452558386994084343e+06 -5.557805915066371444e-08 1.168606632951242397e-06
2.452558387063484173e+06 -8.826093500566346194e-08 1.162900726158449375e-06
2.452558387132884003e+06 -9.747328645547835586e-08 1.150796582496475177e-06
2.452558387202283833e+06 -7.777395560070995709e-08 1.137735702202922461e-06
2.452558387271683663e+06 -4.604736664179895478e-08 1.128439220790888892e-06
2.452558387341083493e+06 -3.921688452700150217e-09 1.125990226264092815e-06
2.452558387410483323e+06 -1.340252172993080159e-08 1.126402842795242879e-06
2.452558387479883153e+06 -1.553452532588276826e-07 1.108657248126698340e-06
2.452558387549282983e+06 -1.468339959851491982e-07 1.072931661907012306e-06
2.452558387618682813e+06 -4.171559319861762617e-08 1.046082484909456541e-06
2.452558387688082643e+06 -9.947001204717064992e-08 1.021535403484187407e-06
2.452558387757482473e+06 -4.757563495120133484e-08 9.934972744008657078e-07
2.452558387826882303e+06 1.093226940186641202e-08 9.752230772581590838e-07
2.452558387896282133e+06 2.955716087100463491e-09 9.609532203595946223e-07
2.452558387965681963e+06 -5.202373137599807761e-08 9.380527361350753226e-07
2.452558388035081793e+06 -5.126468482614727337e-08 9.067081178704790801e-07
2.452558388104481623e+06 -5.826654898255349039e-08 8.717123223450772729e-07
2.452558388173881453e+06 5.985279876052067649e-08 8.464561200556503074e-07
2.452558388243281282e+06 1.952989293284875705e-07 8.486880144315706522e-07
2.452558388312681112e+06 1.317525406455241806e-07 8.603937249698433539e-07
2.452558388382080942e+06 1.223831570939568172e-07 8.658057819973168583e-07
2.452558388451480772e+06 7.670760358040071681e-08 8.663154963167123536e-07
2.452558388520880602e+06 3.680901989377058915e-09 8.540170661785468869e-07
2.452558388590280432e+06 5.656527554274973043e-08 8.390039099025209381e-07
2.452558388659680262e+06 7.540626707654272400e-08 8.317162054074870470e-07
2.452558388729080092e+06 9.260918520696749957e-08 8.289122659514560554e-07
2.452558388798479922e+06 8.152032614150751728e-08 8.276405457507627128e-07
2.452558388867879752e+06 -2.621922061294742359e-08 8.135849903183100111e-07
2.452558388937279582e+06 4.364566084181326224e-08 7.947907622892032499e-07
2.452558389006679412e+06 3.885444557149087093e-08 7.827610703698858080e-07
2.452558389076079242e+06 -4.428573017175955791e-08 7.605334328433165938e-07
2.452558389145479072e+06 -2.387641772228880247e-08 7.299915303777293453e-07
2.452558389214878902e+06 -6.473950020902980187e-09 7.020023883882852959e-07
2.452558389284278732e+06 -2.858171485769175568e-09 6.750043392822344082e-07
2.452558389353678562e+06 -1.477610247238621209e-09 6.473482520779854186e-07
2.452558389423078392e+06 -4.407579779014018128e-09 6.183038650555450480e-07
2.452558389492478222e+06 -6.146476497595678055e-08 5.810401113471285535e-07
2.452558389561878052e+06 -7.512403699455379912e-10 5.421706026434450350e-07
2.452558389631277882e+06 1.526463738805449114e-07 5.260873443410215741e-07
2.452558389700677712e+06 1.633287294288366239e-07 5.295573771844253831e-07
2.452558389770077541e+06 8.938767161584181963e-08 5.283329051871158478e-07
2.452558389839477371e+06 1.538627781824088047e-07 5.281303132855100594e-07
2.452558389908877201e+06 1.936737312226779685e-07 5.422487290767851482e-07
2.452558389978277031e+06 1.469926452102477462e-07 5.592921871652771117e-07
2.452558390047676861e+06 9.886066727775185490e-08 5.692820406744907093e-07
2.452558390117076691e+06 5.935679153727269696e-08 5.721972122376160879e-07
2.452558390186476521e+06 6.636772458514607687e-08 5.736028024931961577e-07
2.452558390255876351e+06 6.143277036674168595e-08 5.772925683855198473e-07
2.452558390325276181e+06 2.720085760177045184e-08 5.786677385409829298e-07
2.452558390394676011e+06 -1.632049656822284037e-08 5.729346984550113071e-07
2.452558390464075841e+06 -2.635174476115783649e-08 5.620815555998857705e-07
2.452558390533475671e+06 -5.574853867461995671e-08 5.471636780170974512e-07
2.452558390602875501e+06 9.870399428397303958e-09 5.365091870311246956e-07
2.452558390672275331e+06 2.956570348714060186e-08 5.362682660832315024e-07
2.452558390741675161e+06 2.140505859703037619e-08 5.389691716449420284e-07
2.452558390811074991e+06 -6.964545320780089367e-09 5.392864135493723529e-07
2.452558390880474821e+06 1.066131238274019059e-08 5.398850071709474935e-07
2.452558390949874651e+06 5.705813483048146371e-08 5.494075491355665086e-07
2.452558391019274481e+06 -1.413144720630314561e-08 5.584292138188381939e-07
2.452558391088674311e+06 5.455361349263017234e-08 5.693798293407342452e-07
2.452558391158074141e+06 6.579709847163018335e-08 5.919305557769970690e-07
2.452558391227473971e+06 -7.579866061997994252e-08 6.027988374412266498e-07
2.452558391296873800e+06 -1.185307124419137698e-07 5.943120326232234352e-07
2.452558391366273630e+06 -7.503683848693295042e-08 5.857698993949887625e-07
2.452558391435673460e+06 8.911481383082949569e-09 5.918275617571376777e-07
2.452558391505073290e+06 6.969679903841718176e-09 6.087294792875003346e-07
2.452558391574473120e+06 3.330724559570393552e-08 6.308522030204335169e-07
2.452558391643872950e+06 3.301573696021815946e-08 6.588095835944192183e-07
2.452558391713272780e+06 -1.020924918908427548e-08 6.849941362068607085e-07
2.452558391782672610e+06 -5.058716149166571707e-08 7.043837879423403908e-07
2.452558391852072440e+06 -7.721555905952370156e-08 7.180049796747763098e-07
2.452558391921472270e+06 -7.579521893643426532e-08 7.299445695989198322e-07
2.452558391990872100e+06 -1.356579150816565095e-07 7.360390444190913533e-07
2.452558392060271930e+06 -9.179288883432287130e-08 7.404729593652364770e-07
2.452558392129671760e+06 -2.129287016735697394e-08 7.581082459651983216e-07
2.452558392199071590e+06 -9.632176390085832533e-08 7.764709490815893555e-07
2.452558392268471420e+06 -1.301968256275373407e-07 7.833926085718495847e-07
2.452558392337871250e+06 -1.987365757023716130e-07 7.782723877929321291e-07
2.452558392407271080e+06 -2.378996054164276045e-07 7.591233227401607531e-07
2.452558392476670910e+06 -2.165724789717259401e-07 7.348407893596858552e-07
2.452558392546070740e+06 -1.936621909565493095e-07 7.121027091455577520e-07
2.452558392615470570e+06 -1.944658841807065303e-07 6.885521266849189318e-07
2.452558392684870400e+06 -1.801202038145092075e-07 6.631556564819022780e-07
2.452558392754270229e+06 -1.432856313786090515e-07 6.401417041661813004e-07
2.452558392823670059e+06 -1.545170941221897735e-07 6.168650546890607161e-07
2.452558392893069889e+06 -1.479084834023117269e-07 5.898543794236073782e-07
2.452558392962469719e+06 -7.488040280691218145e-08 5.685624883155242489e-07
2.452558393031869549e+06 2.389862160894070699e-08 5.643893741807443826e-07
2.452558393101269379e+06 -4.399495508605357784e-08 5.628787781021689381e-07
2.452558393170669209e+06 -1.985338037608854841e-07 5.349205337225468470e-07
2.452558393240069039e+06 -1.326262692757264915e-07 4.932207894970977183e-07
2.452558393309468869e+06 -4.192445625704660548e-08 4.648805096554237295e-07
2.452558393378868699e+06 -6.117287293164297585e-08 4.416004443015659171e-07
2.452558393448268529e+06 -7.250819172775120783e-08 4.121890532728070178e-07
2.452558393517668359e+06 -4.094333616508524506e-08 3.819851567769838509e-07
2.452558393587068189e+06 -2.566195131965148644e-08 3.541144448438393812e-07
2.452558393656468019e+06 1.355196637706181415e-07 3.439984180883097379e-07
2.452558393725867849e+06 2.562285717557409702e-07 3.658925235733782506e-07
2.452558393795267679e+06 1.001097669572168452e-07 3.864397138170375809e-07
2.452558393864667509e+06 1.631037321218009918e-07 3.987284840416334469e-07
2.452558393934067339e+06 1.031217685087043579e-07 4.129684377752543888e-07
2.452558394003467169e+06 3.144309595128875305e-08 4.136952899037698238e-07
2.452558394072866999e+06 2.895782900056123994e-09 4.030639532562702452e-07
2.452558394142266829e+06 -1.326837539156342841e-08 3.863037541064963643e-07
2.452558394211666659e+06 1.913912080506635120e-07 3.898725091988040115e-07
2.452558394281066488e+06 2.220122640808313958e-07 4.214407023047453542e-07
2.452558394350466318e+06 1.887099144050101597e-07 4.563701050909441938e-07
2.452558394419866148e+06 1.264580692079397514e-07 4.841244808999673402e-07
2.452558394489265978e+06 -5.250482992029618297e-08 4.868971110549277056e-07
2.452558394558665808e+06 1.507809168968534450e-08 4.769811365904113110e-07
2.452558394628065638e+06 8.890807723821097567e-08 4.823492137978981858e-07
2.452558394697465468e+06 3.537131502352086488e-08 4.906091267499398665e-07
2.452558394766865298e+06 8.736414646730912342e-08 4.995138677481645644e-07
2.452558394836265128e+06 3.228164906925028969e-10 5.052116884704030205e-07
2.452558394905664958e+06 6.652302873800277050e-09 5.020256788201682335e-07
2.452558394975064788e+06 5.578054402998608656e-08 5.047920688725083564e-07
2.452558395044464618e+06 4.720653892791210536e-08 5.124307516123238377e-07
2.452558395113864448e+06 3.895144963576773990e-08 5.187945325030896909e-07
2.452558395183264278e+06 9.735560274734909457e-08 5.314979106620712894e-07
2.452558395252664108e+06 1.398414457424775437e-07 5.570899343314141804e-07
2.452558395322063938e+06 4.024751112631605517e-08 5.785658514470336647e-07
2.452558395391463768e+06 -8.007691071735834476e-08 5.764958403617288659e-07
2.452558395460863598e+06 -7.707693154818913266e-08 5.601956589257519270e-07
2.452558395530263428e+06 4.505297969743224110e-09 5.515935625021940638e-07
2.452558395599663258e+06 5.228637143196362711e-08 5.567786646615670476e-07
2.452558395669063088e+06 2.497533538171807895e-08 5.646270347042330210e-07
2.452558395738462918e+06 1.124250178023877775e-08 5.682759091948458344e-07
2.452558395807862747e+06 5.951089126423601514e-08 5.760334597568811176e-07
2.452558395877262577e+06 4.866222791763000556e-08 5.886735693343902037e-07
2.452558395946662407e+06 2.237392696598615678e-08 5.980486722302217405e-07
2.452558396016062237e+06 4.547077307422854890e-09 6.029666444812298123e-07
2.452558396085462067e+06 -4.629984322650128260e-09 6.049162495887324653e-07
2.452558396154861897e+06 -6.869787543383498332e-08 5.982082995240832974e-07
2.452558396224261727e+06 1.509194974089861620e-09 5.911400323044916107e-07
2.452558396293661557e+06 6.737622971559899618e-10 5.910543624776239682e-07
2.452558396363061387e+06 -5.648514654797957375e-08 5.839573667674908063e-07
2.452558396432461217e+06 -2.997825480318170125e-08 5.722931479006467764e-07
2.452558396501861047e+06 -8.455270671076556407e-08 5.559200913101918068e-07
2.452558396571260877e+06 -1.548229129394321802e-09 5.409581608474859416e-07
2.452558396640660707e+06 4.489047485366769596e-08 5.393682346601370775e-07
2.452558396710060537e+06 -6.744011339915862510e-08 5.299856276849577079e-07
2.452558396779460367e+06 -4.140450336795672677e-08 5.096401640283317322e-07
2.452558396848860197e+06 5.045910917709359251e-08 5.009230548287090064e-07
2.452558396918260027e+06 1.342462694835517796e-07 5.118827651003339904e-07
2.452558396987659857e+06 1.093900527170269611e-07 5.311325996598092018e-07
2.452558397057059687e+06 7.227552056705153755e-08 5.455084349787491145e-07
2.452558397126459517e+06 9.128976961044948635e-08 5.595317066245328796e-07
2.452558397195859347e+06 1.193890749104678684e-07 5.806995300175600461e-07
2.452558397265259176e+06 4.640285829435447396e-08 5.990593981588177302e-07
2.452558397334659006e+06 -2.166910194915746584e-08 6.030812844178152770e-07
2.452558397404058836e+06 2.795523374017955171e-08 6.054066386335046231e-07
2.452558397473458666e+06 6.154606505486678238e-08 6.176483573225563908e-07
2.452558397542858496e+06 5.665190782289069024e-09 6.286183150301677690e-07
2.452558397612258326e+06 -2.919169345357785393e-08 6.301963367491066891e-07
2.452558397681658156e+06 -9.428937974104247363e-08 6.202731031550129202e-07
2.452558397751057986e+06 -2.054125808822259482e-07 5.887647653953371296e-07
2.452558397820457816e+06 -1.450210319312607839e-07 5.479728863575964417e-07
2.452558397889857646e+06 1.929341816925930863e-08 5.290029727810694292e-07
2.452558397959257476e+06 5.766647101056492575e-08 5.317950838286804846e-07
2.452558398028657306e+06 5.424722255988660158e-08 5.392896218065912618e-07
2.452558398098057136e+06 2.131767363751627828e-08 5.437157287583881591e-07
2.452558398167456966e+06 -8.717211622484819033e-10 5.425499825104121397e-07
2.452558398236856796e+06 -2.475390521678790588e-08 5.362372683480611165e-07
2.452558398306256626e+06 -6.371614040779503048e-08 5.222917760584992558e-07
2.452558398375656456e+06 5.131697337612714267e-09 5.106912994436136301e-07
2.452558398445056286e+06 3.784676863680108385e-08 5.100645271144581458e-07
2.452558398514456116e+06 -1.123953235420573436e-09 5.091176489028754870e-07
2.452558398583855946e+06 -1.445077013881828847e-08 5.024788623604004867e-07
2.452558398653255776e+06 -4.402278234318145340e-08 4.906371325021566308e-07
2.452558398722655606e+06 -5.076563079368127404e-08 4.738266964726577062e-07
2.452558398792055435e+06 -3.644063276859156563e-08 4.566567885327161293e-07
2.452558398861455265e+06 3.392634607095439486e-08 4.481030601762089308e-07
2.452558398930855095e+06 7.203583019516043038e-08 4.519119524386921954e-07
2.452558399000254925e+06 -3.275895319201233441e-08 4.491037394831072288e-07
2.452558399069654755e+06 -9.189176289296138658e-08 4.276667038258669391e-07
2.452558399139054585e+06 2.925916359780559573e-08 4.118433510219848395e-07
2.452558399208454415e+06 7.750161287824017897e-08 4.147723513324943191e-07
2.452558399277854245e+06 2.117804645973367435e-08 4.179103153771350596e-07
2.452558399347254075e+06 -4.088368940549420073e-08 4.084574704652008446e-07
2.452558399416653905e+06 -6.452004522030730312e-08 3.888407348615150356e-07
2.452558399486053735e+06 -7.875990739486041461e-08 3.635481218900062733e-07
2.452558399555453565e+06 -1.057185299634387602e-07 3.316477969363754223e-07
2.452558399624853395e+06 -6.969712292411600058e-08 2.983498328498039039e-07
2.452558399694253225e+06 -7.068404868164079263e-08 2.666271142930977114e-07
2.452558399763653055e+06 -6.871453508617903545e-08 2.328089159161808919e-07
2.452558399833052885e+06 -9.810628128376789784e-09 2.037319009764922936e-07
2.452558399902452715e+06 3.698950919901790309e-08 1.852234492732029377e-07
2.452558399971852545e+06 6.620294015080384807e-08 1.750655860715669464e-07
2.452558400041252375e+06 9.511437935979435601e-08 1.721325625599543400e-07
2.452558400110652205e+06 6.945551596888042106e-08 1.708514644262989650e-07
2.452558400180052035e+06 9.782354736108133184e-08 1.713297723434650902e-07
2.452558400249451865e+06 1.596167855083031814e-07 1.838910439964900174e-07
2.452558400318851694e+06 1.083277179768872618e-07 2.005537598490682712e-07
2.452558400388251524e+06 4.953795577849869639e-08 2.076831526428508276e-07
2.452558400457651354e+06 3.773079711186689389e-08 2.087472121403704699e-07
2.452558400527051184e+06 7.206142171534262173e-08 2.138423394704240752e-07
2.452558400596451014e+06 1.330741998950580394e-08 2.179048393314723576e-07
2.452558400665850844e+06 3.120109411691995410e-08 2.188540972029994562e-07
2.452558400735250674e+06 6.422812443498261070e-08 2.269508444884482674e-07
2.452558400804650504e+06 8.998976509003521659e-08 2.438218831677710981e-07
2.452558400874050334e+06 1.343641787343077729e-07 2.716437033527676249e-07
2.452558400943450164e+06 6.439517961027846999e-11 2.928931772707522894e-07
2.452558401012849994e+06 -6.420430036960103989e-08 2.940988122058065581e-07
2.452558401082249824e+06 3.131222088535688021e-08 2.996593767605312271e-07
2.452558401151649654e+06 -1.588659734775090760e-08 3.119596795037142371e-07
2.452558401221049484e+06 4.529201986923087066e-09 3.229245967483490876e-07
2.452558401290449314e+06 1.113643783646652715e-07 3.501891501866421497e-07
2.452558401359849144e+06 1.187692964468978368e-07 3.938877217166903858e-07
2.452558401429248974e+06 2.514947140419734649e-08 4.323491290942640142e-07
2.452558401498648804e+06 -6.483348445574810654e-08 4.534864048735789580e-07
2.452558401568048634e+06 -1.065852746522000426e-07 4.612633917106218990e-07
2.452558401637448464e+06 -9.479112166797298182e-08 4.659252375534679219e-07
2.452558401706848294e+06 -8.303381086774901393e-09 4.819358540535597278e-07
2.452558401776248123e+06 -9.794973373298797914e-08 4.986586685727751986e-07
2.452558401845647953e+06 -1.271585785451837420e-07 5.026258855680724367e-07
2.452558401915047783e+06 -4.833409517363670680e-08 5.119161041275110656e-07
2.452558401984447613e+06 -2.934993153869671783e-08 5.326289749876260792e-07
2.452558402053847443e+06 -3.101303978624479105e-08 5.565626718154325864e-07
2.452558402123247273e+06 1.343856588692484145e-08 5.868982464810534476e-07
2.452558402192647103e+06 -2.071561638365096891e-08 6.204188164542190747e-07
2.452558402262046933e+06 -1.987986885153751441e-07 6.314807847093062097e-07
2.452558402331446763e+06 -1.347934955076252343e-07 6.289152553912312726e-07
2.452558402400846593e+06 -1.266888270064387853e-07 6.328019981621281910e-07
2.452558402470246423e+06 -1.449247559337210986e-07 6.342634858139711393e-07
2.452558402539646253e+06 -1.770187921738064938e-07 6.283350603036366423e-07
2.452558402609046083e+06 -1.493155879036019591e-07 6.195343515517411121e-07
2.452558402678445913e+06 -1.249901127011795040e-07 6.141113718676276351e-07
2.452558402747845743e+06 -1.342457082265360991e-07 6.081612372096654846e-07
2.452558402817245573e+06 -1.070192540927288742e-07 6.019815046737913607e-07
2.452558402886645403e+06 -2.335973614905255510e-07 5.819526516893107285e-07
2.452558402956045233e+06 -2.788480024899930393e-07 5.382103620535468714e-07
2.452558403025445063e+06 -1.227704122280096516e-08 5.139430119668225952e-07
2.452558403094844893e+06 -1.176294826995701778e-07 5.044369616909100810e-07
2.452558403164244723e+06 -8.689296583392629165e-08 4.840097423518402493e-07
2.452558403233644553e+06 -7.095718072022000100e-08 4.656377682102342483e-07
2.452558403303044382e+06 -1.028708191812928046e-07 4.423764844777403720e-07
2.452558403372444212e+06 -1.009861053425876757e-07 4.121761413379429118e-07
2.452558403441844042e+06 2.352571198038923351e-09 3.901205305165873079e-07
2.452558403511243872e+06 2.872933930283519397e-08 3.800779532225403694e-07
