2.452603277877700049e+06 0.000000000000000000e+00 0.000000000000000000e+00
2.452603277947099879e+06 5.110042015403841659e-08 5.931831829383605131e-09
2.452603278016499709e+06 4.844898681647895884e-07 6.873832022212090333e-08
2.452603278085899539e+06 1.937697798327832190e-07 1.547984399265415330e-07
2.452603278155299369e+06 1.599600108835977392e-07 2.121278185959237106e-07
2.452603278224699199e+06 4.796834943397340327e-09 2.530591019840079543e-07
2.452603278294099029e+06 1.190764534057943101e-07 2.927980468317498066e-07
2.452603278363498859e+06 6.609023865614975435e-09 3.359998739179661931e-07
2.452603278432898689e+06 -2.403087987503986573e-07 3.409364045245042012e-07
2.452603278502298519e+06 -2.310305278309660598e-07 3.174659736142914280e-07
2.452603278571698349e+06 -1.708871879891278364e-07 2.981565225563302876e-07
2.452603278641098179e+06 -3.024440299012085435e-07 2.671767388751729303e-07
2.452603278710498009e+06 -2.073609760070421181e-07 2.273989486267567422e-07
2.452603278779897839e+06 -2.114208707502548828e-07 1.927970625831063904e-07
2.452603278849297669e+06 -4.600638277825218896e-08 1.722432180766733819e-07
2.452603278918697499e+06 -7.352423895995189568e-08 1.646585621603886448e-07
2.452603278988097329e+06 1.141735037705340865e-09 1.609905426531429714e-07
2.452603279057497159e+06 6.141250827196586718e-09 1.654823174350712050e-07
2.452603279126896989e+06 1.899478975742109123e-07 1.917120022689481250e-07
2.452603279196296819e+06 5.520991535623396533e-08 2.257892407164646000e-07
2.452603279265696649e+06 4.156705246577341306e-08 2.455573388980122224e-07
2.452603279335096478e+06 1.204814924133236927e-07 2.741802083946366711e-07
2.452603279404496308e+06 -7.825346626756623568e-08 2.910620575377166428e-07
2.452603279473896138e+06 2.117524732308908824e-07 3.193607272362658769e-07
2.452603279543295968e+06 1.148239583380306689e-07 3.720664358108481308e-07
2.452603279612695798e+06 1.660914359360092232e-07 4.239842218738514142e-07
2.452603279682095628e+06 1.560716867831279331e-07 4.849343891834649290e-07
2.452603279751495458e+06 2.074394422125564570e-07 5.557098364128907945e-07
2.452603279820895288e+06 1.272729071775624689e-07 6.289973224273056301e-07
2.452603279890295118e+06 1.549158342522898642e-07 7.020507265529363347e-07
2.452603279959694948e+06 6.980608205038340189e-08 7.739980494580050471e-07
2.452603280029094778e+06 -3.247926937349054125e-08 8.293640947883023672e-07
2.452603280098494608e+06 -1.609893105558398277e-07 8.610663303399416867e-07
2.452603280167894438e+06 6.568247467591655994e-08 9.045510165846427499e-07
2.452603280237294268e+06 -1.549309016455030677e-07 9.502678373847557568e-07
2.452603280306694098e+06 -2.770604354890732871e-07 9.578084852503307758e-07
2.452603280376093928e+06 -1.196082483218151279e-07 9.668163008327886551e-07
2.452603280445493758e+06 -6.401148607805798309e-08 9.980648117747248811e-07
2.452603280514893588e+06 -7.834729303542835488e-08 1.033979086729755007e-06
2.452603280584293418e+06 -3.050250651505418596e-07 1.042203834727947195e-06
2.452603280653693248e+06 -2.699404831070190649e-07 1.025415711607334362e-06
2.452603280723093078e+06 -3.475558415301198294e-07 9.982526843820170776e-07
2.452603280792492907e+06 -3.026314835718614667e-07 9.608580072597500773e-07
2.452603280861892737e+06 -2.058611766841898269e-07 9.325398213536687574e-07
2.452603280931292567e+06 -9.653950104744371097e-08 9.219513315454445150e-07
2.452603281000692397e+06 -1.589560453653653211e-07 9.126926831236723098e-07
2.452603281070092227e+06 1.082168838784983895e-07 9.233542177054272138e-07
2.452603281139492057e+06 -1.441862676901285448e-07 9.341360343761203599e-07
2.452603281208891887e+06 -2.999395362697466240e-07 8.960105935051011731e-07
2.452603281278291717e+06 2.570982266999066624e-08 8.709053088263977236e-07
2.452603281347691547e+06 9.766499698522539993e-08 8.868850511137240365e-07
2.452603281417091377e+06 5.576989815226717192e-08 9.058746376674139830e-07
2.452603281486491207e+06 -1.645898325705460403e-08 9.115058555668337465e-07
2.452603281555891037e+06 6.837506970177168111e-08 9.170961884398571312e-07
2.452603281625290867e+06 -9.570354894635223825e-09 9.220611908725162129e-07
2.452603281694690697e+06 4.639636919868141379e-08 9.230668528133299650e-07
2.452603281764090527e+06 1.492475680476351034e-07 9.407632672416937647e-07
2.452603281833490357e+06 1.616241021342521724e-07 9.719758208935112630e-07
2.452603281902890187e+06 -9.663155068045753579e-08 9.762699729347993222e-07
2.452603281972290017e+06 -3.752801411498306966e-08 9.561777141800354722e-07
2.452603282041689847e+06 1.023120370349175818e-07 9.553873221559078032e-07
2.452603282111089677e+06 -8.508257861134193952e-08 9.475239794436321146e-07
2.452603282180489507e+06 -7.050587779199777561e-08 9.173962356440578037e-07
2.452603282249889337e+06 1.142090935148531947e-07 9.059509432572981316e-07
2.452603282319289166e+06 -8.393683304781775827e-08 8.907083381759949898e-07
2.452603282388688996e+06 5.520722386452494614e-08 8.661207941538689324e-07
2.452603282458088826e+06 -6.141988277570845738e-08 8.408143598026125869e-07
2.452603282527488656e+06 2.175252832846425085e-08 8.084120416865241373e-07
2.452603282596888486e+06 -3.488969321801298104e-08 7.753185850794645936e-07
2.452603282666288316e+06 -1.494149580570677312e-07 7.187377673629286192e-07
2.452603282735688146e+06 1.778427342000993057e-07 6.809518635924981714e-07
2.452603282805087976e+06 1.171238823325102273e-07 6.705336211318812985e-07
2.452603282874487806e+06 -4.091645977971109747e-08 6.343228387531884230e-07
2.452603282943887636e+06 1.534380536275794237e-08 5.832848379973000224e-07
2.452603283013287466e+06 -7.300194164681636008e-09 5.317870158725870287e-07
2.452603283082687296e+06 2.449668805072285948e-07 5.028219514595066738e-07
2.452603283152087126e+06 2.184105459350426615e-07 4.986337953097920973e-07
2.452603283221486956e+06 3.706422819301849588e-07 5.104616438374450741e-07
2.452603283290886786e+06 2.940315227401919785e-07 5.343113260255221786e-07
2.452603283360286616e+06 3.128583011743213804e-07 5.560176059549962625e-07
2.452603283429686446e+06 1.437165805881393130e-07 5.645904699091194126e-07
2.452603283499086276e+06 -1.124656213583334909e-08 5.384296433925823671e-07
2.452603283568486106e+06 1.776384111570067691e-07 5.153994977148949055e-07
2.452603283637885936e+06 1.875541793539226326e-07 5.151145722923693828e-07
2.452603283707285766e+06 1.641150771830223518e-07 5.154847030551056023e-07
2.452603283776685596e+06 1.307757532949405349e-07 5.115941692023515382e-07
2.452603283846085425e+06 -4.852934418516109237e-08 4.849202894593551986e-07
2.452603283915485255e+06 -1.536035816841191489e-07 4.247355276140342513e-07
2.452603283984885085e+06 1.049935524869066689e-07 3.784048240789921514e-07
2.452603284054284915e+06 1.131340479233790684e-07 3.607893504488455261e-07
2.452603284123684745e+06 -1.922447169603411938e-08 3.297619960084605328e-07
2.452603284193084575e+06 1.145745948646660439e-07 2.985509981566794996e-07
2.452603284262484405e+06 1.249384152542734675e-07 2.838240588061312743e-07
2.452603284331884235e+06 1.400105452832350982e-07 2.736774628071150418e-07
2.452603284401284065e+06 3.417033982572941329e-08 2.551609624990612896e-07
2.452603284470683895e+06 2.131060925936940141e-07 2.464265839114314955e-07
2.452603284540083725e+06 1.764453360273596313e-07 2.566002460458624406e-07
2.452603284609483555e+06 2.369289710922101681e-07 2.739601016036119259e-07
2.452603284678883385e+06 2.254093425094324285e-07 3.021215305691139193e-07
2.452603284748283215e+06 1.712341314281099419e-07 3.288223084531132443e-07
2.452603284817683045e+06 3.151738515803848472e-08 3.388680237891343722e-07
2.452603284887082875e+06 -1.086550180461773527e-07 3.203344614466639713e-07
2.452603284956482705e+06 -1.920442310146241759e-08 2.966616966719194424e-07
2.452603285025882535e+06 8.205814643242833842e-08 2.953216040268502779e-07
2.452603285095282365e+06 -5.794712736773792481e-08 2.920783903602802646e-07
2.452603285164682195e+06 -6.696191839594704145e-08 2.738539946415850163e-07
2.452603285234082025e+06 1.921643179215808310e-08 2.652321244304630723e-07
2.452603285303481854e+06 1.338267403071875703e-07 2.815722031842833436e-07
2.452603285372881684e+06 -9.304014050505265553e-08 2.891482725839892976e-07
2.452603285442281514e+06 -5.858225165583122600e-08 2.775665198421480441e-07
2.452603285511681344e+06 -1.176373832587808038e-08 2.764235806579641284e-07
2.452603285581081174e+06 -1.228510880371931846e-07 2.698834184143284322e-07
2.452603285650481004e+06 2.285598538856558953e-08 2.687507010181887318e-07
2.452603285719880834e+06 -1.518147475351682492e-07 2.661431145420723860e-07
2.452603285789280664e+06 8.273184112341524966e-08 2.721142458476657464e-07
2.452603285858680494e+06 2.564777438477852345e-08 3.011331747628121137e-07
2.452603285928080324e+06 -1.349887599779501656e-07 3.096588466707201053e-07
2.452603285997480154e+06 -1.386222642962226288e-07 3.014845591934443698e-07
2.452603286066879984e+06 -7.743513355411386393e-08 3.004270378853025800e-07
2.452603286136279814e+06 -1.308221926918650214e-07 3.013857011145792025e-07
2.452603286205679644e+06 -2.807220705172938005e-07 2.799610306425045644e-07
2.452603286275079474e+06 -1.385587753541417170e-07 2.563409294269224058e-07
2.452603286344479304e+06 -1.498870272874699487e-07 2.463419766098259121e-07
2.452603286413879134e+06 -3.033944033820979947e-07 2.170753870443996448e-07
2.452603286483278964e+06 -8.272483423306450485e-08 1.933408713379855144e-07
2.452603286552678794e+06 -1.607869739998535236e-07 1.844905480473830055e-07
2.452603286622078624e+06 -1.648345798862112268e-07 1.660158265157515587e-07
2.452603286691478454e+06 -1.406392898022770059e-07 1.486905140699267802e-07
2.452603286760878284e+06 -1.440151120034647540e-07 1.326852377746066666e-07
2.452603286830278113e+06 -1.540127088974216307e-07 1.141396172116492098e-07
2.452603286899677943e+06 7.835636449197147998e-08 1.201125442837186076e-07
2.452603286969077773e+06 1.525573027799373279e-08 1.470372544859682293e-07
2.452603287038477603e+06 2.009040204597637167e-08 1.706272897364004910e-07
2.452603287107877433e+06 5.329324682185481199e-08 2.015120657592185624e-07
2.452603287177277263e+06 -4.014102377462855699e-08 2.288812161338117099e-07
2.452603287246677093e+06 -9.046244068344645449e-09 2.519024902502548308e-07
2.452603287316076923e+06 -8.662470898275357506e-08 2.717518331879751003e-07
2.452603287385476753e+06 1.181573814891830730e-08 2.957241536708113763e-07
2.452603287454876583e+06 -7.487050969210245680e-08 3.230323408785934143e-07
2.452603287524276413e+06 -3.392248579921718104e-07 3.117348841823607751e-07
2.452603287593676243e+06 -2.567153923621550763e-07 2.771501288489580989e-07
2.452603287663076073e+06 -1.134853905979237855e-07 2.640540790423397478e-07
2.452603287732475903e+06 -1.167127680079108507e-07 2.648386444156908808e-07
2.452603287801875733e+06 -2.155942189686609904e-07 2.528584983228462969e-07
2.452603287871275563e+06 -2.248702615856195431e-07 2.259763018672018519e-07
2.452603287940675393e+06 -1.605404892829879180e-07 2.015267974227458127e-07
2.452603288010075223e+06 -2.069210412215195970e-07 1.755070632167161603e-07
2.452603288079475053e+06 -1.292200846357727943e-07 1.493438651217726631e-07
2.452603288148874883e+06 -5.867185149034516926e-08 1.366503343421490494e-07
2.452603288218274713e+06 -8.446661687213581877e-09 1.357393161713635038e-07
2.452603288287674543e+06 -9.924233629691373871e-08 1.291590764603526227e-07
2.452603288357074372e+06 -1.759612978483095204e-07 1.015452256593157779e-07
2.452603288426474202e+06 -1.005240278782725938e-07 6.994747956799063645e-08
2.452603288495874032e+06 -8.996538840078989460e-08 4.415576506088201146e-08
2.452603288565273862e+06 -3.630887210045622485e-08 2.236778952625117520e-08
2.452603288634673692e+06 -4.461337778634778949e-08 2.911262580059580217e-09
2.452603288704073522e+06 -2.945347170438290804e-08 -1.835432222957212735e-08
2.452603288773473352e+06 -5.075378742623965211e-08 -4.305680622473274741e-08
2.452603288842873182e+06 4.666472299984204392e-08 -6.193055942349217655e-08
2.452603288912273012e+06 -1.093782795016506950e-08 -7.846583473611827357e-08
2.452603288981672842e+06 3.225213833396641753e-08 -9.862540820446665533e-08
2.452603289051072672e+06 6.848488202728851097e-09 -1.189831667314628661e-07
2.452603289120472502e+06 1.297425385433215192e-07 -1.302165319304539400e-07
2.452603289189872332e+06 1.132889782309164834e-07 -1.302164691364880702e-07
2.452603289259272162e+06 1.199240389440908937e-07 -1.312152307050078240e-07
2.452603289328671992e+06 1.175371751563887271e-07 -1.316658119831247633e-07
2.452603289398071822e+06 6.175696634961389202e-08 -1.387306961202539647e-07
2.452603289467471652e+06 1.457646340456990201e-07 -1.430662720489298370e-07
2.452603289536871482e+06 3.291205805317064679e-07 -1.165747583999508447e-07
2.452603289606271312e+06 3.609616896932300381e-07 -6.197903210615139873e-08
2.452603289675671142e+06 1.623747031669082172e-07 -2.068986261106749910e-08
2.452603289745070972e+06 3.179604053448738681e-07 2.004699612775870023e-08
2.452603289814470802e+06 2.984946877547886538e-07 8.082195709070834496e-08
2.452603289883870631e+06 1.685028602238434963e-07 1.304825261913510349e-07
2.452603289953270461e+06 9.090289356861725322e-08 1.608698806145396338e-07
2.452603290022670291e+06 8.770247091918925977e-08 1.844572702222373797e-07
2.452603290092070121e+06 2.656590290766882812e-07 2.300694750253235285e-07
2.452603290161469951e+06 -4.460190054085375000e-08 2.643298994007987748e-07
2.452603290230869781e+06 -6.170677343055504779e-08 2.632138666849934606e-07
2.452603290300269611e+06 -5.535808452418435957e-08 2.595664109734764785e-07
2.452603290369669441e+06 1.279839628684400482e-07 2.763943022935627633e-07
2.452603290439069271e+06 3.731798863107706648e-08 3.046492891984511705e-07
2.452603290508469101e+06 -1.091280939907840629e-07 3.072234882815212146e-07
2.452603290577868931e+06 -4.300561834144533420e-09 3.039773143037211832e-07
2.452603290647268761e+06 1.143226309647079840e-07 3.250691132337197335e-07
2.452603290716668591e+06 1.903535104601596229e-08 3.499084321345351076e-07
2.452603290786068421e+06 -7.410195482173525046e-09 3.620065393758330076e-07
2.452603290855468251e+06 -7.682724867042585311e-08 3.629423568113711291e-07
2.452603290924868081e+06 -5.656646091780678464e-08 3.569315147161580918e-07
2.452603290994267911e+06 -1.024248384940773227e-07 3.459980711503160998e-07
2.452603291063667741e+06 -1.594094281729049801e-07 3.207109133814688525e-07
2.452603291133067571e+06 -1.237830389577033303e-07 2.890790785997115912e-07
2.452603291202467401e+06 3.163893408252053640e-09 2.719183558596064407e-07
2.452603291271867231e+06 -1.144608230601259471e-07 2.531583496717690372e-07
2.452603291341267060e+06 1.353527614307165591e-07 2.470135936051002173e-07
2.452603291410666890e+06 -5.403525091039803355e-08 2.466340518634112919e-07
2.452603291480066720e+06 9.525482191093912225e-08 2.410536914032926619e-07
2.452603291549466550e+06 -1.175917404494999586e-07 2.270586478326704301e-07
2.452603291618866380e+06 9.438139819270938337e-08 2.111099801894080774e-07
2.452603291688266210e+06 5.355802298332335024e-08 2.130834373114095719e-07
2.452603291757666040e+06 1.231270948857854572e-07 2.184882656985402887e-07
2.452603291827065870e+06 1.401147264841335821e-08 2.198204299759863947e-07
2.452603291896465700e+06 2.444600107173478519e-07 2.353613383464467400e-07
2.452603291965865530e+06 2.227468446021314950e-07 2.768303328157784485e-07
2.452603292035265360e+06 3.210067955441070021e-09 2.947631584799986898e-07
2.452603292104665190e+06 2.190429679507287464e-09 2.889433195211124712e-07
2.452603292174065020e+06 1.170185896667681781e-07 2.956249329585651040e-07
2.452603292243464850e+06 9.005261944411362831e-08 3.131987209665280551e-07
2.452603292312864680e+06 1.346118598743214431e-07 3.346909635071428591e-07
2.452603292382264510e+06 1.323511932897689426e-07 3.633642366381617226e-07
2.452603292451664340e+06 2.048386664526388211e-07 4.031861451639675175e-07
2.452603292521064170e+06 2.403808919720879803e-07 4.596643217953446995e-07
2.452603292590464000e+06 1.372476680628788019e-07 5.140747217330151885e-07
2.452603292659863830e+06 2.788128861027717168e-09 5.462762888717484422e-07
2.452603292729263660e+06 2.544109243791785735e-09 5.656540879706118136e-07
2.452603292798663490e+06 9.905661415428613242e-09 5.871944104285589819e-07
2.452603292868063319e+06 -7.346694427811839849e-08 6.014196326248277600e-07
2.452603292937463149e+06 -7.468195645966926175e-08 6.064848187701256601e-07
2.452603293006862979e+06 -1.067107609813796499e-07 6.073307507904835920e-07
2.452603293076262809e+06 -7.930323309846169419e-08 6.068240462647135087e-07
2.452603293145662639e+06 -1.870337056727212903e-07 5.960451659327411714e-07
2.452603293215062469e+06 -7.291120840208590181e-08 5.839816045862365988e-07
2.452603293284462299e+06 1.806789158307098966e-08 5.936227021556125509e-07
2.452603293353862129e+06 -9.498104758168631777e-08 6.009860159328849581e-07
2.452603293423261959e+06 -9.612536676670428623e-08 5.951224270325173441e-07
2.452603293492661789e+06 -8.295851073940566324e-08 5.892655516214150178e-07
2.452603293562061619e+06 -1.920212180036700277e-07 5.709346157828269001e-07
2.452603293631461449e+06 -2.383156669550718482e-07 5.319406647828949348e-07
2.452603293700861279e+06 -1.116226422717419252e-07 4.975364518313702333e-07
2.452603293770261109e+06 -3.326919910464930488e-08 4.828566887185877862e-07
2.452603293839660939e+06 -9.500226810558558048e-08 4.682984982009483317e-07
2.452603293909060769e+06 -1.132319711976111505e-07 4.427528449751211214e-07
2.452603293978460599e+06 -8.483741659899546297e-08 4.155959636407083832e-07
2.452603294047860429e+06 -1.516275006350264759e-07 3.811480725614944772e-07
2.452603294117260259e+06 -8.048881138799258971e-08 3.437273800705567262e-07
2.452603294186660089e+06 3.530904659336858603e-08 3.243746329091225862e-07
2.452603294256059919e+06 -2.004085169980893580e-08 3.105135469577539620e-07
2.452603294325459749e+06 5.889257288556724797e-08 2.985593413994519364e-07
2.452603294394859578e+06 9.547839784361780359e-08 2.994724332220353989e-07
2.452603294464259408e+06 8.692418716823229216e-08 3.045470164286508556e-07
2.452603294533659238e+06 -1.287851335399634638e-08 2.984183212601836850e-07
2.452603294603059068e+06 7.256933042464164985e-08 2.908027128510143471e-07
2.452603294672458898e+06 1.556078937382152682e-07 3.028051749140976410e-07
2.452603294741858728e+06 6.083129629855200781e-08 3.156438832916609621e-07
2.452603294811258558e+06 -2.515023419717808203e-08 3.097526967962154869e-07
2.452603294880658388e+06 5.530388951930782448e-08 3.034265445690645485e-07
2.452603294950058218e+06 1.884181684276009864e-07 3.220737992954998197e-07
2.452603295019458048e+06 -8.084177012873735104e-08 3.277899722690308493e-07
2.452603295088857878e+06 -1.170170490816867199e-07 2.994659432419629764e-07
2.452603295158257708e+06 6.109707827322410855e-08 2.853629608865707507e-07
2.452603295227657538e+06 6.843472842006833121e-08 2.921460196036447966e-07
2.452603295297057368e+06 5.375576842822096135e-08 2.997093058377374441e-07
2.452603295366457198e+06 1.126623224047835823e-07 3.140839339565104109e-07
2.452603295435857028e+06 1.246309465116621256e-07 3.390466087050795287e-07
2.452603295505256858e+06 4.454889316794585438e-08 3.595216827050856765e-07
2.452603295574656688e+06 8.264265604612166242e-08 3.779450598972501321e-07
2.452603295644056518e+06 1.171061543466218890e-07 4.072896389469003551e-07
2.452603295713456348e+06 1.858564158033660331e-07 4.521817441233969673e-07
2.452603295782856178e+06 1.012631495067247381e-07 5.003196792461759612e-07
2.452603295852256007e+06 -3.693513311378568681e-08 5.278221041509544861e-07
2.452603295921655837e+06 -1.178930065437257261e-07 5.326828507370099762e-07
2.452603295991055667e+06 -6.028581960965394225e-08 5.350624619133642646e-07
2.452603296060455497e+06 2.896764011934768618e-08 5.543902658956996338e-07
2.452603296129855327e+06 -6.417767982038457036e-08 5.749262086053298551e-07
2.452603296199255157e+06 -5.180817079644203607e-08 5.877609246330595409e-07
2.452603296268654987e+06 -1.065335342083035037e-07 5.964132185355518325e-07
2.452603296338054817e+06 -1.790889249216480121e-07 5.904896370721175454e-07
2.452603296407454647e+06 -1.573399642904813265e-07 5.772386213166187714e-07
2.452603296476854477e+06 -5.455108311459298960e-08 5.762177901646924650e-07
2.452603296546254307e+06 3.772345637099213210e-08 5.969397288117702937e-07
2.452603296615654137e+06 -5.743678704466053511e-08 6.187275479804155211e-07
2.452603296685053967e+06 -1.158789337549574980e-07 6.240976862519183521e-07
2.452603296754453797e+06 3.635246620425275382e-08 6.399069371690355596e-07
2.452603296823853627e+06 -2.330370669712079760e-07 6.427408509222459358e-07
2.452603296893253457e+06 -1.149670651731218453e-07 6.271667652489110489e-07
2.452603296962653287e+06 -7.318626686950662702e-08 6.273082886524009826e-07
2.452603297032053117e+06 -3.420276747892443949e-08 6.357078245820482327e-07
2.452603297101452947e+06 -1.245489004185054733e-07 6.378993601964332625e-07
2.452603297170852777e+06 -1.552265739922276860e-07 6.250932809433614856e-07
2.452603297240252607e+06 -2.597112551744536160e-08 6.211636778904413037e-07
2.452603297309652437e+06 -1.015946427809557011e-08 6.325008928215280827e-07
2.452603297379052266e+06 4.250305357318197475e-08 6.518616405617559913e-07
2.452603297448452096e+06 8.812673816897863412e-08 6.835253621914626829e-07
2.452603297517851926e+06 8.433096235374704178e-08 7.221854200440883754e-07
2.452603297587251756e+06 -2.771340179693074677e-08 7.501731779023779049e-07
2.452603297656651586e+06 -1.369217099158101598e-07 7.539697833588578707e-07
2.452603297726051416e+06 -7.177987468190541380e-08 7.514546839247878879e-07
2.452603297795451246e+06 -9.261596031285870051e-08 7.522007713003484763e-07
2.452603297864851076e+06 -1.285606853000325739e-07 7.448390129996709386e-07
2.452603297934250906e+06 5.299550765466785921e-08 7.520052046197894544e-07
2.452603298003650736e+06 -1.539741332491968273e-08 7.715284980877633915e-07
2.452603298073050566e+06 -4.655857168067862029e-08 7.800295874923846079e-07
2.452603298142450396e+06 -2.497500383530054957e-08 7.867227939086448665e-07
2.452603298211850226e+06 -2.219809821668178932e-07 7.721537519497710990e-07
2.452603298281250056e+06 -1.925178584032879155e-07 7.349636267873149367e-07
2.452603298350649886e+06 -7.023096418933662996e-08 7.098802818012372786e-07
2.452603298420049716e+06 -1.222132760445865496e-07 6.889158181914341853e-07
2.452603298489449546e+06 -1.930416021722811293e-07 6.502267812749162850e-07
2.452603298558849376e+06 -1.887209273220428392e-07 5.985764937208463604e-07
2.452603298628249206e+06 -1.015189813262537396e-07 5.511165128899197880e-07
2.452603298697649036e+06 -3.007074338725163650e-09 5.194753576027583159e-07
2.452603298767048866e+06 1.955252695142650311e-08 4.980769884244379428e-07
2.452603298836448696e+06 1.168714037123581969e-07 4.880592599372955868e-07
2.452603298905848525e+06 1.493529927489210133e-07 4.919350132333039607e-07
2.452603298975248355e+06 3.664138372301658036e-07 5.251909877323903069e-07
2.452603299044648185e+06 4.158951277279108561e-07 5.929892072545338242e-07
2.452603299114048015e+06 1.617797710321953516e-07 6.442613922229774466e-07
2.452603299183447845e+06 2.050876235308537051e-07 6.763216160426569459e-07
2.452603299252847675e+06 2.417475517586995483e-07 7.207199107546316604e-07
2.452603299322247505e+06 3.081311557353238082e-07 7.813702383607984265e-07
2.452603299391647335e+06 1.476539792345613264e-07 8.369925484263003111e-07
2.452603299461047165e+06 9.793978533334354618e-08 8.733735959592196116e-07
2.452603299530446995e+06 1.335216232109887124e-07 9.110299848812445756e-07
2.452603299599846825e+06 2.881003986106856154e-08 9.435972921014639353e-07
2.452603299669246655e+06 -1.131137850589130115e-07 9.498040283585503123e-07
2.452603299738646485e+06 -1.890269547992291153e-07 9.300712747413835654e-07
2.452603299808046315e+06 -7.595542675928144995e-08 9.112220440832112256e-07
2.452603299877446145e+06 -2.283069335468150324e-08 9.084267723203303698e-07
2.452603299946845975e+06 -7.437664136940051762e-08 9.043925291513392471e-07
2.452603300016245805e+06 8.921390065475911708e-08 9.118546940138783006e-07
2.452603300085645635e+06 1.677604365664197807e-07 9.471960465688252553e-07
2.452603300155045465e+06 7.081988271381150305e-08 9.831659633794299461e-07
2.452603300224445295e+06 8.008844277786841652e-08 1.011697621276443959e-06
2.452603300293845125e+06 1.121821218703812190e-07 1.046877724449437128e-06
2.452603300363244954e+06 7.393083349463362965e-08 1.083830447564299403e-06
2.452603300432644784e+06 -4.263067007530742995e-09 1.109846869520353753e-06
2.452603300502044614e+06 -8.162575201733383395e-08 1.119113830089209712e-06
2.452603300571444444e+06 1.477489024413187473e-07 1.145480108402202933e-06
2.452603300640844274e+06 7.963784587545752839e-08 1.191847667999352105e-06
2.452603300710244104e+06 -5.789777541959656672e-09 1.223750105454944142e-06
2.452603300779643934e+06 9.212551358769265529e-08 1.258776837980216451e-06
2.452603300849043764e+06 1.693359293414349930e-07 1.316057208238330485e-06
2.452603300918443594e+06 1.002909589041557385e-07 1.378493926733059799e-06
2.452603300987843424e+06 5.075662079031838103e-08 1.431746589619831295e-06
2.452603301057243254e+06 1.495368132456793793e-08 1.478491793244124523e-06
2.452603301126643084e+06 -1.240124711424036823e-08 1.520440702446823148e-06
2.452603301196042914e+06 -1.241624825415867769e-07 1.548119611402183883e-06
2.452603301265442744e+06 -5.156754448024572027e-08 1.571480664181187825e-06
2.452603301334842574e+06 -1.273864764114709565e-07 1.594165306189500600e-06
2.452603301404242404e+06 -2.737097587997331678e-08 1.619234829397827998e-06
2.452603301473642234e+06 -1.674071163618255110e-07 1.639446780323643241e-06
2.452603301543042064e+06 -2.307022723850827813e-07 1.635276315138676647e-06
2.452603301612441894e+06 -2.251464983567571515e-07 1.620990859578668562e-06
2.452603301681841724e+06 -1.940326016590419351e-07 1.606537365481354327e-06
2.452603301751241554e+06 -1.616178724011303430e-07 1.595129275242951900e-06
2.452603301820641384e+06 -1.383028301443937162e-07 1.586307886355838517e-06
2.452603301890041213e+06 -1.637475958527387513e-07 1.573748907741682297e-06
2.452603301959441043e+06 -4.690421583749660038e-08 1.568020522900426697e-06
2.452603302028840873e+06 1.422417193462177926e-09 1.578545423620445417e-06
2.452603302098240703e+06 -7.496771277624157398e-08 1.584737409052152996e-06
2.452603302167640533e+06 -3.175855385256771595e-09 1.588905526835684057e-06
2.452603302237040363e+06 9.542182246813787340e-08 1.611211267849127054e-06
2.452603302306440193e+06 4.074177272993325147e-08 1.638985807844494784e-06
2.452603302375840023e+06 4.356572320656488146e-08 1.661701771393152754e-06
2.452603302445239853e+06 3.675021770713876036e-08 1.684357920931705274e-06
2.452603302514639683e+06 -6.585444480319392115e-08 1.694709843823644964e-06
2.452603302584039513e+06 7.943154037098050422e-08 1.709097579459916739e-06
2.452603302653439343e+06 6.223057217672034084e-08 1.737910809441836578e-06
2.452603302722839173e+06 1.901982204937136384e-07 1.780710913902459228e-06
2.452603302792239003e+06 2.629164955991550473e-08 1.821938289109921115e-06
2.452603302861638833e+06 5.907718250575816354e-08 1.850296226360825196e-06
2.452603302931038663e+06 -3.198598614537372515e-08 1.872787664561566565e-06
2.452603303000438493e+06 -4.259685289105286572e-08 1.883716715972906521e-06
2.452603303069838323e+06 -1.389502724525949501e-08 1.895739925656521473e-06
2.452603303139238153e+06 2.767703817343881616e-08 1.915065438008184751e-06
2.452603303208637983e+06 1.275101300576358308e-07 1.950761885576139676e-06
2.452603303278037813e+06 -1.514658107667244699e-07 1.967374116044719656e-06
2.452603303347437643e+06 -2.394062425536731156e-07 1.941007629435856648e-06
2.452603303416837472e+06 -2.282438990786256412e-07 1.900760331772753946e-06
2.452603303486237302e+06 -1.585155072253155548e-07 1.863626098594986911e-06
2.452603303555637132e+06 -1.536003240481786415e-08 1.845492723499716744e-06
2.452603303625036962e+06 -9.803877373223508051e-08 1.830927153003030095e-06
2.452603303694436792e+06 -7.776794191615337321e-08 1.806206502541751092e-06
2.452603303763836622e+06 -2.954683425299083438e-08 1.785588672200215815e-06
2.452603303833236452e+06 -4.396101583571417223e-08 1.765673304911474395e-06
2.452603303902636282e+06 -1.490798516727041412e-07 1.728908671754737998e-06
2.452603303972036112e+06 -2.861558902430649811e-08 1.689321099808351552e-06
2.452603304041435942e+06 -1.194500034482432300e-07 1.648500765976516644e-06
2.452603304110835772e+06 -2.311407899231856500e-07 1.579612402679745183e-06
2.452603304180235602e+06 -2.196109672168365762e-07 1.491788709793286028e-06
2.452603304249635432e+06 -1.208812164433645980e-07 1.407787850442540904e-06
2.452603304319035262e+06 7.717934688577537752e-08 1.350101629722265079e-06
2.452603304388435092e+06 8.852262664947464658e-08 1.311818633787775814e-06
2.452603304457834922e+06 1.132444590496305345e-07 1.275213521782854646e-06
2.452603304527234752e+06 1.409877367684332795e-07 1.242615433543691545e-06
2.452603304596634582e+06 2.466656350070927556e-07 1.224084409809596148e-06
2.452603304666034412e+06 3.335667931857089580e-07 1.228204462747667551e-06
2.452603304735434242e+06 1.945249219826515060e-07 1.229142889132816729e-06
2.452603304804834072e+06 2.468087003954099819e-07 1.222600503555356067e-06
2.452603304874233902e+06 1.051406250785511401e-07 1.207533131264690480e-06
2.452603304943633731e+06 1.534818172745884628e-07 1.182650260495802380e-06
2.452603305013033561e+06 2.178882158010497894e-07 1.170925895642090045e-06
2.452603305082433391e+06 2.487155166802092852e-07 1.171865049567262105e-06
2.452603305151833221e+06 2.704082756937898509e-07 1.181938745358009389e-06
2.452603305221233051e+06 5.129739115454734350e-08 1.173130232939889164e-06
2.452603305290632881e+06 -3.014612654193672666e-08 1.131425138565113707e-06
2.452603305360032711e+06 1.550055355313358392e-07 1.100272095564027773e-06
2.452603305429432541e+06 1.175821703191999539e-07 1.086064136926438892e-06
2.452603305498832371e+06 2.211682176260247718e-07 1.081256796989509719e-06
2.452603305568232201e+06 3.070017602692090551e-07 1.101206845362834281e-06
2.452603305637632031e+06 2.872009990133685109e-07 1.134239971201261723e-06
2.452603305707031861e+06 2.917242225907600951e-07 1.172217396843082572e-06
2.452603305776431691e+06 1.393552181367515795e-07 1.200120965891670190e-06
2.452603305845831521e+06 1.949991240553790251e-07 1.222620707018715400e-06
2.452603305915231351e+06 1.156554264252580751e-07 1.247456445698408308e-06
2.452603305984631181e+06 4.509465301786001365e-08 1.260080857887636878e-06
2.452603306054031011e+06 -1.973402317347617474e-09 1.262772704181259213e-06
2.452603306123430841e+06 -5.373487621418257540e-08 1.256529821594978417e-06
2.452603306192830671e+06 5.733112903900011376e-08 1.258664240349183401e-06
2.452603306262230501e+06 -1.514554740318656119e-08 1.267608717175715408e-06
2.452603306331630331e+06 4.889974745848435931e-08 1.278541981665327491e-06
2.452603306401030160e+06 -6.681996899473138112e-08 1.286537995603739843e-06
2.452603306470429990e+06 5.643599200490851690e-08 1.298026866683769197e-06
2.452603306539829820e+06 2.037193319948375055e-08 1.322507876114855576e-06
2.452603306609229650e+06 1.394889570273866816e-07 1.360753774971314899e-06
2.452603306678629480e+06 4.328589297438254425e-08 1.407068436982822603e-06
2.452603306748029310e+06 5.210900879232461403e-08 1.449269801377510381e-06
2.452603306817429140e+06 6.645754565886989594e-09 1.492532131395709744e-06
2.452603306886828970e+06 -1.283271435557139355e-07 1.520012176377327101e-06
2.452603306956228800e+06 -1.686432013634466949e-07 1.530348873955661882e-06
2.452603307025628630e+06 -1.077133602804026888e-07 1.544236287488219197e-06
2.452603307095028460e+06 -2.227246380249253090e-07 1.553234405439910992e-06
2.452603307164428290e+06 -2.233720308443862866e-07 1.549513166025755155e-06
2.452603307233828120e+06 -1.307035676359503197e-07 1.555682255742918508e-06
2.452603307303227950e+06 -1.621713324886778613e-07 1.569134234939783719e-06
2.452603307372627780e+06 -3.124233838451674936e-07 1.562329538662701485e-06
2.452603307442027610e+06 -4.145366825452400706e-07 1.524758541699420996e-06
2.452603307511427440e+06 -3.863123514385664769e-07 1.473785665768951506e-06
2.452603307580827270e+06 -1.773346763546811587e-07 1.444146998853438515e-06
2.452603307650227100e+06 -1.913591052170589659e-07 1.433334883873943305e-06
2.452603307719626930e+06 -2.798920144809122735e-07 1.408871265854414017e-06
2.452603307789026760e+06 -2.898145964041340520e-07 1.369752693352330364e-06
2.452603307858426590e+06 -1.617759001505173445e-07 1.339587084538430472e-06
2.452603307927826419e+06 -1.248398138527783004e-07 1.324865627621813818e-06
2.452603307997226249e+06 -1.887223053829447158e-07 1.305027832546410317e-06
2.452603308066626079e+06 -2.268347983382147380e-07 1.270828215831152074e-06
2.452603308136025909e+06 -7.434861790033027191e-08 1.245882732274288162e-06
2.452603308205425739e+06 6.334010890309134107e-09 1.245062491993960066e-06
2.452603308274825569e+06 -8.666570628816535555e-08 1.242511482519183448e-06
2.452603308344225399e+06 -3.000658044558948676e-09 1.238364093973287818e-06
2.452603308413625229e+06 -9.305264701615530999e-08 1.232771472251029371e-06
2.452603308483025059e+06 -1.792120221656314999e-07 1.205851537832243783e-06
2.452603308552424889e+06 -3.411214241403239818e-08 1.182613141554104640e-06
2.452603308621824719e+06 5.746797576026181097e-08 1.184155551296554962e-06
2.452603308691224549e+06 4.223221073118810706e-08 1.194578966636523345e-06
2.452603308760624379e+06 -6.538651712195677983e-08 1.191681915476577475e-06
2.452603308830024209e+06 7.979202323236367128e-08 1.192600306283107075e-06
2.452603308899424039e+06 1.526135519119056440e-07 1.218675903075038456e-06
2.452603308968823869e+06 9.967978899772202942e-08 1.249575617414907686e-06
2.452603309038223699e+06 1.262439839112547404e-07 1.280326123602873419e-06
2.452603309107623529e+06 1.737501981021448489e-07 1.322431185672117865e-06
2.452603309177023359e+06 6.167875604441077875e-08 1.360870797730652329e-06
2.452603309246423189e+06 7.294856323514325802e-08 1.390861960697498139e-06
2.452603309315823019e+06 -1.091038093199649132e-09 1.415743526612906664e-06
2.452603309385222849e+06 3.762118208133569849e-08 1.438013271734640997e-06
2.452603309454622678e+06 -8.141313376926732407e-08 1.452047624664548585e-06
2.452603309524022508e+06 -1.119251056051446120e-07 1.448821083839768724e-06
2.452603309593422338e+06 -1.136975097118635973e-07 1.440024570970284242e-06
2.452603309662822168e+06 -7.126852160429004402e-08 1.433522856870541736e-06
2.452603309732221998e+06 2.119836422860865286e-08 1.440520713511545302e-06
2.452603309801621828e+06 1.182343409642133390e-07 1.468817820443873507e-06
2.452603309871021658e+06 -1.384286119650101016e-09 1.496044380179587503e-06
2.452603309940421488e+06 -7.784012769749711380e-08 1.501842739058421864e-06
2.452603310009821318e+06 1.659135000200281192e-07 1.526004447528234963e-06
2.452603310079221148e+06 1.733026952922653358e-07 1.580209664926285412e-06
2.452603310148620978e+06 7.214471325626153943e-08 1.627551834549058689e-06
2.452603310218020808e+06 -3.790899994357959084e-08 1.653473004967240727e-06
2.452603310287420638e+06 8.703394972216606064e-08 1.681763110257762447e-06
2.452603310356820468e+06 2.265583375181416619e-08 1.717892700866887280e-06
2.452603310426220298e+06 -2.072381415953344082e-07 1.721419666307299660e-06
2.452603310495620128e+06 -1.933476521700076389e-07 1.697827904429610105e-06
2.452603310565019958e+06 -2.206781206202054891e-07 1.667741435315758207e-06
2.452603310634419788e+06 -6.474332668246114657e-08 1.647072695399009296e-06
2.452603310703819618e+06 -7.227827386603540824e-08 1.639278148025512054e-06
2.452603310773219448e+06 2.292852923764455476e-08 1.638810129672763422e-06
2.452603310842619278e+06 -4.130224552493188411e-08 1.639954599769384932e-06
2.452603310912019107e+06 -4.910960729164746427e-08 1.630987294501166313e-06
2.452603310981418937e+06 -3.029086801025365874e-08 1.620526739810243867e-06
2.452603311050818767e+06 -9.997095714171466555e-08 1.601331269851797353e-06
2.452603311120218597e+06 -3.564311879774979916e-08 1.577859744718090015e-06
2.452603311189618427e+06 1.074953463788650476e-07 1.574505927126296137e-06
2.452603311259018257e+06 2.557973670758249389e-07 1.603335349773868755e-06
2.452603311328418087e+06 4.067561988594453116e-07 1.668791767829583334e-06
2.452603311397817917e+06 2.472814276428605420e-07 1.739038973366141446e-06
2.452603311467217747e+06 2.007486433543795751e-07 1.791498754664257267e-06
2.452603311536617577e+06 2.497249211287194139e-07 1.848277230175906655e-06
2.452603311606017407e+06 2.241614695560904163e-07 1.912141661346671645e-06
2.452603311675417237e+06 1.735440500002848990e-07 1.972140746128182696e-06
2.452603311744817067e+06 1.295249479174540586e-07 2.025541513436715841e-06
2.452603311814216897e+06 9.151222303933313370e-08 2.072935903540542539e-06
2.452603311883616727e+06 5.895976885379674890e-08 2.114870022951781023e-06
2.452603311953016557e+06 3.136297072666845838e-08 2.151848486304615285e-06
2.452603312022416387e+06 8.254903487297098981e-09 2.184338218769691988e-06
2.452603312091816217e+06 -1.079700005427588503e-08 2.212771787536967277e-06
2.452603312161216047e+06 -2.619387023954533901e-08 2.237550322947942495e-06
2.452603312230615877e+06 -3.830796483086732652e-08 2.259046082764969825e-06
2.452603312300015707e+06 -4.748492357956849345e-08 2.277604706739373297e-06
2.452603312369415537e+06 -5.404575461512509433e-08 2.293547203000635657e-06
2.452603312438815366e+06 -5.828858915237607028e-08 2.307171702763588938e-06
2.452603312508215196e+06 -6.049023653794141677e-08 2.318755015374860057e-06
2.452603312577615026e+06 -6.090756767354354928e-08 2.328554011736167525e-06
2.452603312647014856e+06 -5.977875131052988076e-08 2.336806860598859616e-06
2.452603312716414686e+06 -5.732436456122933472e-08 2.343734139075261382e-06
2.452603312785814516e+06 -5.374839617700795554e-08 2.349539835916745762e-06
2.452603312855214346e+06 -4.923915866357111573e-08 2.354412263629014264e-06
2.452603312924614176e+06 -4.397012310772108964e-08 2.358524893298870004e-06
2.452603312994014006e+06 -3.810068864726662371e-08 2.362037124064117843e-06
2.452603313063413836e+06 -3.177689680009013038e-08 2.365094997442647115e-06
2.452603313132813666e+06 -2.513209935610472268e-08 2.367831865224367047e-06
2.452603313202213496e+06 -1.828758720520174726e-08 2.370369018299166373e-06
2.452603313271613326e+06 -1.135318630655541361e-08 2.372816282626225805e-06
2.452603313341013156e+06 -4.427825982256893937e-09 2.375272587527633050e-06
2.452603313410412986e+06 2.399916174263125323e-09 2.377826510596815335e-06
2.452603313479812816e+06 1.302733430020002069e-07 2.394628484233611584e-06
2.452603313549212646e+06 1.415832515366024811e-07 2.427821646923608358e-06
2.452603313618612476e+06 1.958343568545154505e-07 2.470657626791050568e-06
2.452603313688012306e+06 7.623758969064421079e-08 2.508952853811144588e-06
2.452603313757412136e+06 1.675348137261463449e-07 2.546463181925219857e-06
2.452603313826811966e+06 -6.139661684077393177e-09 2.576780303299051186e-06
2.452603313896211796e+06 -3.628565231023446565e-08 2.584989831121605857e-06
2.452603313965611625e+06 6.281340810433787817e-09 2.593805451129204314e-06
2.452603314035011455e+06 -5.899838126637398387e-08 2.599269819201158188e-06
2.452603314104411285e+06 -1.358528559827124010e-07 2.587216117695537609e-06
2.452603314173811115e+06 -1.228160245596839422e-07 2.564929220982870677e-06
2.452603314243210945e+06 -8.467885528722657305e-08 2.544796087990874034e-06
2.452603314312610775e+06 -1.179857679957328737e-07 2.521840063276534551e-06
2.452603314382010605e+06 -5.233115900535654531e-08 2.499120538013936756e-06
2.452603314451410435e+06 1.135226804912524087e-07 2.499960591025607580e-06
2.452603314520810265e+06 1.532538337550443553e-07 2.524048675185804258e-06
2.452603314590210095e+06 5.232939114739125073e-08 2.542992704107185082e-06
2.452603314659609925e+06 1.566765577147327818e-07 2.563743669296415820e-06
2.452603314729009755e+06 8.963810432739680772e-08 2.590442261592947306e-06
2.452603314798409585e+06 8.570474499133440322e-08 2.611157390184692462e-06
2.452603314867809415e+06 -2.415303924472197696e-08 2.620254185314601445e-06
2.452603314937209245e+06 -5.807092171696834718e-08 2.613002643586855095e-06
2.452603315006609075e+06 1.278219017850864429e-08 2.608664608919903245e-06
2.452603315076008905e+06 -1.672092342213976707e-08 2.608155350975528159e-06
2.452603315145408735e+06 -1.004828197872991969e-07 2.594015758889597042e-06
2.452603315214808565e+06 2.142649887606041829e-08 2.582428584112006947e-06
2.452603315284208395e+06 9.983123833958358728e-08 2.592604295798292531e-06
2.452603315353608225e+06 4.907199361121962858e-08 2.606928588568490740e-06
2.452603315423008054e+06 -2.458278335262266754e-08 2.608213127530510864e-06
2.452603315492407884e+06 2.070699137854345964e-08 2.606213250037313627e-06
2.452603315561807714e+06 1.273626867107147200e-07 2.621553208555352608e-06
2.452603315631207544e+06 2.029176043977392332e-07 2.659654339831621381e-06
2.452603315700607374e+06 1.590766718392798297e-07 2.705466807356952552e-06
2.452603315770007204e+06 1.065748922930773091e-07 2.744846651426677487e-06
2.452603315839407034e+06 -4.351205573769550627e-08 2.764633962111020952e-06
2.452603315908806864e+06 -5.035002908050090969e-08 2.767913275906540171e-06
2.452603315978206694e+06 -4.989367697288084679e-08 2.770341919331236565e-06
2.452603316047606524e+06 -6.770123229271821472e-08 2.770562024874431589e-06
2.452603316117006354e+06 -2.588262375562184955e-08 2.773148061946925165e-06
2.452603316186406184e+06 2.823813798273568724e-08 2.786719578459291347e-06
2.452603316255806014e+06 -1.161105081887442609e-07 2.790848225621047468e-06
2.452603316325205844e+06 -1.168849089305806520e-07 2.778117956347170901e-06
2.452603316394605674e+06 3.323312766963617159e-09 2.777436063848645202e-06
2.452603316464005504e+06 -2.816500075468065492e-08 2.786587457062880186e-06
2.452603316533405334e+06 -5.025119171720615184e-08 2.790123527397668504e-06
2.452603316602805164e+06 1.164353810277889431e-07 2.810428817823267370e-06
2.452603316672204994e+06 1.061750889090179823e-07 2.850668697094682964e-06
2.452603316741604824e+06 -9.985614716081452032e-08 2.869644314955407893e-06
2.452603316811004654e+06 -3.017771075271833875e-07 2.842691866655508467e-06
2.452603316880404484e+06 -2.434690647130126300e-07 2.795519411238018762e-06
2.452603316949804313e+06 -5.060390176707981916e-08 2.771897187210885951e-06
2.452603317019204143e+06 2.016439386615562658e-08 2.775973621419430494e-06
2.452603317088603973e+06 4.488812276600055156e-08 2.791292789303238068e-06
2.452603317158003803e+06 -3.894032855780069827e-08 2.801109328145360718e-06
2.452603317227403633e+06 3.675613608837940321e-08 2.810706521314479490e-06
2.452603317296803463e+06 -6.550530671711389712e-08 2.817893631025505464e-06
2.452603317366203293e+06 4.815917104275766026e-08 2.826791767891778813e-06
2.452603317435603123e+06 1.852647687839206982e-07 2.865348799871753183e-06
2.452603317505002953e+06 4.944879750765998521e-08 2.907746513840643968e-06
2.452603317574402783e+06 1.737136912405469085e-07 2.952763153114142329e-06
2.452603317643802613e+06 7.714164084960787569e-09 2.997014303375075678e-06
2.452603317713202443e+06 -1.416206362379684251e-07 3.008483553234936474e-06
2.452603317782602273e+06 4.307918787539492058e-10 3.019249925881735443e-06
2.452603317852002103e+06 -8.543126665244793741e-08 3.036551473048147377e-06
2.452603317921401933e+06 -1.194287018645556544e-07 3.040600099465594732e-06
2.452603317990801763e+06 -2.166813321081841926e-08 3.051220540488814324e-06
2.452603318060201593e+06 -6.315290693624450826e-08 3.068223426507254755e-06
2.452603318129601423e+06 -2.005935566415144384e-07 3.064943537907990878e-06
2.452603318199001253e+06 -1.247920706353032573e-07 3.052760019495552539e-06
2.452603318268401083e+06 -1.001495136656571738e-07 3.049546102200830170e-06
2.452603318337800913e+06 -1.716179741412896023e-07 3.039212552825986145e-06
2.452603318407200743e+06 -1.277566119242639974e-07 3.023246848207681279e-06
2.452603318476600572e+06 -8.600319753000566007e-08 3.014237209187892724e-06
2.452603318546000402e+06 -1.489506818951807905e-07 3.000600749589784574e-06
2.452603318615400232e+06 -1.098313112548837042e-07 2.981586655410148965e-06
2.452603318684800062e+06 -6.338702702691610220e-08 2.969388025351893033e-06
2.452603318754199892e+06 5.499501008768479808e-08 2.974027185393249937e-06
2.452603318823599722e+06 4.290486315692040933e-08 2.990579691980690855e-06
2.452603318892999552e+06 1.580678524717857865e-07 3.019954348606794799e-06
2.452603318962399382e+06 -1.572585934295609254e-08 3.044714958797520156e-06
2.452603319031799212e+06 -3.977743814622588520e-08 3.048122130551536720e-06
2.452603319101199042e+06 1.421049684775073867e-08 3.054263296994738525e-06
2.452603319170598872e+06 -2.007171002261896553e-08 3.062251013646835820e-06
2.452603319239998702e+06 5.813440210425312491e-08 3.075092776686115799e-06
2.452603319309398532e+06 1.895220467666501585e-07 3.112531528657465991e-06
2.452603319378798362e+06 8.369755922188893730e-08 3.155809483726178833e-06
2.452603319448198192e+06 -5.202306436270106568e-08 3.174427285304509856e-06
2.452603319517598022e+06 -1.074736016517897703e-07 3.171454456775082585e-06
2.452603319586997852e+06 -9.960331696213408070e-09 3.171605762800492922e-06
2.452603319656397682e+06 -4.249459972613627275e-09 3.182345908093108923e-06
2.452603319725797512e+06 -1.517947873124389935e-07 3.176382761939856987e-06
2.452603319795197342e+06 -3.615060748473850070e-08 3.164677514452171937e-06
2.452603319864597172e+06 -3.827538809292234812e-08 3.163546996925384432e-06
2.452603319933997001e+06 -4.327663058131497170e-08 3.160191999616804021e-06
2.452603320003396831e+06 -1.458316202068558283e-08 3.157991014517839412e-06
2.452603320072796661e+06 -1.537986786790496209e-07 3.141536929979646473e-06
2.452603320142196491e+06 -2.039881758532328441e-07 3.100196253218460644e-06
2.452603320211596321e+06 -9.903211047930251183e-08 3.059754913377913643e-06
2.452603320280996151e+06 -1.286255955645071357e-07 3.022899433162384955e-06
2.452603320350395981e+06 -1.671574964354929820e-07 2.973558530125090164e-06
2.452603320419795811e+06 -1.377615313630706730e-07 2.917437760586632974e-06
2.452603320489195641e+06 -2.528029207539375991e-08 2.871585283333665166e-06
2.452603320558595471e+06 5.182100958815201352e-09 2.837495326131411791e-06
2.452603320627995301e+06 1.515891948799443171e-07 2.820601480966883040e-06
2.452603320697395131e+06 2.386545264767867890e-07 2.829508140193692784e-06
2.452603320766794961e+06 1.795819162793657722e-07 2.843251560623328998e-06
2.452603320836194791e+06 1.707886932391098369e-07 2.851252036540515221e-06
2.452603320905594621e+06 2.641322261354079028e-07 2.870595128658392143e-06
2.452603320974994451e+06 2.503892591816437997e-07 2.901941473714578276e-06
2.452603321044394281e+06 1.391440357897164906e-07 2.922800399896938922e-06
2.452603321113794111e+06 6.317972194900169275e-08 2.924752106952788873e-06
2.452603321183193941e+06 9.101605273654642214e-08 2.921877123115967759e-06
2.452603321252593771e+06 -7.219584268144478499e-08 2.903555016868592385e-06
2.452603321321993601e+06 2.331231051660418366e-08 2.876029200025697830e-06
2.452603321391393431e+06 5.995403752666872556e-08 2.861610994099149566e-06
2.452603321460793260e+06 1.613660602390557758e-07 2.862517680298790330e-06
2.452603321530193090e+06 2.023563869162928854e-07 2.880974492184762699e-06
2.452603321599592920e+06 9.166764403353585056e-08 2.894259898764236725e-06
2.452603321668992750e+06 6.111179976946201109e-08 2.893469961648724004e-06
2.452603321738392580e+06 1.136490897575406004e-07 2.896016200150686944e-06
2.452603321807792410e+06 9.948269576640311030e-08 2.904175618387791525e-06
2.452603321877192240e+06 1.760023733510306429e-07 2.921335465110613708e-06
2.452603321946592070e+06 1.835575468733137351e-07 2.950959169467578498e-06
2.452603322015991900e+06 1.674513521074198860e-07 2.983569973067659227e-06
2.452603322085391730e+06 1.662624920870881373e-07 3.018364466661804879e-06
2.452603322154791560e+06 2.706401488662652747e-08 3.041163564139766114e-06
2.452603322224191390e+06 5.873667970553251210e-08 3.054362916741749801e-06
2.452603322293591220e+06 1.100855554015609406e-07 3.078959672756283437e-06
2.452603322362991050e+06 -4.732146135827322690e-08 3.094161780986100311e-06
2.452603322432390880e+06 -2.677454457002907948e-08 3.095283660595264529e-06
2.452603322501790710e+06 9.512141021449755483e-08 3.113169658553288221e-06
2.452603322571190540e+06 -6.514484811903818208e-08 3.128602872447292092e-06
2.452603322640590370e+06 -2.140758600762060578e-07 3.109800892861427975e-06
2.452603322709990200e+06 -3.806772484077168485e-08 3.092065204676953807e-06
2.452603322779390030e+06 3.244191553735056446e-08 3.101037484077915661e-06
2.452603322848789860e+06 9.013530682627546956e-08 3.125892944703229020e-06
2.452603322918189690e+06 1.031155063269010267e-07 3.161607937336368887e-06
2.452603322987589519e+06 2.509785223044915364e-08 3.193485951973388631e-06
2.452603323056989349e+06 8.615481908920731111e-08 3.226550613978206637e-06
2.452603323126389179e+06 -4.371533694090054216e-08 3.254774033388322558e-06
2.452603323195789009e+06 -1.014410136976530679e-08 3.274305869556652417e-06
2.452603323265188839e+06 2.069648309070838835e-08 3.302746795757057903e-06
2.452603323334588669e+06 -1.019559059206920600e-07 3.322820775615877077e-06
2.452603323403988499e+06 -2.551638526787537919e-08 3.338799720328106632e-06
2.452603323473388329e+06 -1.638719028340017839e-07 3.348327378895737538e-06
2.452603323542788159e+06 -3.041882708920600513e-07 3.325473367282410337e-06
2.452603323612187989e+06 -2.827497098567567967e-07 3.285271530405888845e-06
2.452603323681587819e+06 -3.744418455735930622e-07 3.231582382786638169e-06
2.452603323750987649e+06 -3.563325017413322170e-07 3.162719472603820702e-06
2.452603323820387479e+06 -2.497147046957950504e-07 3.100280610325811178e-06
2.452603323889787309e+06 -6.619394520490302978e-08 3.064418542389565241e-06
2.452603323959187139e+06 -6.284276953707281226e-09 3.052801428292360951e-06
2.452603324028586969e+06 5.586663431218179704e-08 3.054087485400973468e-06
2.452603324097986799e+06 -6.273590758970327268e-08 3.049000116811039496e-06
2.452603324167386629e+06 -2.503121717057007751e-09 3.036651590279254502e-06
2.452603324236786459e+06 6.783715355330591570e-08 3.038236147548875152e-06
2.452603324306186289e+06 1.459807762200747737e-07 3.057385788196532241e-06
2.452603324375586119e+06 1.211145827463914591e-07 3.084936604326712153e-06
2.452603324444985949e+06 5.564878053799536557e-08 3.105057622927895307e-06
2.452603324514385778e+06 1.856467469742195763e-08 3.115441621305733108e-06
2.452603324583785608e+06 -1.065792876904282548e-07 3.108048646732651524e-06
2.452603324653185438e+06 -2.795075566043774578e-07 3.065171040209573187e-06
2.452603324722585268e+06 -2.662657193189405120e-07 2.999106271585199597e-06
2.452603324791985098e+06 -8.501615462868648936e-08 2.948650074307598513e-06
2.452603324861384928e+06 4.890641940854411994e-08 2.929732617525804735e-06
2.452603324930784758e+06 1.671317431313882946e-07 2.938609731009888214e-06
2.452603325000184588e+06 8.797623479601638603e-08 2.953603005626178609e-06
2.452603325069584418e+06 -6.940174929135301403e-08 2.943352762176349734e-06
2.452603325138984248e+06 -3.211368039209158715e-08 2.918628978910251015e-06
2.452603325208384078e+06 1.238267295229932511e-07 2.914297172742035274e-06
2.452603325277783908e+06 2.173104312908989406e-07 2.939156308612234637e-06
2.452603325347183738e+06 1.844500287485421891e-07 2.974430037475756240e-06
2.452603325416583568e+06 9.711008426035786490e-08 3.000148615510981665e-06
2.452603325485983398e+06 4.070823389746388715e-08 3.012420475997548585e-06
2.452603325555383228e+06 3.558780138916141967e-08 3.019245121692447658e-06
2.452603325624783058e+06 4.429164667660837985e-08 3.027537377385309972e-06
2.452603325694182888e+06 -1.226886440802339254e-07 3.018623414263623557e-06
2.452603325763582718e+06 -7.723213875738930371e-08 2.994881847219955627e-06
2.452603325832982548e+06 6.525983288767535105e-08 2.990667250267418898e-06
2.452603325902382378e+06 -1.754625495026227064e-08 2.993250988759800706e-06
2.452603325971782207e+06 -8.196521870010358450e-08 2.979343203523326728e-06
2.452603326041182037e+06 -1.082189911096220295e-08 2.965028051920136754e-06
2.452603326110581867e+06 1.483700217780263852e-07 2.976257172035662478e-06
2.452603326179981697e+06 6.902954220940391831e-08 2.998333979836540184e-06
2.452603326249381527e+06 5.852089722426107374e-08 3.012665032755919911e-06
2.452603326318781357e+06 4.521697821737180219e-08 3.025991231094647857e-06
2.452603326388181187e+06 -1.320221487452221778e-07 3.018780543245571839e-06
2.452603326457581017e+06 -1.767826644798847437e-07 2.985118002867968945e-06
2.452603326526980847e+06 -8.955689958427781475e-09 2.962240049443605660e-06
2.452603326596380677e+06 3.080865743618329679e-08 2.961221081750076732e-06
2.452603326665780507e+06 -3.954054803600505913e-08 2.956823504399137947e-06
2.452603326735180337e+06 -1.511199259748173023e-07 2.931111541111454314e-06
2.452603326804580167e+06 -7.654671712307691431e-08 2.898635515564395262e-06
2.452603326873979997e+06 1.919068951358043842e-07 2.902873816258187579e-06
2.452603326943379827e+06 1.331847948733465336e-07 2.932392996771964312e-06
2.452603327012779657e+06 -2.304792153331916142e-08 2.940576742420656862e-06
2.452603327082179487e+06 -3.170501337057773418e-08 2.930838154411952441e-06
2.452603327151579317e+06 4.055399575308557378e-08 2.927743323276373371e-06
2.452603327220979147e+06 6.253787966093161473e-09 2.929050407897251659e-06
2.452603327290378977e+06 -5.777770165818745816e-08 2.919409634441383744e-06
2.452603327359778807e+06 -1.571271110652904977e-07 2.890083481688712514e-06
2.452603327429178637e+06 -3.854064508601293023e-08 2.860190729475949813e-06
2.452603327498578466e+06 -2.818875018257382072e-08 2.842504794585638284e-06
2.452603327567978296e+06 -5.344864981755675488e-09 2.827321442045877082e-06
2.452603327637378126e+06 1.431167277848984345e-07 2.831001526386397275e-06
2.452603327706777956e+06 4.871618068888070135e-08 2.842004328997414000e-06
2.452603327776177786e+06 -8.976094128783401452e-08 2.827786089182027902e-06
2.452603327845577616e+06 5.014528746129579631e-08 2.812801338251153287e-06
2.452603327914977446e+06 1.103296466661621728e-07 2.820073544700135905e-06
2.452603327984377276e+06 3.161413513031835597e-08 2.826651958104149456e-06
2.452603328053777106e+06 5.106764468189838511e-08 2.827698699755342571e-06
2.452603328123176936e+06 1.427148445912341730e-08 2.827453246116133775e-06
2.452603328192576766e+06 4.270402056765024975e-08 2.826803467764732431e-06
2.452603328261976596e+06 3.028364486116896586e-09 2.825359410825365017e-06
2.452603328331376426e+06 -9.605753465339175517e-08 2.808221841079441517e-06
2.452603328400776256e+06 -3.697309176497002842e-08 2.785167809273998262e-06
2.452603328470176086e+06 1.089878865653837518e-07 2.784059438996390885e-06
2.452603328539575916e+06 1.441941045545994353e-07 2.804543827700655759e-06
2.452603328608975746e+06 2.251921250298684985e-07 2.841380263584719652e-06
2.452603328678375576e+06 2.154922035812846750e-07 2.891013655644544661e-06
2.452603328747775406e+06 1.446824002492209886e-07 2.937034581300742413e-06
2.452603328817175236e+06 1.078493174236112886e-07 2.975698889169611403e-06
2.452603328886575066e+06 7.909417862772579784e-08 3.010901821098650522e-06
2.452603328955974896e+06 1.464315939083630327e-07 3.054189244477627338e-06
2.452603329025374725e+06 4.504802659209017406e-08 3.097828886077092044e-06
2.452603329094774555e+06 -1.048405738268537291e-07 3.116444863641535697e-06
2.452603329164174385e+06 -7.223010779756557127e-08 3.122715585785399732e-06
2.452603329233574215e+06 -4.777193863509110875e-08 3.135452201427574210e-06
2.452603329302974045e+06 -6.487360308020926045e-08 3.149516530042711756e-06
2.452603329372373875e+06 -1.463346291410820962e-07 3.152675881937747607e-06
2.452603329441773705e+06 -1.330338769023014224e-07 3.147212178670103476e-06
2.452603329511173535e+06 -9.592763081101462309e-08 3.145929484479606613e-06
2.452603329580573365e+06 -5.006260156868114380e-08 3.153053847349344246e-06
2.452603329649973195e+06 -7.673591834102322025e-08 3.162068425266027104e-06
2.452603329719373025e+06 -2.026554113046762084e-07 3.153194621087390098e-06
2.452603329788772855e+06 -1.015400058713495422e-07 3.139310065306626075e-06
2.452603329858172685e+06 1.109486990378926705e-07 3.159188134718778304e-06
2.452603329927572515e+06 6.327589301597922287e-08 3.199216176654367285e-06
2.452603329996972345e+06 -9.791053457580388474e-09 3.228327622188713124e-06
2.452603330066372175e+06 4.192567998266251100e-08 3.256744414404699692e-06
2.452603330135772005e+06 4.365926334805283450e-08 3.292966565648709724e-06
2.452603330205171835e+06 4.132452557353226067e-08 3.331448318585153789e-06
2.452603330274571665e+06 7.615204549165562583e-08 3.376138302314312734e-06
2.452603330343971495e+06 8.802307151689899693e-08 3.429206297198023598e-06
2.452603330413371325e+06 -7.370585446552084888e-08 3.468565261450176205e-06
2.452603330482771154e+06 -1.467831361812712862e-07 3.482690956139395299e-06
2.452603330552170984e+06 -1.571162498221010276e-07 3.486313513268687506e-06
2.452603330621570814e+06 -1.993144113629538190e-07 3.481844749306988745e-06
2.452603330690970644e+06 -2.131257781438194057e-07 3.468010445223926887e-06
2.452603330760370474e+06 -1.425066931896486833e-07 3.456936277936108710e-06
2.452603330829770304e+06 -8.080300047479744868e-08 3.457755852376670154e-06
2.452603330899170134e+06 -9.544046899553958431e-08 3.461913184811593318e-06
2.452603330968569964e+06 -1.177256446513467210e-07 3.460046025957815430e-06
2.452603331037969794e+06 -2.137193941730673163e-07 3.442088445053536668e-06
2.452603331107369624e+06 -2.117009397225756845e-07 3.409189772431970355e-06
2.452603331176769454e+06 -1.258039668205820292e-07 3.380979756710671389e-06
2.452603331246169284e+06 -5.843489903204102735e-10 3.372435640946941120e-06
2.452603331315569114e+06 7.535440597104865675e-08 3.384667333555380815e-06
2.452603331384968944e+06 -4.086750805330762586e-09 3.396233061488491264e-06
2.452603331454368774e+06 -7.053833677662753622e-08 3.390551193536425194e-06
2.452603331523768604e+06 -1.232083949187450863e-07 3.368906020326145243e-06
2.452603331593168434e+06 -1.473076985422288039e-07 3.334592474548257141e-06
2.452603331662568264e+06 -7.565384197745372294e-08 3.300834948401938256e-06
2.452603331731968094e+06 7.257801960482504651e-08 3.287895302890988033e-06
2.452603331801367924e+06 1.345349815811238053e-07 3.297073396354943022e-06
2.452603331870767754e+06 3.486574659443329082e-08 3.302081747328547639e-06
2.452603331940167584e+06 -3.966896886268532115e-08 3.286672067103408974e-06
2.452603332009567413e+06 -1.092581831812531394e-07 3.252208092822604190e-06
2.452603332078967243e+06 -1.139096528150730315e-07 3.204894721262389446e-06
2.452603332148367073e+06 7.746245018211739109e-08 3.173853023446179015e-06
2.452603332217766903e+06 1.004234242472417322e-07 3.164280370100480635e-06
2.452603332287166733e+06 -8.190304880328639644e-09 3.143843258460425384e-06
2.452603332356566563e+06 1.460014224382829648e-07 3.126727300118083586e-06
2.452603332425966393e+06 1.932456913409529689e-07 3.131531728821693009e-06
2.452603332495366223e+06 1.515237607450977238e-07 3.137995892409870127e-06
2.452603332564766053e+06 1.790639196449887938e-07 3.144063122653166111e-06
2.452603332634165883e+06 1.986923934803575853e-07 3.156854762355012913e-06
2.452603332703565713e+06 1.936011996313688511e-07 3.173340607394859010e-06
2.452603332772965543e+06 1.937580334956953217e-07 3.191664246857343010e-06
2.452603332842365373e+06 1.174749312705861698e-07 3.203748023598916410e-06
2.452603332911765203e+06 -3.273628643220065373e-08 3.191447681903614019e-06
2.452603332981165033e+06 -8.501183153810350389e-08 3.154939469621608667e-06
2.452603333050564863e+06 3.201495091262763836e-08 3.122740940510303513e-06
2.452603333119964693e+06 -1.762718132383710145e-08 3.095792768264575497e-06
2.452603333189364523e+06 -5.308953824341780637e-08 3.057114512244919198e-06
2.452603333258764353e+06 2.468178569649343094e-07 3.046168500788760711e-06
2.452603333328164183e+06 1.602134679303471675e-07 3.060166314455561353e-06
2.452603333397564013e+06 8.192185668985723998e-08 3.057951765382645049e-06
2.452603333466963843e+06 2.802977524270560523e-07 3.070854293714329785e-06
2.452603333536363672e+06 3.143662650958695506e-07 3.113569333295012010e-06
2.452603333605763502e+06 2.335297673741771511e-07 3.156847864815237007e-06
2.452603333675163332e+06 1.986395569059321654e-07 3.192602527800236172e-06
2.452603333744563162e+06 2.305361303954538375e-07 3.232961649002884901e-06
2.452603333813962992e+06 1.708371272233533706e-07 3.275404539658062506e-06
2.452603333883362822e+06 4.392567954741562835e-08 3.301562653728354122e-06
2.452603333952762652e+06 5.032652252687032817e-09 3.311939757581448852e-06
2.452603334022162482e+06 -6.156774359280846873e-08 3.311735097474488094e-06
2.452603334091562312e+06 1.200228373436954137e-09 3.311560188142316552e-06
2.452603334160962142e+06 -1.580722024049095544e-08 3.317155875769253198e-06
2.452603334230361972e+06 -9.590053954379764184e-08 3.312536641742195976e-06
2.452603334299761802e+06 -1.028910938442769117e-07 3.297732945299956567e-06
2.452603334369161632e+06 -1.436963043682827615e-07 3.276214388406511191e-06
2.452603334438561462e+06 -1.270115326110009390e-07 3.250048208265373490e-06
2.452603334507961292e+06 -1.691057781050737168e-07 3.218651702466130402e-06
2.452603334577361122e+06 -1.294773821965565345e-07 3.184212427429852934e-06
2.452603334646760952e+06 -1.226399680308339131e-07 3.152190401797834610e-06
2.452603334716160782e+06 -6.704555544723416780e-08 3.124816363463723739e-06
2.452603334785560612e+06 -8.614075761080834129e-09 3.108688240389679301e-06
2.452603334854960442e+06 -1.433369824266636568e-08 3.097986454764320197e-06
2.452603334924360272e+06 8.124435256464362652e-08 3.097656601110321823e-06
2.452603334993760101e+06 1.202405956935110159e-07 3.114029803784752275e-06
2.452603335063159931e+06 6.464475161921174062e-08 3.131333586254737595e-06
2.452603335132559761e+06 1.602284894735565837e-07 3.156160353349956768e-06
2.452603335201959591e+06 2.219855706903873213e-07 3.202852546483253354e-06
2.452603335271359421e+06 3.789123315038673241e-08 3.241164904666312269e-06
2.452603335340759251e+06 -5.880975354788746530e-08 3.251602801305717718e-06
2.452603335410159081e+06 -1.342310306100026708e-07 3.243621241453617092e-06
2.452603335479558911e+06 -2.678918580768479264e-07 3.210880727032318231e-06
2.452603335548958741e+06 -9.946170620634482255e-08 3.179029377930607275e-06
2.452603335618358571e+06 -1.317611311377750174e-08 3.173776821262569299e-06
2.452603335687758401e+06 -1.635022881279608601e-07 3.161048176396311205e-06
2.452603335757158231e+06 -8.681190315328453715e-08 3.138916683970638967e-06
2.452603335826558061e+06 -1.904858793395018303e-07 3.111806758783934242e-06
2.452603335895957891e+06 -2.451944235340387000e-07 3.063983278759889692e-06
2.452603335965357721e+06 -6.053355622085085297e-08 3.026772587051520943e-06
2.452603336034757551e+06 -4.051597278677026674e-08 3.010133755337110998e-06
2.452603336104157381e+06 -7.035188406172623861e-08 2.991480817351787443e-06
2.452603336173557211e+06 -1.834491983683145894e-07 2.955184512410623182e-06
2.452603336242957041e+06 -2.023733124708854431e-07 2.900670222278061227e-06
2.452603336312356871e+06 -2.469805756994896811e-07 2.834051367166132786e-06
2.452603336381756701e+06 -9.990458452056775509e-08 2.773483825464144709e-06
2.452603336451156531e+06 -1.111325311083002721e-08 2.735328422150309665e-06
2.452603336520556360e+06 -8.086387761376648507e-08 2.697020982242992426e-06
2.452603336589956190e+06 -1.798426591196368243e-07 2.636875468333736549e-06
2.452603336659356020e+06 -2.438247609693201104e-08 2.578826263855270622e-06
2.452603336728755850e+06 1.402880295837266324e-07 2.553909261972786684e-06
2.452603336798155680e+06 2.135729161207019459e-07 2.556327226864570623e-06
2.452603336867555510e+06 9.663142768259064649e-08 2.556387290883267375e-06
2.452603336936955340e+06 9.580842613345660882e-08 2.545202338491937689e-06
2.452603337006355170e+06 9.433620214339617635e-08 2.534943199812949371e-06
2.452603337075755000e+06 1.278878485433194551e-07 2.529704203048049003e-06
2.452603337145154830e+06 4.889177466543149153e-08 2.521019930945161042e-06
2.452603337214554660e+06 1.782079578071733035e-07 2.519612287801923128e-06
2.452603337283954490e+06 1.295284482589307498e-07 2.529760481179850096e-06
2.452603337353354320e+06 1.279411422445797572e-08 2.524088777527231372e-06
2.452603337422754150e+06 5.911642503499253701e-08 2.511836875533342201e-06
2.452603337492153980e+06 6.390067968034106978e-08 2.506364780440338528e-06
2.452603337561553810e+06 1.344327551594719334e-07 2.511187007480871375e-06
2.452603337630953640e+06 1.907710048117833231e-07 2.533340710625979404e-06
2.452603337700353470e+06 1.076865535279417492e-07 2.556757732583766860e-06
2.452603337769753300e+06 1.862309951441399972e-07 2.583993480218615620e-06
2.452603337839153130e+06 1.589712235985931441e-07 2.621769653642952180e-06
2.452603337908552960e+06 1.808563718155842393e-07 2.664450814329094906e-06
2.452603337977952790e+06 2.191976400560021850e-07 2.719947852071996891e-06
2.452603338047352619e+06 1.828672842481095194e-07 2.782621965093755747e-06
2.452603338116752449e+06 2.240396463993130095e-07 2.853265913736458914e-06
2.452603338186152279e+06 1.590676647379718213e-07 2.929072554768747419e-06
2.452603338255552109e+06 -1.179114126207895852e-08 2.985612536499462294e-06
2.452603338324951939e+06 -3.716153165531412517e-08 3.025031743206597159e-06
2.452603338394351769e+06 -5.974568323623283458e-09 3.068631919473548588e-06
2.452603338463751599e+06 -8.232464117111144082e-08 3.110685480616893651e-06
2.452603338533151429e+06 -2.923880966572958878e-07 3.122753070202983187e-06
2.452603338602551259e+06 -2.616059559051476815e-07 3.113804912470714606e-06
2.452603338671951089e+06 -1.701608121802677923e-07 3.116450678986802021e-06
2.452603338741350919e+06 -1.875194851480836059e-07 3.126285280362066353e-06
2.452603338810750749e+06 -2.112738241737701193e-07 3.130614753226249471e-06
2.452603338880150579e+06 -1.105600712278620651e-07 3.142447817732240396e-06
2.452603338949550409e+06 6.465828135726022896e-08 3.185602873902891577e-06
2.452603339018950239e+06 -3.042529040894898653e-07 3.208812067375656920e-06
2.452603339088350069e+06 -1.313429586693462601e-07 3.209462137915089626e-06
2.452603339157749899e+06 -1.714969127701693283e-07 3.223169222285931919e-06
2.452603339227149729e+06 5.481206003689938297e-08 3.257483678285706779e-06
2.452603339296549559e+06 -1.126204146098219443e-07 3.299748809658821232e-06
2.452603339365949389e+06 -2.183176422587286836e-07 3.312118534372430346e-06
2.452603339435349219e+06 -2.174083766849210298e-07 3.310756136588422188e-06
2.452603339504749049e+06 -6.767803650163395863e-08 3.323778014355195984e-06
2.452603339574148878e+06 -1.296434213416390761e-07 3.345416267743452689e-06
2.452603339643548708e+06 -1.741799116405276482e-07 3.353988513320584750e-06
2.452603339712948538e+06 -1.765535862938006447e-07 3.354936771605690321e-06
2.452603339782348368e+06 -1.316684014552993306e-07 3.357802182353905968e-06
2.452603339851748198e+06 -2.271654584627140383e-07 3.351991323717579018e-06
2.452603339921148028e+06 -1.700202389383251255e-07 3.338011589415618379e-06
2.452603339990547858e+06 8.922058049305971870e-08 3.356219615800353225e-06
2.452603340059947688e+06 3.309235377180540298e-08 3.396997187162560344e-06
2.452603340129347518e+06 -1.259773445449205752e-08 3.427336620029807147e-06
2.452603340198747348e+06 -4.892716102192601066e-08 3.448315391238190443e-06
2.452603340268147178e+06 -7.688877607241355064e-08 3.460926350929630786e-06
2.452603340337547008e+06 -9.739806066702160023e-08 3.466084980165191632e-06
2.452603340406946838e+06 -1.112995467557441748e-07 3.464635810894863549e-06
2.452603340476346668e+06 -1.193725060836913825e-07 3.457358114863763143e-06
2.452603340545746498e+06 -1.223360019243289071e-07 3.444970955345350407e-06
2.452603340615146328e+06 -1.208533862399689612e-07 3.428137684301942848e-06
2.452603340684546158e+06 -1.155363148296946433e-07 3.407469957532618296e-06
2.452603340753945988e+06 -1.069483441016210868e-07 3.383531331445497112e-06
2.452603340823345818e+06 -9.560816518192326930e-08 3.356840497166749061e-06
2.452603340892745648e+06 -8.199252404037549852e-08 3.327874200666153663e-06
2.452603340962145478e+06 -6.653887007725026774e-08 3.297069891343981242e-06
2.452603341031545307e+06 -4.964777009362333425e-08 3.264828136001303644e-06
2.452603341100945137e+06 -3.168511968126282614e-08 3.231514830229892478e-06
2.452603341170344967e+06 -1.298417975097153278e-08 3.197463234940553985e-06
2.452603341239744797e+06 6.152537891137981985e-09 3.162975861939397269e-06
2.452603341309144627e+06 2.545151536583000228e-08 3.128326229105654589e-06
2.452603341378544457e+06 4.466658633889555874e-08 3.093760502773541833e-06
2.452603341447944287e+06 6.357739142283613713e-08 3.059499042330550597e-06
2.452603341517344117e+06 8.198791861794033968e-08 3.025737859776399191e-06
2.452603341586743947e+06 9.972511802979928664e-08 2.992650005005489586e-06
2.452603341656143777e+06 1.166375818265424434e-07 2.960386885849699226e-06
2.452603341725543607e+06 1.325942818977804278e-07 2.929079530419410597e-06
2.452603341794943437e+06 1.474833589745505806e-07 2.898839797983593228e-06
2.452603341864343267e+06 1.612109580873510204e-07 2.869761543511742130e-06
2.452603341933743097e+06 1.737001061988251697e-07 2.841921740041220791e-06
2.452603342003142927e+06 1.848896286662461894e-07 2.815381562214749114e-06
2.452603342072542757e+06 1.947331018838780829e-07 2.790187433638066562e-06
2.452603342141942587e+06 2.031978400404274460e-07 2.766372040122473450e-06
2.452603342211342417e+06 2.102639144160029622e-07 2.743955310387847276e-06
2.452603342280742247e+06 2.037808728787720417e-07 2.721535861007593304e-06
2.452603342350142077e+06 1.873093814419325901e-07 2.696554232695124935e-06
2.452603342419541907e+06 2.721337296926189632e-07 2.679502548483801354e-06
2.452603342488941737e+06 3.905836958851059705e-07 2.687060729127975904e-06
2.452603342558341566e+06 4.383327266390144903e-07 2.717690177779458021e-06
2.452603342627741396e+06 1.577295770860672008e-07 2.727568854238520915e-06
2.452603342697141226e+06 2.830980719135592634e-07 2.723425898444392208e-06
2.452603342766541056e+06 3.760643105848977018e-07 2.747130254579659987e-06
2.452603342835940886e+06 2.358321079791308139e-07 2.770874813042462210e-06
2.452603342905340716e+06 2.970195835010988334e-07 2.790910275039906197e-06
2.452603342974740546e+06 2.769878367250756934e-07 2.820718436110577941e-06
2.452603343044140376e+06 2.498088543012005322e-07 2.851016256617487012e-06
2.452603343113540206e+06 3.463430949022835994e-07 2.895272141766630564e-06
2.452603343182940036e+06 2.806525279275666395e-07 2.950382046939633597e-06
2.452603343252339866e+06 1.621297567426295702e-07 2.992355624726455157e-06
2.452603343321739696e+06 1.020900317768564988e-08 3.009542246340955202e-06
2.452603343391139526e+06 -9.050310167100683066e-08 3.001163017414135320e-06
2.452603343460539356e+06 -1.454253249335787546e-07 2.975634445461302033e-06
2.452603343529939186e+06 -1.178593602848542344e-07 2.945996665367916293e-06
2.452603343599339016e+06 6.347354108756136163e-08 2.939282361715547422e-06
2.452603343668738846e+06 -4.042557739132784022e-08 2.942745495786102665e-06
2.452603343738138676e+06 7.764393273011723617e-08 2.950109392257609939e-06
2.452603343807538506e+06 -4.574183488915007098e-09 2.964246790093296484e-06
2.452603343876938336e+06 7.202894462597947477e-08 2.980989649991019189e-06
2.452603343946338166e+06 7.326667522049064937e-09 3.002542332284961240e-06
2.452603344015737996e+06 -9.905752310698072726e-08 3.008056457658055625e-06
2.452603344085137825e+06 -1.107889427778548119e-08 3.013397849056453426e-06
2.452603344154537655e+06 3.992644862973058881e-08 3.036731539953118139e-06
2.452603344223937485e+06 4.244193979874925772e-08 3.069972713040259319e-06
2.452603344293337315e+06 -1.878136413583928069e-08 3.100995916247459878e-06
2.452603344362737145e+06 1.301369536579588194e-07 3.146361064709679209e-06
2.452603344432136975e+06 9.045524201780733517e-08 3.209908656446728164e-06
2.452603344501536805e+06 -2.354344036450177815e-07 3.238215441309848226e-06
2.452603344570936635e+06 -2.226942081344575425e-07 3.233275892392550887e-06
2.452603344640336465e+06 -2.343919020081368770e-07 3.227811719865569084e-06
2.452603344709736295e+06 -5.299845736981176501e-08 3.241273279601159978e-06
2.452603344779136125e+06 -2.150590872218070832e-07 3.258164090602781640e-06
2.452603344848535955e+06 -2.448082290340421625e-07 3.254207893444022137e-06
2.452603344917935785e+06 -1.396044870199935811e-07 3.258055824294123758e-06
2.452603344987335615e+06 -1.671149431880949979e-07 3.270737001078211367e-06
2.452603345056735445e+06 -2.094744523851596309e-07 3.275975553809048812e-06
2.452603345126135275e+06 -2.646540948465735432e-07 3.269642475779556634e-06
2.452603345195535105e+06 -1.427097609725840502e-07 3.269481596859712121e-06
2.452603345264934935e+06 -1.899503167388572959e-07 3.277028857413332695e-06
2.452603345334334765e+06 -3.015591340174891561e-07 3.265932309793465877e-06
2.452603345403734595e+06 -1.346188524466809339e-07 3.258970661244096083e-06
