2452556.2280802     1   11.6236   11.7386    0.0016     91332  1.260 1.113103
2452556.2281496     2   11.6308   11.7416    0.0018     90313  1.460 1.113012
2452556.2282191     3   11.6197   11.7343    0.0019     92350  1.530 1.112922
2452556.2282885     4   11.6232   11.7465    0.0018     91808  1.480 1.112831
2452556.2283580     5   11.6207   11.7654    0.0018     89283  1.380 1.112740
2452556.2284274     6   11.6433   11.7439    0.0019     90194  1.440 1.112650
2452556.2284969     7   11.6421   11.7639    0.0018     89260  1.320 1.112560
2452556.2285663     8   11.6344   11.7394    0.0019     91121  1.500 1.112469
2452556.2286357     9   11.6345   11.7486    0.0019     90672  1.480 1.112379
2452556.2287052    10   11.6328   11.7575    0.0020     89316  1.520 1.112289
2452556.2287746    11   11.6296   11.7314    0.0019     90827  1.600 1.112200
2452556.2288441    12   11.6340   11.7508    0.0020     91324  1.630 1.112110
2452556.2289135    13   11.6339   11.7566    0.0019     89994  1.460 1.112020
2452556.2289830    14   11.6312   11.7564    0.0017     89048  1.340 1.111931
2452556.2290524    15   11.6327   11.7670    0.0017     89722  1.260 1.111842
2452556.2291219    16   11.6302   11.7447    0.0018     90868  1.270 1.111753
2452556.2291913    17   11.6379   11.7707    0.0019     88893  1.420 1.111663
2452556.2292607    18   11.6400   11.7431    0.0019     90277  1.430 1.111575
2452556.2293302    19   11.6344   11.7463    0.0018     90660  1.370 1.111486
2452556.2293996    20   11.6418   11.7762    0.0020     88669  1.530 1.111397
2452556.2294691    21   11.6577   11.7693    0.0018     89029  1.460 1.111309
2452556.2295385    22   11.6445   11.7734    0.0019     88467  1.670 1.111220
2452556.2296080    23   11.6587   11.7664    0.0017     87679  1.370 1.111132
2452556.2296774    24   11.6604   11.7784    0.0019     88160  1.480 1.111044
2452556.2297469    25   11.6689   11.7922    0.0020     86106  1.580 1.110956
2452556.2298163    26   11.6632   11.7726    0.0019     88169  1.460 1.110868
2452556.2298857    27   11.6634   11.7901    0.0019     87087  1.490 1.110780
2452556.2299552    28   11.6608   11.8038    0.0020     86354  1.520 1.110692
2452556.2300246    29   11.6699   11.7915    0.0019     87415  1.530 1.110604
2452556.2300941    30   11.6649   11.7779    0.0021     87624  1.570 1.110517
2452556.2301635    31   11.6732   11.7908    0.0020     87354  1.550 1.110430
2452556.2302330    32   11.6689   11.7790    0.0018     87500  1.420 1.110343
2452556.2303024    33   11.6761   11.7871    0.0019     87192  1.400 1.110255
2452556.2303719    34   11.6623   11.7625    0.0018     88661  1.460 1.110168
2452556.2304413    35   11.6597   11.7718    0.0018     87906  1.490 1.110082
2452556.2305107    36   11.6648   11.7669    0.0018     88456  1.450 1.109995
2452556.2305802    37   11.6637   11.7917    0.0018     86788  1.460 1.109908
2452556.2306496    38   11.6549   11.7883    0.0020     87553  1.520 1.109822
2452556.2307191    39   11.6704   11.7849    0.0019     87925  1.560 1.109736
2452556.2307885    40   11.6758   11.7979    0.0021     87344  1.560 1.109649
2452556.2308580    41   11.6762   11.7896    0.0019     87008  1.450 1.109563
2452556.2309274    42   11.6712   11.7836    0.0019     88207  1.420 1.109477
2452556.2309969    43   11.6637   11.7916    0.0020     87172  1.620 1.109391
2452556.2310663    44   11.6735   11.8100    0.0021     85910  1.520 1.109306
2452556.2311357    45   11.6772   11.7916    0.0019     86971  1.460 1.109220
2452556.2312052    46   11.6725   11.8090    0.0021     86520  1.550 1.109135
2452556.2312746    47   11.6846   11.7984    0.0019     86673  1.540 1.109049
2452556.2313441    48   11.6694   11.7768    0.0021     88357  1.530 1.108964
2452556.2314135    49   11.6660   11.7964    0.0021     87454  1.500 1.108879
2452556.2314830    50   11.6612   11.7862    0.0021     87625  1.620 1.108794
2452556.2315524    51   11.6584   11.7648    0.0021     88935  1.550 1.108709
2452556.2316219    52   11.6609   11.7985    0.0021     87431  1.620 1.108624
2452556.2316913    53   11.6677   11.7870    0.0022     88003  1.680 1.108540
2452556.2317607    54   11.6579   11.7828    0.0021     88361  1.560 1.108455
2452556.2318302    55   11.6686   11.7906    0.0021     87451  1.610 1.108371
2452556.2318996    56   11.6557   11.7733    0.0019     88281  1.500 1.108287
2452556.2319691    57   11.6587   11.7730    0.0020     88450  1.460 1.108202
2452556.2320385    58   11.6508   11.7884    0.0022     87791  1.680 1.108118
2452556.2321080    59   11.6470   11.7857    0.0019     88547  1.630 1.108035
2452556.2321774    60   11.6619   11.7787    0.0019     88023  1.560 1.107951
2452556.2322469    61   11.6450   11.7778    0.0020     88327  1.540 1.107867
2452556.2323163    62   11.6515   11.7826    0.0021     88362  1.710 1.107784
2452556.2323857    63   11.6467   11.7763    0.0023     88772  1.820 1.107700
2452556.2324552    64   11.6468   11.7639    0.0021     89340  1.570 1.107617
2452556.2325246    65   11.6365   11.7560    0.0021     89425  1.580 1.107534
2452556.2325941    66   11.6447   11.7673    0.0020     89011  1.460 1.107451
2452556.2326635    67   11.6439   11.7685    0.0021     88837  1.590 1.107368
2452556.2327330    68   11.6345   11.7502    0.0022     89705  1.700 1.107285
2452556.2328024    69   11.6437   11.7523    0.0021     90083  1.720 1.107202
2452556.2328719    70   11.6590   11.7734    0.0021     88696  1.590 1.107120
2452556.2329413    71   11.6439   11.7771    0.0019     88237  1.510 1.107038
2452556.2330107    72   11.6411   11.7738    0.0020     88937  1.610 1.106955
2452556.2330802    73   11.6404   11.7643    0.0021     89090  1.540 1.106873
2452556.2331496    74   11.6503   11.7712    0.0020     89454  1.490 1.106791
2452556.2332191    75   11.6634   11.7841    0.0018     87746  1.460 1.106709
2452556.2332885    76   11.6489   11.7869    0.0020     88118  1.530 1.106627
2452556.2333580    77   11.6592   11.7782    0.0020     88820  1.510 1.106546
2452556.2334274    78   11.6547   11.7904    0.0019     87739  1.560 1.106464
2452556.2334969    79   11.6699   11.7854    0.0022     87879  1.640 1.106383
2452556.2335663    80   11.6555   11.7764    0.0018     88820  1.430 1.106301
2452556.2336357    81   11.6526   11.7695    0.0020     88558  1.480 1.106220
2452556.2337052    82   11.6587   11.7827    0.0018     87852  1.490 1.106139
2452556.2337746    83   11.6410   11.7751    0.0020     88899  1.520 1.106058
2452556.2338441    84   11.6460   11.7724    0.0019     88871  1.590 1.105977
2452556.2339135    85   11.6489   11.7739    0.0022     89332  1.690 1.105896
2452556.2339830    86   11.6540   11.7833    0.0023     88596  1.800 1.105816
2452556.2340524    87   11.6573   11.7766    0.0018     88060  1.480 1.105735
2452556.2341219    88   11.6488   11.7774    0.0018     87684  1.480 1.105655
2452556.2341913    89   11.6481   11.7647    0.0020     89083  1.470 1.105575
2452556.2342607    90   11.6502   11.7773    0.0018     87499  1.370 1.105495
2452556.2343302    91   11.6410   11.7602    0.0020     89053  1.460 1.105415
2452556.2343996    92   11.6398   11.7764    0.0019     88383  1.530 1.105335
2452556.2344691    93   11.6458   11.7691    0.0020     88756  1.530 1.105255
2452556.2345385    94   11.6468   11.7784    0.0021     88457  1.540 1.105175
2452556.2346080    95   11.6340   11.7677    0.0021     88894  1.530 1.105096
2452556.2346774    96   11.6391   11.7756    0.0021     88945  1.600 1.105017
2452556.2347469    97   11.6355   11.7649    0.0019     89705  1.660 1.104937
2452556.2348163    98   11.6457   11.7815    0.0019     88288  1.650 1.104858
2452556.2348857    99   11.6432   11.7631    0.0020     89633  1.560 1.104779
2452556.2349552   100   11.6470   11.7606    0.0018     89168  1.380 1.104700
2452556.2350246   101   11.6554   11.7633    0.0018     88916  1.340 1.104621
2452556.2350941   102   11.6446   11.7786    0.0018     87474  1.400 1.104543
2452556.2351635   103   11.6492   11.7623    0.0019     89393  1.450 1.104464
2452556.2352330   104   11.6559   11.7842    0.0020     87829  1.470 1.104386
2452556.2353024   105   11.6517   11.7766    0.0021     88588  1.560 1.104308
2452556.2353719   106   11.6540   11.7797    0.0021     88033  1.550 1.104229
2452556.2354413   107   11.6588   11.7939    0.0020     87816  1.540 1.104151
2452556.2355107   108   11.6570   11.7903    0.0021     87477  1.600 1.104073
2452556.2355802   109   11.6555   11.7665    0.0017     88255  1.340 1.103996
2452556.2356496   110   11.6589   11.7835    0.0019     87623  1.450 1.103918
2452556.2357191   111   11.6438   11.7789    0.0019     88056  1.460 1.103840
2452556.2357885   112   11.6539   11.7832    0.0021     88474  1.530 1.103763
2452556.2358580   113   11.6489   11.7812    0.0021     88215  1.640 1.103686
2452556.2359274   114   11.6449   11.7651    0.0021     89373  1.520 1.103608
2452556.2359969   115   11.6509   11.7687    0.0022     88588  1.650 1.103531
2452556.2360663   116   11.6541   11.7749    0.0019     88594  1.510 1.103454
2452556.2361357   117   11.6540   11.7768    0.0020     88970  1.630 1.103377
2452556.2362052   118   11.6409   11.7800    0.0021     88317  1.630 1.103301
2452556.2362746   119   11.6440   11.7723    0.0022     89585  1.740 1.103224
2452556.2363441   120   11.6465   11.7795    0.0022     88713  1.720 1.103148
2452556.2364135   121   11.6378   11.7703    0.0021     88959  1.610 1.103071
2452556.2364830   122   11.6476   11.7772    0.0022     88819  1.650 1.102995
2452556.2365524   123   11.6396   11.7746    0.0021     88229  1.590 1.102919
2452556.2366219   124   11.6453   11.7681    0.0020     89330  1.600 1.102843
2452556.2366913   125   11.6491   11.7781    0.0021     88647  1.610 1.102767
2452556.2367607   126   11.6435   11.7715    0.0021     89181  1.520 1.102691
2452556.2368302   127   11.6406   11.7731    0.0020     88836  1.610 1.102616
2452556.2368996   128   11.6363   11.7669    0.0021     88703  1.620 1.102540
2452556.2369691   129   11.6469   11.7635    0.0022     89327  1.670 1.102465
2452556.2370385   130   11.6490   11.7779    0.0020     88494  1.570 1.102389
2452556.2371774   132   11.6629   11.7785    0.0020     88377  1.580 1.102239
2452556.2372469   133   11.6561   11.7843    0.0020     87905  1.540 1.102164
2452556.2373163   134   11.6478   11.7688    0.0021     89411  1.620 1.102089
2452556.2373857   135   11.6570   11.7760    0.0021     88381  1.520 1.102015
2452556.2374552   136   11.6414   11.7713    0.0021     88467  1.550 1.101940
2452556.2375246   137   11.6502   11.7722    0.0022     89359  1.720 1.101866
2452556.2375941   138   11.6557   11.7798    0.0022     88523  1.630 1.101791
2452556.2376635   139   11.6540   11.7705    0.0022     88919  1.650 1.101717
2452556.2377330   140   11.6531   11.7680    0.0023     90149  1.890 1.101643
2452556.2378024   141   11.6415   11.7711    0.0022     89280  1.700 1.101569
2452556.2378719   142   11.6505   11.7714    0.0022     88915  1.700 1.101495
2452556.2379413   143   11.6453   11.7806    0.0023     88979  1.870 1.101422
2452556.2380107   144   11.6395   11.7785    0.0022     89030  1.750 1.101348
2452556.2380802   145   11.6460   11.7707    0.0022     88865  1.700 1.101274
2452556.2381496   146   11.6408   11.7614    0.0021     89409  1.580 1.101201
2452556.2382191   147   11.6473   11.7770    0.0021     88873  1.590 1.101128
2452556.2382885   148   11.6389   11.7777    0.0020     88848  1.630 1.101055
2452556.2383580   149   11.6438   11.7843    0.0021     88159  1.640 1.100982
2452556.2384274   150   11.6443   11.7743    0.0021     88435  1.720 1.100909
2452556.2384969   151   11.6417   11.7735    0.0021     88863  1.540 1.100836
2452556.2385663   152   11.6563   11.7811    0.0021     88078  1.570 1.100763
2452556.2386357   153   11.6497   11.7752    0.0020     88255  1.530 1.100691
2452556.2387052   154   11.6622   11.7941    0.0019     86940  1.480 1.100618
2452556.2387746   155   11.6507   11.7722    0.0019     88455  1.510 1.100546
2452556.2388441   156   11.6478   11.7777    0.0019     88340  1.600 1.100474
2452556.2389135   157   11.6601   11.7945    0.0022     87293  1.690 1.100402
2452556.2389830   158   11.6686   11.7953    0.0022     87299  1.640 1.100330
2452556.2390524   159   11.6708   11.7978    0.0021     87549  1.680 1.100258
2452556.2391219   160   11.6645   11.7979    0.0022     87339  1.740 1.100186
2452556.2391913   161   11.6721   11.8039    0.0022     86283  1.700 1.100115
2452556.2392607   162   11.6828   11.8131    0.0022     86450  1.640 1.100043
2452556.2393302   163   11.6865   11.8128    0.0022     86296  1.670 1.099972
2452556.2393996   164   11.6850   11.8085    0.0022     85541  1.600 1.099901
2452556.2394691   165   11.6871   11.8032    0.0023     86074  1.680 1.099830
2452556.2395385   166   11.6849   11.8279    0.0023     84841  1.720 1.099759
2452556.2396080   167   11.6889   11.8174    0.0022     85584  1.540 1.099688
2452556.2396774   168   11.6893   11.8312    0.0021     84741  1.550 1.099617
2452556.2397469   169   11.6931   11.8260    0.0023     84959  1.720 1.099546
2452556.2398163   170   11.6938   11.8224    0.0022     84951  1.630 1.099476
2452556.2398857   171   11.6903   11.8146    0.0022     85324  1.600 1.099405
2452556.2399552   172   11.6898   11.8130    0.0022     85282  1.600 1.099335
2452556.2400246   173   11.7047   11.8201    0.0022     85248  1.600 1.099265
2452556.2400941   174   11.6867   11.8295    0.0023     85194  1.700 1.099195
2452556.2401635   175   11.6930   11.8292    0.0022     84804  1.620 1.099125
2452556.2402330   176   11.7014   11.8325    0.0022     84939  1.540 1.099055
2452556.2403024   177   11.6963   11.8294    0.0023     84936  1.650 1.098986
2452556.2403719   178   11.6953   11.8227    0.0021     84800  1.560 1.098916
2452556.2404413   179   11.6961   11.8308    0.0022     84054  1.520 1.098847
2452556.2405107   180   11.6865   11.8278    0.0022     84392  1.530 1.098777
2452556.2405802   181   11.6806   11.8138    0.0022     85541  1.630 1.098708
2452556.2406496   182   11.6840   11.8177    0.0022     85605  1.530 1.098639
2452556.2407191   183   11.6762   11.8095    0.0022     86086  1.760 1.098570
2452556.2407885   184   11.6718   11.8054    0.0022     85659  1.620 1.098501
2452556.2408580   185   11.6782   11.8130    0.0022     86188  1.680 1.098432
2452556.2409274   186   11.6692   11.8089    0.0022     86089  1.720 1.098364
2452556.2410663   188   11.6723   11.8003    0.0021     86703  1.720 1.098227
2452556.2411357   189   11.6656   11.8009    0.0022     87074  1.720 1.098159
2452556.2412052   190   11.6798   11.8035    0.0022     87239  1.650 1.098090
2452556.2412746   191   11.6688   11.8120    0.0023     85932  1.750 1.098022
2452556.2413441   192   11.6713   11.8020    0.0022     86745  1.660 1.097954
2452556.2414135   193   11.6760   11.8119    0.0022     86509  1.690 1.097887
2452556.2414830   194   11.6662   11.8003    0.0023     87316  1.780 1.097819
2452556.2415524   195   11.6703   11.8156    0.0023     86023  1.710 1.097751
2452556.2416219   196   11.6805   11.8130    0.0023     86045  1.640 1.097684
2452556.2416913   197   11.6655   11.8051    0.0022     86487  1.690 1.097617
2452556.2417607   198   11.6687   11.7971    0.0021     86823  1.630 1.097549
2452556.2418302   199   11.6744   11.8078    0.0022     86466  1.720 1.097482
2452556.2418996   200   11.6761   11.8071    0.0021     86270  1.620 1.097415
2452556.2419691   201   11.6769   11.8164    0.0022     86145  1.720 1.097349
2452556.2420385   202   11.6721   11.8128    0.0023     86328  1.780 1.097282
2452556.2421080   203   11.6802   11.8163    0.0023     85723  1.660 1.097215
2452556.2421774   204   11.6733   11.8125    0.0021     86044  1.490 1.097149
2452556.2422469   205   11.6708   11.8046    0.0021     86803  1.610 1.097082
2452556.2423163   206   11.6734   11.8148    0.0022     86187  1.690 1.097016
2452556.2424552   208   11.6715   11.8001    0.0021     86873  1.600 1.096884
2452556.2425246   209   11.6741   11.7972    0.0022     87082  1.640 1.096818
2452556.2425941   210   11.6561   11.8038    0.0022     86429  1.680 1.096752
2452556.2426635   211   11.6661   11.8027    0.0022     86835  1.660 1.096686
2452556.2427330   212   11.6703   11.8021    0.0022     86521  1.670 1.096621
2452556.2428024   213   11.6754   11.8031    0.0022     86838  1.700 1.096555
2452556.2428719   214   11.6880   11.8164    0.0023     85806  1.690 1.096490
2452556.2429413   215   11.6803   11.8089    0.0021     86224  1.640 1.096425
2452556.2430107   216   11.6893   11.8101    0.0022     86124  1.680 1.096360
2452556.2430802   217   11.6729   11.8078    0.0022     86115  1.780 1.096295
2452556.2431496   218   11.6796   11.8110    0.0022     86179  1.660 1.096230
2452556.2432191   219   11.6754   11.8105    0.0022     86474  1.750 1.096165
2452556.2432885   220   11.6741   11.8068    0.0021     86652  1.660 1.096101
2452556.2433580   221   11.6709   11.8022    0.0022     86892  1.650 1.096036
2452556.2434274   222   11.6686   11.7984    0.0021     86656  1.500 1.095972
2452556.2434969   223   11.6738   11.8086    0.0020     86225  1.510 1.095907
2452556.2435663   224   11.6633   11.7923    0.0020     87441  1.480 1.095843
2452556.2436357   225   11.6653   11.8001    0.0021     86979  1.610 1.095779
2452556.2437052   226   11.6561   11.8082    0.0022     86560  1.790 1.095715
2452556.2437746   227   11.6601   11.7941    0.0022     87328  1.640 1.095652
2452556.2438441   228   11.6662   11.8027    0.0022     87214  1.630 1.095588
2452556.2439830   230   11.6657   11.8046    0.0021     86619  1.690 1.095461
2452556.2440524   231   11.6658   11.8117    0.0022     86132  1.640 1.095397
2452556.2441219   232   11.6791   11.7974    0.0021     86694  1.600 1.095334
2452556.2442607   234   11.6702   11.8135    0.0022     85594  1.650 1.095208
2452556.2443302   235   11.6778   11.8113    0.0023     85952  1.650 1.095145
2452556.2443996   236   11.6834   11.8155    0.0022     85838  1.640 1.095083
2452556.2444691   237   11.6760   11.8185    0.0023     85692  1.680 1.095020
2452556.2445385   238   11.6804   11.8163    0.0022     86481  1.650 1.094957
2452556.2446080   239   11.6649   11.8086    0.0021     86351  1.590 1.094895
2452556.2446774   240   11.6623   11.8045    0.0021     86226  1.590 1.094833
2452556.2447469   241   11.6737   11.8095    0.0022     86261  1.650 1.094771
2452556.2448163   242   11.6596   11.8051    0.0021     86368  1.580 1.094709
2452556.2448857   243   11.6697   11.8034    0.0021     86671  1.590 1.094647
2452556.2449552   244   11.6728   11.8108    0.0022     85836  1.500 1.094585
2452556.2450246   245   11.6787   11.8133    0.0023     85927  1.670 1.094523
2452556.2450941   246   11.6815   11.8233    0.0023     85601  1.670 1.094461
2452556.2451635   247   11.6924   11.8161    0.0024     85896  1.840 1.094400
2452556.2453024   249   11.6844   11.8177    0.0023     85419  1.720 1.094277
2452556.2453719   250   11.6805   11.8257    0.0023     85030  1.650 1.094216
2452556.2454413   251   11.6884   11.8260    0.0023     85339  1.770 1.094155
2452556.2455107   252   11.6917   11.8187    0.0023     85172  1.640 1.094094
2452556.2455802   253   11.6970   11.8252    0.0023     84781  1.620 1.094034
2452556.2456496   254   11.6876   11.8084    0.0021     86071  1.740 1.093973
2452556.2457191   255   11.6782   11.8133    0.0023     85508  1.600 1.093912
2452556.2457885   256   11.6932   11.8208    0.0022     85155  1.620 1.093852
2452556.2458580   257   11.6817   11.8154    0.0023     85422  1.710 1.093792
2452556.2459274   258   11.6749   11.8014    0.0022     86712  1.750 1.093732
2452556.2459969   259   11.6814   11.8102    0.0021     86057  1.570 1.093671
2452556.2460663   260   11.6805   11.8111    0.0022     85960  1.610 1.093611
2452556.2461357   261   11.6864   11.8176    0.0023     85920  1.710 1.093552
2452556.2462052   262   11.6761   11.8084    0.0022     86459  1.730 1.093492
2452556.2462746   263   11.6761   11.8084    0.0022     86459  1.730 1.093432
2452556.2463441   264   11.6896   11.8151    0.0023     86045  1.650 1.093373
2452556.2464135   265   11.6812   11.8143    0.0023     85661  1.630 1.093313
2452556.2464830   266   11.6855   11.8109    0.0022     85400  1.590 1.093254
2452556.2465524   267   11.6810   11.8101    0.0023     85943  1.680 1.093195
2452556.2466219   268   11.6971   11.8305    0.0023     84611  1.670 1.093136
2452556.2466913   269   11.6862   11.8312    0.0023     84672  1.690 1.093077
2452556.2467607   270   11.6857   11.8267    0.0023     84868  1.710 1.093018
2452556.2468302   271   11.6898   11.8385    0.0024     84298  1.770 1.092960
2452556.2468996   272   11.6860   11.8203    0.0023     84936  1.780 1.092901
2452556.2469691   273   11.6953   11.8234    0.0023     85102  1.690 1.092843
2452556.2470385   274   11.6878   11.8253    0.0022     84948  1.620 1.092784
2452556.2471080   275   11.6893   11.8323    0.0023     84395  1.750 1.092726
2452556.2471774   276   11.6929   11.8293    0.0023     84820  1.670 1.092668
2452556.2472469   277   11.6871   11.8218    0.0022     84968  1.600 1.092610
2452556.2473163   278   11.6870   11.8285    0.0021     84729  1.590 1.092552
2452556.2473857   279   11.6880   11.8159    0.0023     85513  1.690 1.092494
2452556.2474552   280   11.6910   11.8236    0.0022     85082  1.620 1.092437
2452556.2475941   282   11.6876   11.8288    0.0023     84995  1.670 1.092322
2452556.2476635   283   11.6699   11.8235    0.0024     85252  1.810 1.092264
2452556.2477330   284   11.6863   11.8199    0.0023     85511  1.790 1.092207
2452556.2478024   285   11.6892   11.8270    0.0023     85340  1.760 1.092150
2452556.2479413   287   11.6785   11.8211    0.0022     85930  1.590 1.092036
2452556.2480107   288   11.6900   11.8269    0.0023     85097  1.680 1.091980
2452556.2483580   293   11.6776   11.8192    0.0023     85607  1.700 1.091698
2452556.2484274   294   11.6833   11.8190    0.0022     85551  1.610 1.091642
2452556.2484969   295   11.6861   11.8220    0.0024     85682  1.870 1.091586
2452556.2485663   296   11.6814   11.8174    0.0023     85615  1.720 1.091530
2452556.2486357   297   11.6785   11.8210    0.0023     85829  1.760 1.091474
2452556.2487052   298   11.6845   11.8201    0.0024     86129  1.800 1.091419
2452556.2488441   300   11.6757   11.8093    0.0023     86526  1.830 1.091308
2452556.2489135   301   11.6806   11.8167    0.0023     86669  1.800 1.091253
2452556.2489830   302   11.6809   11.8059    0.0022     86349  1.770 1.091198
2452556.2490524   303   11.6661   11.8084    0.0022     86415  1.730 1.091143
2452556.2491219   304   11.6638   11.7995    0.0022     87124  1.710 1.091088
2452556.2491913   305   11.6737   11.8042    0.0022     86669  1.740 1.091033
2452556.2492607   306   11.6771   11.8095    0.0021     86442  1.590 1.090979
2452556.2493302   307   11.6641   11.8096    0.0022     86075  1.660 1.090924
2452556.2493996   308   11.6721   11.8097    0.0022     85994  1.620 1.090870
2452556.2494691   309   11.6741   11.8061    0.0022     86419  1.730 1.090815
2452556.2495385   310   11.6741   11.8140    0.0023     85658  1.750 1.090761
2452556.2496080   311   11.6846   11.8080    0.0023     86501  1.810 1.090707
2452556.2496774   312   11.6778   11.8081    0.0023     86970  1.810 1.090653
2452556.2497469   313   11.6706   11.7928    0.0022     88015  1.700 1.090599
2452556.2498857   315   11.6658   11.8038    0.0022     86756  1.780 1.090492
2452556.2499552   316   11.6639   11.8006    0.0021     87147  1.750 1.090438
2452556.2500246   317   11.6658   11.8005    0.0023     87521  1.760 1.090385
2452556.2500941   318   11.6627   11.7946    0.0021     87454  1.590 1.090332
2452556.2501635   319   11.6572   11.8017    0.0022     87112  1.680 1.090279
2452556.2502330   320   11.6561   11.8053    0.0021     87161  1.600 1.090226
2452556.2503024   321   11.6470   11.7967    0.0022     87297  1.710 1.090173
2452556.2503719   322   11.6583   11.7897    0.0022     87959  1.690 1.090120
2452556.2504413   323   11.6675   11.7984    0.0022     87168  1.710 1.090067
2452556.2505107   324   11.6695   11.8060    0.0022     86538  1.640 1.090015
2452556.2505802   325   11.6558   11.8041    0.0022     86819  1.750 1.089962
2452556.2506496   326   11.6519   11.7905    0.0022     87945  1.670 1.089910
2452556.2507191   327   11.6547   11.7944    0.0022     87805  1.610 1.089858
2452556.2507885   328   11.6552   11.7825    0.0022     88230  1.660 1.089805
2452556.2508580   329   11.6548   11.7910    0.0022     87952  1.720 1.089753
2452556.2509274   330   11.6545   11.7970    0.0023     88071  1.770 1.089702
2452556.2509969   331   11.6591   11.7841    0.0022     88001  1.680 1.089650
2452556.2510663   332   11.6550   11.7946    0.0023     88012  1.790 1.089598
2452556.2511357   333   11.6471   11.7845    0.0023     88932  1.890 1.089547
2452556.2512052   334   11.6514   11.7905    0.0024     88804  1.860 1.089495
2452556.2512746   335   11.6491   11.7813    0.0023     88736  1.780 1.089444
2452556.2513441   336   11.6474   11.7905    0.0023     88211  1.800 1.089393
2452556.2514135   337   11.6363   11.7803    0.0023     88595  1.780 1.089342
2452556.2514830   338   11.6627   11.7952    0.0023     87819  1.850 1.089291
2452556.2522006   339   11.6700   11.7921    0.0017     86943  1.260 1.088771
2452556.2522700   340   11.6740   11.7920    0.0019     86973  1.320 1.088721
2452556.2523394   341   11.6626   11.7875    0.0019     87197  1.320 1.088671
2452556.2524089   342   11.6701   11.7939    0.0019     86800  1.390 1.088622
2452556.2524783   343   11.6640   11.7830    0.0018     87117  1.340 1.088572
2452556.2525478   344   11.6707   11.7900    0.0017     86597  1.150 1.088523
2452556.2526172   345   11.6771   11.7957    0.0017     86216  1.250 1.088474
2452556.2526867   346   11.6743   11.7920    0.0018     86605  1.250 1.088425
2452556.2527561   347   11.6697   11.7900    0.0018     87151  1.230 1.088376
2452556.2528256   348   11.6714   11.8047    0.0019     86052  1.330 1.088327
2452556.2528950   349   11.6792   11.8032    0.0019     86290  1.230 1.088279
2452556.2529644   350   11.6833   11.8050    0.0019     86029  1.200 1.088230
2452556.2530339   351   11.6898   11.8083    0.0018     85229  1.210 1.088182
2452556.2531033   352   11.6906   11.8107    0.0018     85305  1.170 1.088134
2452556.2531728   353   11.6872   11.8089    0.0019     85209  1.280 1.088085
2452556.2532422   354   11.6822   11.8001    0.0017     85752  1.170 1.088037
2452556.2533117   355   11.6947   11.8110    0.0019     85641  1.250 1.087989
2452556.2533811   356   11.6865   11.8042    0.0017     85527  1.170 1.087941
2452556.2534506   357   11.6773   11.8027    0.0018     85794  1.170 1.087894
2452556.2535200   358   11.6889   11.8095    0.0017     85442  1.120 1.087846
2452556.2535894   359   11.6854   11.8111    0.0018     85488  1.160 1.087799
2452556.2536589   360   11.6884   11.8095    0.0018     85391  1.200 1.087751
2452556.2537283   361   11.6870   11.7991    0.0018     86416  1.250 1.087704
2452556.2537978   362   11.6783   11.7985    0.0018     86346  1.250 1.087657
2452556.2538672   363   11.6767   11.8017    0.0020     86134  1.360 1.087610
2452556.2539367   364   11.6836   11.8103    0.0018     85825  1.230 1.087563
2452556.2540061   365   11.6657   11.7912    0.0018     87408  1.340 1.087516
2452556.2540756   366   11.6682   11.7899    0.0019     86883  1.390 1.087469
2452556.2541450   367   11.6773   11.7969    0.0017     86229  1.110 1.087422
2452556.2542144   368   11.6805   11.8020    0.0017     86441  1.100 1.087376
2452556.2542839   369   11.6881   11.8075    0.0017     85768  1.200 1.087330
2452556.2543533   370   11.6808   11.8032    0.0017     85879  1.220 1.087283
2452556.2544228   371   11.6896   11.8137    0.0020     86114  1.450 1.087237
2452556.2544922   372   11.6862   11.8081    0.0019     85570  1.250 1.087191
2452556.2545617   373   11.6883   11.8073    0.0018     85364  1.290 1.087145
2452556.2546311   374   11.6905   11.8133    0.0017     84738  1.160 1.087099
2452556.2547006   375   11.6869   11.8142    0.0018     84373  1.180 1.087054
2452556.2547700   376   11.6852   11.8148    0.0020     85849  1.320 1.087008
2452556.2548394   377   11.6805   11.8086    0.0019     85928  1.270 1.086963
2452556.2549089   378   11.6739   11.8037    0.0019     86491  1.310 1.086917
2452556.2549783   379   11.6830   11.7952    0.0020     86691  1.460 1.086872
2452556.2550478   380   11.6841   11.8085    0.0020     86218  1.460 1.086827
2452556.2551172   381   11.6799   11.8072    0.0020     86259  1.480 1.086782
2452556.2551867   382   11.6839   11.8102    0.0019     85918  1.310 1.086737
2452556.2552561   383   11.6819   11.8104    0.0020     85551  1.300 1.086692
2452556.2553256   384   11.6830   11.8095    0.0019     85951  1.410 1.086647
2452556.2553950   385   11.6762   11.8003    0.0018     86659  1.270 1.086603
2452556.2554644   386   11.6777   11.7993    0.0017     86140  1.160 1.086558
2452556.2555339   387   11.6744   11.8017    0.0018     86208  1.250 1.086514
2452556.2556033   388   11.6651   11.7920    0.0018     87593  1.280 1.086470
2452556.2556728   389   11.6743   11.7971    0.0018     86734  1.270 1.086426
2452556.2557422   390   11.6722   11.7883    0.0019     88013  1.440 1.086382
2452556.2558117   391   11.6658   11.7881    0.0019     87597  1.340 1.086338
2452556.2558811   392   11.6714   11.7990    0.0018     86559  1.320 1.086294
2452556.2559506   393   11.6671   11.7897    0.0018     87465  1.290 1.086250
2452556.2560200   394   11.6659   11.7824    0.0018     87618  1.290 1.086207
2452556.2560894   395   11.6755   11.7983    0.0018     86616  1.250 1.086163
2452556.2561589   396   11.6651   11.7835    0.0017     86722  1.190 1.086120
2452556.2562283   397   11.6776   11.7906    0.0018     86811  1.310 1.086077
2452556.2562978   398   11.6645   11.7821    0.0017     86990  1.250 1.086034
2452556.2563672   399   11.6554   11.7732    0.0018     87990  1.390 1.085991
2452556.2564367   400   11.6515   11.7704    0.0019     88791  1.460 1.085948
2452556.2565061   401   11.6515   11.7734    0.0019     89019  1.400 1.085905
2452556.2565756   402   11.6537   11.7791    0.0020     88554  1.430 1.085862
2452556.2566450   403   11.6478   11.7749    0.0022     88735  1.650 1.085820
2452556.2567144   404   11.6499   11.7725    0.0019     88444  1.420 1.085778
2452556.2567839   405   11.6465   11.7719    0.0019     88829  1.300 1.085735
2452556.2568533   406   11.6488   11.7732    0.0017     88285  1.310 1.085693
2452556.2569228   407   11.6459   11.7669    0.0016     88767  1.200 1.085651
2452556.2569922   408   11.6376   11.7671    0.0017     89027  1.160 1.085609
2452556.2570617   409   11.6463   11.7613    0.0016     88666  1.270 1.085567
2452556.2571311   410   11.6373   11.7563    0.0017     89409  1.260 1.085525
2452556.2572006   411   11.6365   11.7727    0.0019     89295  1.310 1.085484
2452556.2572700   412   11.6379   11.7622    0.0019     90043  1.300 1.085442
2452556.2573394   413   11.6264   11.7545    0.0018     90048  1.200 1.085401
2452556.2574089   414   11.6294   11.7548    0.0016     89856  1.100 1.085359
2452556.2574783   415   11.6350   11.7548    0.0016     90127  1.120 1.085318
2452556.2575478   416   11.6305   11.7516    0.0016     90003  1.160 1.085277
2452556.2576172   417   11.6352   11.7494    0.0016     89912  1.200 1.085236
2452556.2576867   418   11.6361   11.7547    0.0016     89775  1.230 1.085195
2452556.2577561   419   11.6302   11.7496    0.0018     91095  1.310 1.085155
2452556.2578256   420   11.6293   11.7479    0.0017     90670  1.280 1.085114
2452556.2578950   421   11.6224   11.7461    0.0017     91277  1.290 1.085074
2452556.2579644   422   11.6214   11.7452    0.0016     90406  1.160 1.085033
2452556.2580339   423   11.6342   11.7619    0.0017     90045  1.210 1.084993
2452556.2581033   424   11.6250   11.7525    0.0019     90768  1.270 1.084953
2452556.2581728   425   11.6225   11.7472    0.0017     90285  1.240 1.084913
2452556.2582422   426   11.6257   11.7445    0.0017     91087  1.230 1.084873
2452556.2583117   427   11.6340   11.7478    0.0016     90471  1.180 1.084833
2452556.2583811   428   11.6359   11.7621    0.0018     89609  1.240 1.084793
2452556.2584506   429   11.6319   11.7533    0.0017     90395  1.280 1.084754
2452556.2585200   430   11.6237   11.7446    0.0017     90292  1.350 1.084714
2452556.2585894   431   11.6368   11.7530    0.0016     89906  1.270 1.084675
2452556.2586589   432   11.6319   11.7535    0.0017     90504  1.160 1.084635
2452556.2587283   433   11.6282   11.7522    0.0019     90883  1.380 1.084596
2452556.2587978   434   11.6260   11.7581    0.0019     90900  1.380 1.084557
2452556.2588672   435   11.6246   11.7475    0.0018     90858  1.210 1.084518
2452556.2589367   436   11.6241   11.7423    0.0017     90975  1.240 1.084479
2452556.2590061   437   11.6309   11.7564    0.0018     90419  1.190 1.084441
2452556.2590756   438   11.6297   11.7510    0.0017     90412  1.210 1.084402
2452556.2591450   439   11.6292   11.7511    0.0018     90468  1.340 1.084364
2452556.2592144   440   11.6296   11.7518    0.0017     90569  1.300 1.084325
2452556.2592839   441   11.6259   11.7668    0.0019     91509  1.440 1.084287
2452556.2593533   442   11.6156   11.7432    0.0018     91681  1.260 1.084249
2452556.2594228   443   11.6203   11.7467    0.0017     91019  1.220 1.084211
2452556.2594922   444   11.6173   11.7477    0.0019     91655  1.390 1.084173
2452556.2595617   445   11.6240   11.7422    0.0019     91662  1.410 1.084135
2452556.2596311   446   11.6173   11.7438    0.0018     91979  1.320 1.084097
2452556.2597006   447   11.6138   11.7413    0.0019     91604  1.300 1.084060
2452556.2597700   448   11.6126   11.7286    0.0016     91203  1.240 1.084022
2452556.2598394   449   11.6062   11.7350    0.0017     91672  1.280 1.083985
2452556.2599089   450   11.6121   11.7376    0.0019     91656  1.370 1.083948
2452556.2599783   451   11.6116   11.7387    0.0017     91585  1.210 1.083910
2452556.2600478   452   11.6104   11.7327    0.0018     91976  1.290 1.083873
2452556.2601172   453   11.6111   11.7323    0.0018     91921  1.250 1.083837
2452556.2601867   454   11.6106   11.7296    0.0017     91978  1.160 1.083800
2452556.2602561   455   11.6080   11.7310    0.0017     92080  1.210 1.083763
2452556.2603256   456   11.6066   11.7273    0.0017     92320  1.140 1.083726
2452556.2603950   457   11.6138   11.7319    0.0017     92348  1.130 1.083690
2452556.2604644   458   11.6145   11.7386    0.0018     91599  1.260 1.083654
2452556.2605339   459   11.6148   11.7405    0.0016     91102  1.200 1.083617
2452556.2606033   460   11.6094   11.7282    0.0016     92207  1.240 1.083581
2452556.2606728   461   11.6153   11.7367    0.0017     91604  1.310 1.083545
2452556.2607422   462   11.6138   11.7404    0.0017     91520  1.260 1.083509
2452556.2608117   463   11.6224   11.7431    0.0019     91328  1.470 1.083473
2452556.2608811   464   11.6177   11.7354    0.0019     92399  1.550 1.083438
2452556.2609506   465   11.6218   11.7446    0.0018     91308  1.400 1.083402
2452556.2610200   466   11.6148   11.7449    0.0018     91020  1.370 1.083367
2452556.2610894   467   11.6211   11.7410    0.0017     91234  1.170 1.083331
2452556.2611589   468   11.6211   11.7359    0.0017     91436  1.210 1.083296
2452556.2612283   469   11.6189   11.7429    0.0017     91020  1.160 1.083261
2452556.2612978   470   11.6271   11.7512    0.0018     90704  1.360 1.083226
2452556.2613672   471   11.6129   11.7466    0.0017     90894  1.300 1.083191
2452556.2614367   472   11.6268   11.7507    0.0020     91036  1.420 1.083156
2452556.2615061   473   11.6309   11.7496    0.0017     89855  1.420 1.083122
2452556.2615756   474   11.6179   11.7490    0.0019     90579  1.270 1.083087
2452556.2616450   475   11.6262   11.7477    0.0017     90568  1.220 1.083053
2452556.2617144   476   11.6196   11.7457    0.0018     91161  1.250 1.083018
2452556.2617839   477   11.6136   11.7421    0.0017     90780  1.360 1.082984
2452556.2618533   478   11.6165   11.7421    0.0019     91588  1.440 1.082950
2452556.2619228   479   11.6129   11.7378    0.0018     92192  1.370 1.082916
2452556.2619922   480   11.6236   11.7451    0.0019     91074  1.360 1.082882
2452556.2620617   481   11.6155   11.7367    0.0016     91034  1.160 1.082848
2452556.2621311   482   11.6235   11.7489    0.0018     91165  1.280 1.082815
2452556.2622006   483   11.6314   11.7532    0.0019     90626  1.520 1.082781
2452556.2622700   484   11.6149   11.7435    0.0019     91628  1.460 1.082748
2452556.2623394   485   11.6207   11.7445    0.0017     90853  1.310 1.082714
2452556.2624089   486   11.6132   11.7354    0.0019     92659  1.530 1.082681
2452556.2624783   487   11.6217   11.7415    0.0018     91908  1.410 1.082648
2452556.2625478   488   11.6158   11.7341    0.0018     91699  1.380 1.082615
2452556.2626172   489   11.6161   11.7326    0.0016     91175  1.230 1.082582
2452556.2626867   490   11.6201   11.7376    0.0018     91334  1.300 1.082549
2452556.2627561   491   11.6241   11.7432    0.0017     91002  1.270 1.082516
2452556.2628256   492   11.6145   11.7354    0.0018     91805  1.230 1.082484
2452556.2628950   493   11.6139   11.7586    0.0017     91434  1.210 1.082451
2452556.2629644   494   11.6206   11.7424    0.0017     91289  1.140 1.082419
2452556.2630339   495   11.6194   11.7419    0.0017     91597  1.190 1.082387
2452556.2631033   496   11.6147   11.7437    0.0017     91336  1.290 1.082355
2452556.2631728   497   11.6191   11.7450    0.0016     90747  1.150 1.082323
2452556.2632422   498   11.6211   11.7376    0.0016     91342  1.150 1.082291
2452556.2633117   499   11.6241   11.7490    0.0018     91033  1.240 1.082259
2452556.2633811   500   11.6009   11.7345    0.0017     92110  1.210 1.082227
2452556.2634506   501   11.6006   11.7278    0.0017     92703  1.200 1.082196
2452556.2635200   502   11.5906   11.7134    0.0017     93632  1.320 1.082164
2452556.2635894   503   11.5947   11.7237    0.0017     93092  1.250 1.082133
2452556.2636589   504   11.5933   11.7179    0.0016     92755  1.230 1.082102
2452556.2637283   505   11.5889   11.7168    0.0016     93559  1.210 1.082071
2452556.2637978   506   11.5981   11.7288    0.0017     92329  1.230 1.082040
2452556.2638672   507   11.5953   11.7250    0.0016     92537  1.220 1.082009
2452556.2639367   508   11.6023   11.7252    0.0017     92498  1.250 1.081978
2452556.2640061   509   11.6074   11.7273    0.0017     92871  1.200 1.081947
2452556.2640756   510   11.5939   11.6895    0.0017     95438  1.240 1.081917
2452556.2641450   511   11.5960   11.7217    0.0018     93301  1.350 1.081886
2452556.2642144   512   11.6015   11.7277    0.0017     92724  1.260 1.081856
2452556.2642839   513   11.5920   11.7205    0.0017     92890  1.230 1.081826
2452556.2643533   514   11.5946   11.7117    0.0017     93693  1.310 1.081796
2452556.2644228   515   11.5880   11.7082    0.0016     93767  1.150 1.081766
2452556.2644922   516   11.5992   11.7227    0.0017     93273  1.280 1.081736
2452556.2645617   517   11.5949   11.7225    0.0017     93930  1.370 1.081706
2452556.2646311   518   11.6107   11.7308    0.0018     92655  1.390 1.081676
2452556.2647006   519   11.5979   11.7252    0.0019     92873  1.440 1.081647
2452556.2647700   520   11.6098   11.7283    0.0017     91623  1.410 1.081617
2452556.2648394   521   11.6078   11.7301    0.0018     92763  1.270 1.081588
2452556.2649089   522   11.6035   11.7221    0.0018     92839  1.350 1.081559
2452556.2649783   523   11.6127   11.7331    0.0017     92252  1.180 1.081530
2452556.2650478   524   11.6077   11.7349    0.0017     92067  1.190 1.081501
2452556.2651172   525   11.6068   11.7218    0.0016     92323  1.140 1.081472
2452556.2651867   526   11.6073   11.7301    0.0016     91744  1.110 1.081443
2452556.2652561   527   11.6012   11.7275    0.0016     92519  1.210 1.081414
2452556.2653256   528   11.6075   11.7257    0.0016     92468  1.130 1.081386
2452556.2653950   529   11.6028   11.7218    0.0016     92644  1.130 1.081357
2452556.2654644   530   11.5950   11.7170    0.0016     92860  1.130 1.081329
2452556.2655339   531   11.5871   11.7158    0.0017     93192  1.190 1.081301
2452556.2656033   532   11.5933   11.7257    0.0017     93368  1.260 1.081273
2452556.2656728   533   11.5900   11.7139    0.0016     93044  1.170 1.081245
2452556.2657422   534   11.5903   11.7205    0.0017     93188  1.170 1.081217
2452556.2658117   535   11.6035   11.7324    0.0018     92670  1.290 1.081189
2452556.2658811   536   11.6060   11.7292    0.0016     92041  1.200 1.081161
2452556.2659506   537   11.6017   11.7225    0.0016     92344  1.210 1.081134
2452556.2660200   538   11.6003   11.7281    0.0017     92485  1.220 1.081106
2452556.2660894   539   11.6175   11.7343    0.0018     92322  1.290 1.081079
2452556.2661589   540   11.6102   11.7310    0.0017     91330  1.280 1.081052
2452556.2662283   541   11.6029   11.7229    0.0017     91954  1.240 1.081024
2452556.2662978   542   11.6073   11.7345    0.0018     92760  1.380 1.080997
2452556.2663672   543   11.6029   11.7254    0.0017     92399  1.220 1.080971
2452556.2664367   544   11.6057   11.7258    0.0017     92385  1.150 1.080944
2452556.2665061   545   11.6109   11.7379    0.0017     91636  1.230 1.080917
2452556.2665756   546   11.6087   11.7428    0.0018     91666  1.270 1.080891
2452556.2666450   547   11.5987   11.7263    0.0017     92732  1.330 1.080864
2452556.2667144   548   11.6106   11.7404    0.0018     91796  1.290 1.080838
2452556.2667839   549   11.6222   11.7365    0.0016     91089  1.150 1.080811
2452556.2668533   550   11.6271   11.7512    0.0017     90484  1.240 1.080785
2452556.2669228   551   11.6299   11.7504    0.0017     90606  1.170 1.080759
2452556.2669922   552   11.6361   11.7574    0.0017     90182  1.240 1.080733
2452556.2670617   553   11.6453   11.7673    0.0017     89081  1.200 1.080708
2452556.2671311   554   11.6401   11.7700    0.0017     89440  1.230 1.080682
2452556.2672006   555   11.6400   11.7647    0.0017     89444  1.190 1.080656
2452556.2672700   556   11.6417   11.7691    0.0017     89149  1.160 1.080631
2452556.2673394   557   11.6516   11.7757    0.0017     88640  1.230 1.080606
2452556.2674089   558   11.6423   11.7693    0.0018     89484  1.310 1.080580
2452556.2674783   559   11.6560   11.7810    0.0018     88119  1.330 1.080555
2452556.2675478   560   11.6773   11.7970    0.0018     87276  1.320 1.080530
2452556.2676172   561   11.6770   11.8015    0.0018     86544  1.210 1.080505
2452556.2676867   562   11.6699   11.7869    0.0018     86696  1.270 1.080480
2452556.2677561   563   11.6759   11.7999    0.0019     86943  1.260 1.080456
2452556.2678256   564   11.6780   11.7995    0.0018     86458  1.320 1.080431
2452556.2678950   565   11.6715   11.7954    0.0017     86375  1.150 1.080407
2452556.2679644   566   11.6802   11.8079    0.0019     86388  1.290 1.080382
2452556.2680339   567   11.6852   11.8165    0.0019     85176  1.310 1.080358
2452556.2681033   568   11.6978   11.8156    0.0019     85234  1.240 1.080334
2452556.2681728   569   11.7013   11.8223    0.0018     84675  1.240 1.080310
2452556.2682422   570   11.7068   11.8310    0.0018     83969  1.300 1.080286
2452556.2683117   571   11.7006   11.8277    0.0018     84185  1.300 1.080262
2452556.2683811   572   11.7107   11.8356    0.0019     83847  1.280 1.080239
2452556.2684506   573   11.7098   11.8332    0.0019     84110  1.270 1.080215
2452556.2685200   574   11.7143   11.8364    0.0017     83167  1.220 1.080192
2452556.2685894   575   11.7317   11.8474    0.0017     82240  1.160 1.080168
2452556.2686589   576   11.7269   11.8522    0.0020     82982  1.330 1.080145
2452556.2687283   577   11.7166   11.8394    0.0020     83504  1.370 1.080122
2452556.2687978   578   11.7324   11.8587    0.0019     82495  1.270 1.080099
2452556.2688672   579   11.7467   11.8626    0.0021     82133  1.540 1.080076
2452556.2689367   580   11.7405   11.8700    0.0019     81603  1.360 1.080053
2452556.2690061   581   11.7442   11.8645    0.0019     82057  1.350 1.080030
2452556.2690756   582   11.7546   11.8729    0.0020     81337  1.410 1.080008
2452556.2691450   583   11.7643   11.8905    0.0020     79911  1.370 1.079985
2452556.2692144   584   11.7709   11.8915    0.0020     79794  1.360 1.079963
2452556.2692839   585   11.7692   11.8897    0.0020     79885  1.370 1.079941
2452556.2693533   586   11.7798   11.9003    0.0019     78229  1.280 1.079918
2452556.2694228   587   11.8018   11.9175    0.0019     77915  1.270 1.079896
2452556.2694922   588   11.7986   11.9181    0.0019     77574  1.270 1.079875
2452556.2695617   589   11.7967   11.9237    0.0020     77016  1.280 1.079853
2452556.2696311   590   11.8240   11.9527    0.0021     75512  1.300 1.079831
2452556.2697006   591   11.8325   11.9500    0.0022     75646  1.250 1.079809
2452556.2697700   592   11.8305   11.9520    0.0021     75639  1.370 1.079788
2452556.2698394   593   11.8389   11.9668    0.0022     74666  1.370 1.079767
2452556.2699089   594   11.8416   11.9626    0.0021     74496  1.310 1.079745
2452556.2699783   595   11.8643   11.9824    0.0022     73671  1.430 1.079724
2452556.2700478   596   11.8549   11.9782    0.0021     73248  1.320 1.079703
2452556.2701172   597   11.8688   11.9902    0.0023     72863  1.480 1.079682
2452556.2701867   598   11.8736   11.9960    0.0025     72469  1.460 1.079661
2452556.2702561   599   11.8940   12.0211    0.0024     70871  1.570 1.079641
2452556.2703256   600   11.8979   12.0222    0.0025     71245  1.530 1.079620
2452556.2703950   601   11.9034   12.0197    0.0023     71035  1.470 1.079600
2452556.2704644   602   11.9098   12.0245    0.0024     70799  1.500 1.079579
2452556.2705339   603   11.9036   12.0288    0.0023     70382  1.410 1.079559
2452556.2706033   604   11.9017   12.0249    0.0024     70626  1.500 1.079539
2452556.2706728   605   11.9262   12.0472    0.0025     69399  1.570 1.079519
2452556.2707422   606   11.9164   12.0401    0.0025     69443  1.510 1.079499
2452556.2708117   607   11.9225   12.0375    0.0025     69888  1.490 1.079479
2452556.2708811   608   11.9280   12.0628    0.0024     68267  1.390 1.079459
2452556.2709506   609   11.9470   12.0812    0.0024     67357  1.380 1.079440
2452556.2710200   610   11.9493   12.0777    0.0027     67593  1.490 1.079420
2452556.2710894   611   11.9528   12.0796    0.0027     67585  1.530 1.079401
2452556.2711589   612   11.9675   12.0938    0.0023     66195  1.410 1.079381
2452556.2712283   613   11.9655   12.0804    0.0025     67310  1.480 1.079362
2452556.2712978   614   11.9634   12.0791    0.0023     66813  1.310 1.079343
2452556.2713672   615   11.9721   12.0875    0.0026     66836  1.420 1.079324
2452556.2714367   616   11.9798   12.1005    0.0027     66078  1.620 1.079305
2452556.2715061   617   11.9921   12.1112    0.0027     65303  1.590 1.079287
2452556.2715756   618   11.9836   12.1100    0.0026     65195  1.500 1.079268
2452556.2716450   619   11.9885   12.1133    0.0025     65193  1.520 1.079249
2452556.2717144   620   12.0023   12.1244    0.0026     64517  1.470 1.079231
2452556.2717839   621   12.0049   12.1219    0.0024     64583  1.340 1.079213
2452556.2718533   622   12.0018   12.1259    0.0023     63942  1.270 1.079195
2452556.2719228   623   12.0131   12.1298    0.0026     64231  1.470 1.079177
2452556.2719922   624   12.0200   12.1420    0.0027     63365  1.470 1.079159
2452556.2720617   625   12.0296   12.1402    0.0024     63064  1.310 1.079141
2452556.2721311   626   12.0234   12.1483    0.0024     62778  1.350 1.079123
2452556.2722006   627   12.0330   12.1619    0.0023     61790  1.290 1.079105
2452556.2722700   628   12.0501   12.1679    0.0023     61423  1.250 1.079088
2452556.2723394   629   12.0365   12.1774    0.0025     61725  1.280 1.079070
2452556.2724089   630   12.0505   12.1801    0.0024     60868  1.170 1.079053
2452556.2724783   631   12.0447   12.1872    0.0025     60857  1.220 1.079036
2452556.2725478   632   12.0661   12.1953    0.0024     60143  1.330 1.079019
2452556.2726172   633   12.0603   12.1893    0.0026     60557  1.300 1.079002
2452556.2726867   634   12.0723   12.2013    0.0027     60427  1.340 1.078985
2452556.2727561   635   12.0690   12.2062    0.0025     59629  1.260 1.078968
2452556.2728256   636   12.0803   12.1968    0.0025     59694  1.340 1.078952
2452556.2728950   637   12.0881   12.2085    0.0024     59319  1.290 1.078935
2452556.2729644   638   12.0966   12.2275    0.0026     58523  1.320 1.078919
2452556.2730339   639   12.1243   12.2511    0.0029     57168  1.540 1.078902
2452556.2731033   640   12.1207   12.2354    0.0029     58018  1.460 1.078886
2452556.2731728   641   12.1200   12.2433    0.0031     58073  1.590 1.078870
2452556.2732422   642   12.1348   12.2530    0.0029     57053  1.490 1.078854
2452556.2733117   643   12.1417   12.2734    0.0030     55981  1.460 1.078838
2452556.2733811   644   12.1503   12.2719    0.0030     56373  1.550 1.078822
2452556.2734506   645   12.1580   12.2816    0.0031     56187  1.640 1.078807
2452556.2735200   646   12.1660   12.2916    0.0032     55278  1.640 1.078791
2452556.2735894   647   12.1756   12.2941    0.0031     54803  1.550 1.078776
2452556.2736589   648   12.1849   12.2879    0.0035     55379  1.770 1.078760
2452556.2737283   649   12.1797   12.3011    0.0031     54763  1.510 1.078745
2452556.2737978   650   12.2037   12.3188    0.0033     54093  1.600 1.078730
2452556.2738672   651   12.2100   12.3434    0.0038     53313  1.970 1.078715
2452556.2739367   652   12.1952   12.3262    0.0035     53334  1.590 1.078700
2452556.2740061   653   12.2100   12.3420    0.0033     52783  1.580 1.078686
2452556.2740756   654   12.2217   12.3357    0.0031     52975  1.510 1.078671
2452556.2741450   655   12.2192   12.3339    0.0031     53337  1.540 1.078656
2452556.2742144   656   12.2109   12.3391    0.0028     52435  1.370 1.078642
2452556.2742839   657   12.2259   12.3471    0.0034     52346  1.620 1.078628
2452556.2743533   658   12.2472   12.3733    0.0032     51545  1.560 1.078613
2452556.2744228   659   12.2408   12.3663    0.0029     51301  1.370 1.078599
2452556.2744922   660   12.2370   12.3592    0.0032     51812  1.400 1.078585
2452556.2745617   661   12.2537   12.3772    0.0029     50898  1.320 1.078571
2452556.2746311   662   12.2707   12.3996    0.0033     50255  1.440 1.078557
2452556.2747006   663   12.2657   12.3976    0.0033     50249  1.490 1.078544
2452556.2747700   664   12.2710   12.4071    0.0032     49515  1.400 1.078530
2452556.2748394   665   12.2960   12.4179    0.0034     49042  1.500 1.078517
2452556.2749089   666   12.3004   12.4156    0.0028     49024  1.190 1.078503
2452556.2749783   667   12.3011   12.4273    0.0030     48737  1.270 1.078490
2452556.2750478   668   12.3137   12.4367    0.0031     48281  1.310 1.078477
2452556.2751172   669   12.3205   12.4381    0.0027     48001  1.200 1.078464
2452556.2751867   670   12.3209   12.4619    0.0031     47293  1.220 1.078451
2452556.2752561   671   12.3298   12.4502    0.0027     47462  1.190 1.078438
2452556.2753256   672   12.3538   12.4717    0.0031     47096  1.300 1.078426
2452556.2753950   673   12.3438   12.4771    0.0033     46536  1.350 1.078413
2452556.2754644   674   12.3485   12.4801    0.0030     46377  1.240 1.078401
2452556.2755339   675   12.3395   12.4725    0.0031     46666  1.360 1.078388
2452556.2756033   676   12.3560   12.4966    0.0034     45854  1.420 1.078376
2452556.2756728   677   12.3808   12.5154    0.0038     45285  1.600 1.078364
2452556.2757422   678   12.3893   12.5221    0.0037     44535  1.480 1.078352
2452556.2758117   679   12.3848   12.5018    0.0031     44981  1.270 1.078340
2452556.2758811   680   12.4055   12.5363    0.0035     44278  1.370 1.078328
2452556.2759506   681   12.4172   12.5590    0.0038     43223  1.540 1.078316
2452556.2760200   682   12.4200   12.5535    0.0036     43524  1.480 1.078305
2452556.2760894   683   12.4463   12.5629    0.0040     43467  1.740 1.078293
2452556.2761589   684   12.4287   12.5483    0.0036     43542  1.500 1.078282
2452556.2762283   685   12.4557   12.5697    0.0036     42719  1.490 1.078271
2452556.2762978   686   12.4587   12.5812    0.0034     42309  1.370 1.078260
2452556.2763672   687   12.4607   12.5798    0.0034     42234  1.320 1.078248
2452556.2764367   688   12.4761   12.5936    0.0037     41717  1.370 1.078238
2452556.2765061   689   12.4777   12.6163    0.0040     41139  1.450 1.078227
2452556.2765756   690   12.4760   12.6045    0.0039     41488  1.490 1.078216
2452556.2766450   691   12.4961   12.6164    0.0037     41064  1.420 1.078205
2452556.2767144   692   12.4862   12.6075    0.0035     41281  1.340 1.078195
2452556.2767839   693   12.5185   12.6416    0.0038     40149  1.460 1.078185
2452556.2768533   694   12.4888   12.6359    0.0040     40305  1.490 1.078174
2452556.2769228   695   12.5159   12.6391    0.0043     40158  1.570 1.078164
2452556.2769922   696   12.5248   12.6629    0.0037     39220  1.420 1.078154
2452556.2770617   697   12.5239   12.6430    0.0036     39735  1.330 1.078144
2452556.2771311   698   12.5331   12.6674    0.0037     39250  1.310 1.078134
2452556.2772006   699   12.5513   12.6754    0.0035     38662  1.240 1.078124
2452556.2772700   700   12.5533   12.6867    0.0035     38257  1.210 1.078115
2452556.2773394   701   12.5580   12.6826    0.0037     38490  1.220 1.078105
2452556.2774089   702   12.5652   12.6993    0.0040     37786  1.390 1.078096
2452556.2774783   703   12.5909   12.6983    0.0038     38167  1.390 1.078087
2452556.2775478   704   12.5864   12.7270    0.0039     36967  1.270 1.078077
2452556.2776172   705   12.5854   12.7173    0.0038     37374  1.370 1.078068
2452556.2776867   706   12.5901   12.7200    0.0043     37356  1.460 1.078059
2452556.2777561   707   12.5959   12.7338    0.0041     36837  1.290 1.078051
2452556.2778256   708   12.6027   12.7325    0.0039     36859  1.270 1.078042
2452556.2778950   709   12.6092   12.7355    0.0039     36956  1.360 1.078033
2452556.2779644   710   12.6141   12.7333    0.0034     36517  1.200 1.078025
2452556.2780339   711   12.6283   12.7492    0.0039     36320  1.340 1.078016
2452556.2781033   712   12.6323   12.7618    0.0053     35731  1.730 1.078008
2452556.2781728   713   12.6361   12.7702    0.0048     35518  1.590 1.078000
2452556.2782422   714   12.6434   12.7646    0.0053     35888  1.770 1.077992
2452556.2783117   715   12.6390   12.7598    0.0040     35568  1.330 1.077984
2452556.2783811   716   12.6575   12.7717    0.0041     35276  1.310 1.077976
2452556.2784506   717   12.6455   12.7795    0.0046     35227  1.420 1.077968
2452556.2785200   718   12.6658   12.8002    0.0047     34458  1.460 1.077960
2452556.2785894   719   12.6639   12.7930    0.0044     34684  1.460 1.077953
2452556.2786589   720   12.6691   12.7873    0.0041     34994  1.430 1.077945
2452556.2787283   721   12.6503   12.7906    0.0044     34745  1.370 1.077938
2452556.2787978   722   12.6569   12.7815    0.0041     34994  1.270 1.077931
2452556.2788672   723   12.6569   12.7815    0.0041     34994  1.270 1.077924
2452556.2789367   724   12.6792   12.8013    0.0041     34537  1.310 1.077917
2452556.2790061   725   12.6640   12.8004    0.0041     34488  1.320 1.077910
2452556.2790756   726   12.6695   12.7869    0.0043     35239  1.390 1.077903
2452556.2791450   727   12.6757   12.8206    0.0042     33978  1.320 1.077897
2452556.2792144   728   12.6881   12.8242    0.0042     33652  1.370 1.077890
2452556.2792839   729   12.6767   12.8020    0.0044     34352  1.340 1.077884
2452556.2793533   730   12.6904   12.8309    0.0045     33732  1.410 1.077877
2452556.2794228   731   12.6920   12.8169    0.0047     34094  1.480 1.077871
2452556.2794922   732   12.6808   12.8070    0.0044     34228  1.390 1.077865
2452556.2795617   733   12.6860   12.8149    0.0042     34292  1.350 1.077859
2452556.2796311   734   12.6840   12.8134    0.0042     34253  1.350 1.077853
2452556.2797006   735   12.6981   12.8270    0.0042     33737  1.350 1.077847
2452556.2797700   736   12.6970   12.8131    0.0039     33958  1.290 1.077842
2452556.2798394   737   12.6915   12.8306    0.0045     33462  1.410 1.077836
2452556.2799089   738   12.6874   12.8085    0.0042     34271  1.290 1.077830
2452556.2799783   739   12.6741   12.8203    0.0045     33929  1.380 1.077825
2452556.2800478   740   12.6840   12.7951    0.0044     34701  1.500 1.077820
2452556.2801172   741   12.6782   12.8008    0.0044     34494  1.360 1.077815
2452556.2801867   742   12.6755   12.8084    0.0042     34256  1.310 1.077810
2452556.2802561   743   12.6800   12.8091    0.0044     34212  1.490 1.077805
2452556.2803256   744   12.6626   12.7779    0.0051     35090  1.670 1.077800
2452556.2803950   745   12.6583   12.8096    0.0044     34310  1.390 1.077795
2452556.2804644   746   12.6533   12.7890    0.0041     34810  1.280 1.077791
2452556.2805339   747   12.6527   12.7843    0.0041     35026  1.370 1.077786
2452556.2806033   748   12.6668   12.8148    0.0044     34190  1.390 1.077782
2452556.2806728   749   12.6484   12.7873    0.0046     34932  1.430 1.077778
2452556.2807422   750   12.6596   12.8070    0.0049     34434  1.670 1.077774
2452556.2808117   751   12.6501   12.7766    0.0041     35077  1.340 1.077769
2452556.2808811   752   12.6368   12.7774    0.0043     35406  1.410 1.077766
2452556.2809506   753   12.6484   12.7728    0.0045     35489  1.460 1.077762
2452556.2810200   754   12.6397   12.7658    0.0043     35618  1.410 1.077758
2452556.2810894   755   12.6392   12.7693    0.0045     35524  1.520 1.077754
2452556.2811589   756   12.6240   12.7512    0.0047     36290  1.450 1.077751
2452556.2812283   757   12.6362   12.7721    0.0043     35434  1.370 1.077748
2452556.2812978   758   12.6310   12.7711    0.0045     35637  1.450 1.077744
2452556.2813672   759   12.6256   12.7513    0.0042     36289  1.410 1.077741
2452556.2814367   760   12.6244   12.7572    0.0045     35973  1.430 1.077738
2452556.2815061   761   12.6322   12.7586    0.0043     35810  1.480 1.077735
2452556.2815756   762   12.6221   12.7488    0.0047     36346  1.610 1.077732
2452556.2816450   763   12.6039   12.7428    0.0044     36642  1.540 1.077730
2452556.2817144   764   12.6222   12.7439    0.0042     36671  1.410 1.077727
2452556.2817839   765   12.6084   12.7427    0.0039     36288  1.320 1.077724
2452556.2818533   766   12.6050   12.7152    0.0038     37394  1.330 1.077722
2452556.2819228   767   12.5957   12.7326    0.0039     36931  1.370 1.077720
2452556.2819922   768   12.5834   12.7170    0.0038     37330  1.360 1.077718
2452556.2820617   769   12.5933   12.7390    0.0039     36905  1.330 1.077716
2452556.2821311   770   12.5850   12.7108    0.0038     37496  1.350 1.077714
2452556.2822006   771   12.5783   12.6909    0.0035     38026  1.250 1.077712
2452556.2822700   772   12.5736   12.7088    0.0038     37590  1.340 1.077710
2452556.2823394   773   12.5697   12.6981    0.0038     38169  1.370 1.077708
2452556.2824089   774   12.5764   12.7103    0.0043     37549  1.460 1.077707
2452556.2824783   775   12.5503   12.6823    0.0045     38430  1.500 1.077705
2452556.2825478   776   12.5584   12.6905    0.0045     38269  1.530 1.077704
2452556.2826172   777   12.5594   12.6924    0.0035     38297  1.260 1.077703
2452556.2826867   778   12.5477   12.6669    0.0046     39117  1.630 1.077702
2452556.2827561   779   12.5602   12.6859    0.0042     38278  1.530 1.077701
2452556.2828256   780   12.5527   12.6727    0.0040     38763  1.400 1.077700
2452556.2828950   781   12.5432   12.6794    0.0042     38944  1.470 1.077699
2452556.2829644   782   12.5437   12.6676    0.0044     39155  1.510 1.077699
2452556.2830339   783   12.5310   12.6685    0.0042     39104  1.510 1.077698
2452556.2831033   784   12.5231   12.6370    0.0041     40042  1.460 1.077698
2452556.2831728   785   12.5290   12.6589    0.0039     39328  1.410 1.077697
2452556.2832422   786   12.5143   12.6455    0.0039     39830  1.410 1.077697
2452556.2833117   787   12.5094   12.6475    0.0041     39985  1.460 1.077697
2452556.2833811   788   12.4979   12.6466    0.0039     39736  1.410 1.077697
2452556.2834506   789   12.4925   12.6248    0.0040     40780  1.390 1.077697
2452556.2835200   790   12.4797   12.6116    0.0035     40907  1.400 1.077697
2452556.2835894   791   12.4704   12.6173    0.0040     40924  1.480 1.077698
2452556.2836589   792   12.4673   12.5973    0.0037     41724  1.360 1.077698
2452556.2837283   793   12.4656   12.5931    0.0037     41807  1.400 1.077699
2452556.2837978   794   12.4626   12.5957    0.0035     41900  1.390 1.077699
2452556.2838672   795   12.4623   12.5840    0.0038     42555  1.550 1.077700
2452556.2839367   796   12.4630   12.6011    0.0037     41648  1.360 1.077701
2452556.2840061   797   12.4439   12.5736    0.0036     42464  1.430 1.077702
2452556.2840756   798   12.4386   12.5658    0.0040     42782  1.590 1.077703
2452556.2841450   799   12.4461   12.5737    0.0034     42644  1.360 1.077704
2452556.2842144   800   12.4301   12.5794    0.0038     42591  1.430 1.077706
2452556.2842839   801   12.4284   12.5731    0.0036     42702  1.410 1.077707
2452556.2843533   802   12.4232   12.5437    0.0033     43646  1.340 1.077709
2452556.2844228   803   12.4199   12.5556    0.0036     43407  1.320 1.077710
2452556.2844922   804   12.4217   12.5438    0.0033     43640  1.340 1.077712
2452556.2845617   805   12.3971   12.5381    0.0035     44215  1.390 1.077714
2452556.2846311   806   12.4035   12.5359    0.0037     44228  1.450 1.077716
2452556.2847006   807   12.3876   12.5179    0.0033     44621  1.210 1.077718
2452556.2847700   808   12.3792   12.5061    0.0032     45099  1.320 1.077720
2452556.2848394   809   12.3542   12.4814    0.0032     46270  1.310 1.077723
2452556.2849089   810   12.3537   12.4781    0.0030     46148  1.240 1.077725
2452556.2849783   811   12.3533   12.4779    0.0032     46470  1.350 1.077727
2452556.2850478   812   12.3402   12.4669    0.0030     46796  1.270 1.077730
2452556.2851172   813   12.3278   12.4648    0.0031     46958  1.230 1.077733
2452556.2851867   814   12.3238   12.4527    0.0031     47670  1.250 1.077736
2452556.2852561   815   12.3205   12.4516    0.0033     47671  1.310 1.077739
2452556.2853256   816   12.3015   12.4468    0.0031     47942  1.280 1.077742
2452556.2853950   817   12.2926   12.4160    0.0030     48921  1.240 1.077745
2452556.2854644   818   12.2987   12.4250    0.0030     48971  1.380 1.077748
2452556.2855339   819   12.2864   12.4063    0.0028     49053  1.310 1.077752
2452556.2856033   820   12.2682   12.3926    0.0031     50274  1.290 1.077755
2452556.2856728   821   12.2573   12.3987    0.0031     50252  1.360 1.077759
2452556.2857422   822   12.2586   12.3804    0.0029     50667  1.340 1.077762
2452556.2858117   823   12.2387   12.3726    0.0029     51159  1.240 1.077766
2452556.2858811   824   12.2291   12.3495    0.0027     52091  1.180 1.077770
2452556.2859506   825   12.2236   12.3492    0.0027     52386  1.170 1.077774
2452556.2860200   826   12.2123   12.3392    0.0028     52760  1.260 1.077778
2452556.2860894   827   12.1990   12.3213    0.0026     53401  1.180 1.077783
2452556.2861589   828   12.1916   12.3119    0.0028     54021  1.340 1.077787
2452556.2862283   829   12.1751   12.3018    0.0026     54469  1.290 1.077792
2452556.2862978   830   12.1781   12.3066    0.0027     54675  1.340 1.077796
2452556.2863672   831   12.1606   12.2946    0.0026     54824  1.200 1.077801
2452556.2864367   832   12.1543   12.2660    0.0027     56522  1.310 1.077806
2452556.2865061   833   12.1444   12.2671    0.0027     56500  1.330 1.077811
2452556.2865756   834   12.1381   12.2678    0.0025     56081  1.290 1.077816
2452556.2866450   835   12.1288   12.2487    0.0029     57135  1.570 1.077821
2452556.2867144   836   12.1358   12.2652    0.0028     56566  1.410 1.077826
2452556.2867839   837   12.1288   12.2596    0.0026     56842  1.350 1.077832
2452556.2868533   838   12.1218   12.2483    0.0027     58085  1.480 1.077837
2452556.2869228   839   12.1120   12.2428    0.0031     57726  1.580 1.077843
2452556.2869922   840   12.1025   12.2329    0.0032     58339  1.680 1.077848
2452556.2870617   841   12.0877   12.2015    0.0024     59162  1.350 1.077854
2452556.2871311   842   12.0896   12.1995    0.0025     60219  1.330 1.077860
2452556.2872006   843   12.0820   12.2105    0.0027     59526  1.390 1.077866
2452556.2872700   844   12.0762   12.1931    0.0025     60305  1.360 1.077872
2452556.2873394   845   12.0661   12.1861    0.0024     60050  1.250 1.077878
2452556.2874089   846   12.0594   12.1721    0.0023     61104  1.280 1.077885
2452556.2874783   847   12.0450   12.1686    0.0026     61599  1.360 1.077891
2452556.2875478   848   12.0294   12.1567    0.0023     62127  1.220 1.077898
2452556.2876172   849   12.0199   12.1459    0.0023     62961  1.230 1.077905
2452556.2876867   850   12.0089   12.1419    0.0024     63453  1.280 1.077911
2452556.2877561   851   12.0239   12.1466    0.0024     63141  1.300 1.077918
2452556.2878256   852   11.9984   12.1273    0.0024     64227  1.290 1.077925
2452556.2878950   853   11.9842   12.1235    0.0025     64481  1.320 1.077932
2452556.2879644   854   11.9891   12.1048    0.0023     65279  1.290 1.077940
2452556.2880339   855   11.9886   12.1115    0.0022     65041  1.280 1.077947
2452556.2881033   856   11.9835   12.1048    0.0022     65438  1.290 1.077954
2452556.2881728   857   11.9814   12.1028    0.0025     65566  1.410 1.077962
2452556.2882422   858   11.9707   12.0908    0.0022     65732  1.300 1.077970
2452556.2883117   859   11.9648   12.0890    0.0024     66651  1.370 1.077977
2452556.2883811   860   11.9673   12.0899    0.0026     66638  1.400 1.077985
2452556.2884506   861   11.9558   12.0737    0.0024     67445  1.360 1.077993
2452556.2885200   862   11.9557   12.0742    0.0022     67484  1.300 1.078001
2452556.2885894   863   11.9560   12.0764    0.0023     67291  1.320 1.078010
2452556.2886589   864   11.9422   12.0702    0.0022     67446  1.270 1.078018
2452556.2887283   865   11.9431   12.0706    0.0024     67402  1.310 1.078026
2452556.2887978   866   11.9393   12.0616    0.0023     67997  1.290 1.078035
2452556.2888672   867   11.9425   12.0628    0.0023     67930  1.290 1.078044
2452556.2889367   868   11.9316   12.0558    0.0021     68431  1.310 1.078052
2452556.2890061   869   11.9214   12.0502    0.0022     68874  1.300 1.078061
2452556.2890756   870   11.9211   12.0442    0.0022     69234  1.290 1.078070
2452556.2891450   871   11.9120   12.0357    0.0023     69733  1.420 1.078079
2452556.2892144   872   11.9068   12.0271    0.0022     70204  1.330 1.078089
2452556.2892839   873   11.9047   12.0328    0.0022     69697  1.340 1.078098
2452556.2893533   874   11.9018   12.0354    0.0025     70019  1.500 1.078107
2452556.2894228   875   11.9025   12.0209    0.0021     70240  1.270 1.078117
2452556.2894922   876   11.8884   12.0114    0.0022     71552  1.310 1.078126
2452556.2895617   877   11.8830   12.0067    0.0022     72083  1.210 1.078136
2452556.2896311   878   11.8836   12.0164    0.0022     71095  1.360 1.078146
2452556.2897006   879   11.8867   12.0046    0.0023     71447  1.520 1.078156
2452556.2897700   880   11.8790   12.0027    0.0024     72349  1.580 1.078166
2452556.2898394   881   11.8718   11.9901    0.0019     71678  1.230 1.078176
2452556.2899089   882   11.8690   12.0010    0.0022     72014  1.220 1.078187
2452556.2899783   883   11.8659   11.9915    0.0023     72591  1.400 1.078197
2452556.2900478   884   11.8625   11.9828    0.0022     73605  1.390 1.078208
2452556.2901172   885   11.8573   11.9926    0.0022     73032  1.250 1.078218
2452556.2901867   886   11.8559   11.9802    0.0021     73509  1.250 1.078229
2452556.2902561   887   11.8506   11.9635    0.0020     74180  1.250 1.078240
2452556.2903256   888   11.8596   11.9791    0.0020     73513  1.250 1.078251
2452556.2903950   889   11.8469   11.9799    0.0022     73924  1.350 1.078262
2452556.2904644   890   11.8461   11.9686    0.0022     74474  1.370 1.078273
2452556.2905339   891   11.8266   11.9520    0.0023     75341  1.470 1.078284
2452556.2906033   892   11.8406   11.9562    0.0021     75095  1.360 1.078296
2452556.2906728   893   11.8375   11.9594    0.0021     74741  1.300 1.078307
2452556.2907422   894   11.8379   11.9674    0.0021     74555  1.390 1.078319
2452556.2908117   895   11.8296   11.9534    0.0021     75253  1.220 1.078330
2452556.2908811   896   11.8267   11.9483    0.0023     75777  1.470 1.078342
2452556.2909506   897   11.8253   11.9460    0.0021     75346  1.350 1.078354
2452556.2910200   898   11.8095   11.9318    0.0023     76402  1.440 1.078366
2452556.2910894   899   11.8088   11.9311    0.0020     76838  1.320 1.078378
2452556.2911589   900   11.8045   11.9310    0.0020     76680  1.330 1.078391
2452556.2912283   901   11.8041   11.9312    0.0020     76578  1.360 1.078403
2452556.2912978   902   11.7976   11.9271    0.0022     77622  1.470 1.078416
2452556.2913672   903   11.7950   11.9271    0.0022     77439  1.510 1.078428
2452556.2914367   904   11.7953   11.9100    0.0021     78327  1.400 1.078441
2452556.2915061   905   11.7861   11.9113    0.0020     78339  1.320 1.078454
2452556.2915756   906   11.7886   11.9066    0.0019     78182  1.300 1.078467
2452556.2916450   907   11.7813   11.9062    0.0022     78925  1.460 1.078480
2452556.2917144   908   11.7699   11.8885    0.0021     80120  1.440 1.078493
2452556.2917839   909   11.7785   11.8955    0.0020     79642  1.340 1.078506
2452556.2918533   910   11.7742   11.8898    0.0022     80516  1.460 1.078519
2452556.2919228   911   11.7528   11.8745    0.0020     81062  1.320 1.078533
2452556.2919922   912   11.7419   11.8652    0.0018     81257  1.230 1.078547
2452556.2920617   913   11.7395   11.8671    0.0019     81544  1.270 1.078560
2452556.2921311   914   11.7414   11.8698    0.0019     81943  1.320 1.078574
2452556.2922006   915   11.7469   11.8666    0.0019     81282  1.230 1.078588
2452556.2922700   916   11.7464   11.8708    0.0020     80863  1.310 1.078602
2452556.2923394   917   11.7505   11.8740    0.0019     81113  1.310 1.078616
2452556.2924089   918   11.7455   11.8677    0.0019     80921  1.290 1.078630
2452556.2924783   919   11.7397   11.8646    0.0020     81864  1.400 1.078645
2452556.2925478   920   11.7467   11.8688    0.0019     81743  1.350 1.078659
2452556.2926172   921   11.7377   11.8619    0.0020     81911  1.360 1.078674
2452556.2926867   922   11.7389   11.8707    0.0019     81945  1.300 1.078688
2452556.2927561   923   11.7315   11.8507    0.0019     82995  1.340 1.078703
2452556.2928256   924   11.7276   11.8570    0.0020     82885  1.380 1.078718
2452556.2928950   925   11.7186   11.8419    0.0020     83770  1.400 1.078733
2452556.2929644   926   11.7279   11.8533    0.0021     82641  1.530 1.078748
2452556.2930339   927   11.7210   11.8461    0.0020     83887  1.490 1.078764
2452556.2931033   928   11.7104   11.8357    0.0020     83777  1.440 1.078779
2452556.2931728   929   11.7142   11.8392    0.0020     84087  1.380 1.078794
2452556.2932422   930   11.6972   11.8184    0.0020     85333  1.480 1.078810
2452556.2933117   931   11.7067   11.8273    0.0021     84290  1.560 1.078826
2452556.2933811   932   11.7024   11.8237    0.0019     84679  1.300 1.078841
2452556.2934506   933   11.6970   11.8210    0.0020     85205  1.420 1.078857
2452556.2935200   934   11.6931   11.8133    0.0021     85481  1.490 1.078873
2452556.2935894   935   11.6906   11.8087    0.0021     85922  1.440 1.078889
2452556.2936589   936   11.6920   11.8112    0.0021     85905  1.510 1.078906
2452556.2937283   937   11.6911   11.8090    0.0020     86124  1.450 1.078922
2452556.2937978   938   11.6783   11.7989    0.0018     86646  1.320 1.078938
2452556.2938672   939   11.6753   11.7999    0.0019     86517  1.370 1.078955
2452556.2939367   940   11.6687   11.7977    0.0020     86806  1.480 1.078972
2452556.2940061   941   11.6757   11.7942    0.0018     86824  1.300 1.078988
2452556.2940756   942   11.6695   11.7920    0.0020     87725  1.400 1.079005
2452556.2941450   943   11.6722   11.7867    0.0020     87916  1.400 1.079022
2452556.2942144   944   11.6683   11.7941    0.0020     87379  1.480 1.079039
2452556.2942839   945   11.6640   11.7897    0.0020     87672  1.510 1.079057
2452556.2943533   946   11.6644   11.7812    0.0020     87528  1.510 1.079074
2452556.2944228   947   11.6677   11.7876    0.0021     87933  1.570 1.079091
2452556.2944922   948   11.6481   11.7777    0.0021     88713  1.440 1.079109
2452556.2945617   949   11.6594   11.7816    0.0019     88667  1.400 1.079127
2452556.2946311   950   11.6594   11.7806    0.0019     88611  1.350 1.079144
2452556.2947006   951   11.6508   11.7782    0.0020     89044  1.450 1.079162
2452556.2947700   952   11.6562   11.7843    0.0018     88927  1.360 1.079180
2452556.2948394   953   11.6529   11.7747    0.0018     88621  1.280 1.079198
2452556.2949089   954   11.6558   11.7862    0.0018     88128  1.360 1.079216
2452556.2949783   955   11.6518   11.7715    0.0020     88949  1.500 1.079235
2452556.2950478   956   11.6567   11.7768    0.0020     88503  1.440 1.079253
2452556.2951172   957   11.6591   11.7847    0.0018     88745  1.390 1.079272
2452556.2951867   958   11.6650   11.7872    0.0019     87545  1.410 1.079290
2452556.2952561   959   11.6674   11.7825    0.0020     88717  1.520 1.079309
2452556.2953256   960   11.6586   11.7870    0.0019     88102  1.400 1.079328
2452556.2953950   961   11.6570   11.7818    0.0018     88323  1.290 1.079347
2452556.2954644   962   11.6551   11.7856    0.0018     88310  1.330 1.079366
2452556.2955339   963   11.6580   11.7802    0.0018     88574  1.360 1.079385
2452556.2956033   964   11.6642   11.7860    0.0018     87915  1.340 1.079405
2452556.2956728   965   11.6479   11.7762    0.0018     88707  1.340 1.079424
2452556.2957422   966   11.6444   11.7678    0.0019     88950  1.360 1.079443
2452556.2958117   967   11.6459   11.7707    0.0020     89447  1.520 1.079463
2452556.2958811   968   11.6551   11.7804    0.0018     88573  1.350 1.079483
2452556.2959506   969   11.6483   11.7738    0.0018     88955  1.280 1.079503
2452556.2960200   970   11.6509   11.7741    0.0017     88870  1.230 1.079523
2452556.2960894   971   11.6438   11.7673    0.0018     89226  1.230 1.079543
2452556.2961589   972   11.6496   11.7693    0.0017     88755  1.290 1.079563
2452556.2962283   973   11.6454   11.7687    0.0018     88943  1.290 1.079583
2452556.2962978   974   11.6486   11.7707    0.0019     89102  1.480 1.079604
2452556.2963672   975   11.6519   11.7745    0.0020     88822  1.530 1.079624
2452556.2964367   976   11.6655   11.7853    0.0020     88192  1.520 1.079645
2452556.2965061   977   11.6549   11.7753    0.0018     88655  1.350 1.079666
2452556.2965756   978   11.6658   11.7884    0.0018     87488  1.340 1.079686
2452556.2966450   979   11.6631   11.7894    0.0020     87691  1.430 1.079707
2452556.2967144   980   11.6539   11.7785    0.0020     88295  1.430 1.079728
2452556.2967839   981   11.6502   11.7779    0.0021     88807  1.660 1.079750
2452556.2968533   982   11.6539   11.7811    0.0022     88951  1.690 1.079771
2452556.2969228   983   11.6502   11.7670    0.0021     89450  1.590 1.079792
2452556.2969922   984   11.6454   11.7614    0.0018     89263  1.380 1.079814
2452556.2970617   985   11.6535   11.7800    0.0018     88248  1.340 1.079835
2452556.2971311   986   11.6551   11.7772    0.0020     89026  1.410 1.079857
2452556.2972006   987   11.6552   11.7752    0.0018     89016  1.390 1.079879
2452556.2972700   988   11.6546   11.7797    0.0019     88888  1.420 1.079901
2452556.2973394   989   11.6641   11.7835    0.0018     88448  1.340 1.079923
2452556.2974089   990   11.6679   11.7819    0.0019     88317  1.390 1.079945
2452556.2974783   991   11.6620   11.7874    0.0021     87811  1.600 1.079967
2452556.2975478   992   11.6622   11.7925    0.0021     87444  1.720 1.079990
2452556.2976172   993   11.6583   11.7879    0.0020     87849  1.490 1.080012
2452556.2976867   994   11.6637   11.7898    0.0019     88039  1.420 1.080035
2452556.2977561   995   11.6634   11.7867    0.0020     88631  1.450 1.080058
2452556.2978256   996   11.6672   11.7873    0.0019     87971  1.460 1.080080
2452556.2978950   997   11.6617   11.7858    0.0017     86980  1.300 1.080103
2452556.2979644   998   11.6674   11.7999    0.0018     86750  1.270 1.080126
2452556.2980339   999   11.6803   11.7953    0.0018     85866  1.380 1.080150
2452556.2981033  1000   11.6762   11.8046    0.0019     86599  1.400 1.080173
2452556.2981728  1001   11.6740   11.7963    0.0018     87066  1.380 1.080196
2452556.2982422  1002   11.6680   11.7883    0.0018     87551  1.240 1.080220
2452556.2983117  1003   11.6672   11.7817    0.0020     88173  1.490 1.080243
2452556.2983811  1004   11.6656   11.7882    0.0018     87903  1.360 1.080267
2452556.2984506  1005   11.6622   11.7878    0.0018     87671  1.300 1.080291
2452556.2985200  1006   11.6622   11.7897    0.0018     87327  1.250 1.080315
2452556.2985894  1007   11.6646   11.7871    0.0018     88654  1.290 1.080339
2452556.2986589  1008   11.6540   11.7737    0.0018     88376  1.360 1.080363
2452556.2987283  1009   11.6505   11.7774    0.0018     88296  1.360 1.080387
2452556.2987978  1010   11.6637   11.7833    0.0018     87941  1.240 1.080412
2452556.2988672  1011   11.6602   11.7816    0.0018     88531  1.340 1.080436
2452556.2989367  1012   11.6808   11.7936    0.0017     87108  1.260 1.080461
2452556.2990061  1013   11.6618   11.7867    0.0018     88008  1.360 1.080485
2452556.2990756  1014   11.6614   11.7855    0.0019     87788  1.370 1.080510
2452556.2991450  1015   11.6691   11.7906    0.0019     87982  1.400 1.080535
2452556.2992144  1016   11.6554   11.7726    0.0021     88855  1.550 1.080560
2452556.2992839  1017   11.6537   11.7729    0.0018     88560  1.450 1.080585
2452556.2993533  1018   11.6542   11.7803    0.0020     88294  1.430 1.080611
2452556.2994228  1019   11.6486   11.7672    0.0019     89013  1.390 1.080636
2452556.2994922  1020   11.6599   11.7830    0.0022     88633  1.630 1.080662
2452556.2995617  1021   11.6658   11.7825    0.0021     88620  1.590 1.080687
2452556.2996311  1022   11.6556   11.7908    0.0019     87638  1.470 1.080713
2452556.2997006  1023   11.6553   11.7805    0.0022     88263  1.670 1.080739
2452556.2997700  1024   11.6571   11.7765    0.0019     89070  1.410 1.080765
2452556.2998394  1025   11.6625   11.7817    0.0018     88537  1.370 1.080791
2452556.2999089  1026   11.6636   11.7904    0.0019     87993  1.300 1.080817
2452556.2999783  1027   11.6659   11.7892    0.0019     87878  1.390 1.080843
2452556.3000478  1028   11.6683   11.7941    0.0018     87543  1.380 1.080869
2452556.3001172  1029   11.6645   11.7833    0.0020     88042  1.470 1.080896
2452556.3001867  1030   11.6698   11.7929    0.0019     87540  1.460 1.080922
2452556.3002561  1031   11.6780   11.7967    0.0020     86978  1.430 1.080949
2452556.3003256  1032   11.6780   11.8028    0.0021     87018  1.570 1.080976
2452556.3003950  1033   11.6777   11.8005    0.0020     86862  1.530 1.081003
2452556.3004644  1034   11.6687   11.7979    0.0019     87002  1.410 1.081030
2452556.3005339  1035   11.6895   11.8098    0.0020     86091  1.500 1.081057
2452556.3006033  1036   11.6879   11.8050    0.0018     86767  1.330 1.081084
2452556.3006728  1037   11.6715   11.7947    0.0018     86461  1.340 1.081112
2452556.3007422  1038   11.6792   11.8014    0.0020     86663  1.480 1.081139
2452556.3008117  1039   11.6857   11.8029    0.0018     85967  1.340 1.081167
2452556.3008811  1040   11.6763   11.7968    0.0019     86969  1.410 1.081194
2452556.3009506  1041   11.6849   11.8068    0.0019     86323  1.350 1.081222
2452556.3010200  1042   11.6802   11.7972    0.0020     86866  1.400 1.081250
2452556.3010894  1043   11.6809   11.7982    0.0019     86895  1.380 1.081278
2452556.3011589  1044   11.6719   11.7956    0.0020     86695  1.510 1.081306
2452556.3012283  1045   11.6898   11.8070    0.0019     86413  1.390 1.081335
2452556.3012978  1046   11.6891   11.8119    0.0020     85966  1.520 1.081363
2452556.3013672  1047   11.6865   11.8099    0.0019     85439  1.430 1.081391
2452556.3014367  1048   11.6918   11.8175    0.0018     85636  1.290 1.081420
2452556.3015061  1049   11.6899   11.8237    0.0018     85235  1.310 1.081449
2452556.3015756  1050   11.6980   11.8177    0.0019     86003  1.370 1.081477
2452556.3016450  1051   11.6997   11.8173    0.0021     85668  1.550 1.081506
2452556.3017144  1052   11.7008   11.8199    0.0019     84844  1.330 1.081535
2452556.3017839  1053   11.7054   11.8230    0.0018     84879  1.260 1.081565
2452556.3018533  1054   11.6904   11.8103    0.0020     85476  1.390 1.081594
2452556.3019228  1055   11.6901   11.8115    0.0019     85379  1.360 1.081623
2452556.3019922  1056   11.6989   11.8165    0.0019     85592  1.360 1.081653
2452556.3020617  1057   11.6941   11.8226    0.0020     84860  1.500 1.081682
2452556.3021311  1058   11.6974   11.8195    0.0021     85357  1.600 1.081712
2452556.3022006  1059   11.6948   11.8189    0.0021     85042  1.540 1.081742
2452556.3022700  1060   11.7080   11.8321    0.0023     84138  1.620 1.081772
2452556.3023394  1061   11.7014   11.8266    0.0020     84700  1.420 1.081802
2452556.3024089  1062   11.6982   11.8201    0.0019     85342  1.380 1.081832
2452556.3024783  1063   11.7013   11.8280    0.0020     85413  1.410 1.081862
2452556.3025478  1064   11.6940   11.8126    0.0019     85798  1.350 1.081892
2452556.3026172  1065   11.6945   11.8190    0.0021     85264  1.430 1.081923
2452556.3026867  1066   11.6943   11.8105    0.0018     85488  1.300 1.081953
2452556.3027561  1067   11.6918   11.8127    0.0018     85491  1.240 1.081984
2452556.3028256  1068   11.6911   11.8143    0.0019     85507  1.260 1.082015
2452556.3028950  1069   11.6848   11.8115    0.0021     85753  1.440 1.082046
2452556.3029644  1070   11.6834   11.8090    0.0020     85865  1.470 1.082077
2452556.3030339  1071   11.6964   11.8172    0.0019     85409  1.390 1.082108
2452556.3031033  1072   11.6916   11.8170    0.0020     85900  1.450 1.082139
2452556.3031728  1073   11.7016   11.8200    0.0023     85884  1.580 1.082171
2452556.3032422  1074   11.6928   11.8124    0.0019     85766  1.370 1.082202
2452556.3033117  1075   11.6871   11.8176    0.0019     85397  1.330 1.082234
2452556.3033811  1076   11.6895   11.8043    0.0018     86160  1.280 1.082265
2452556.3034506  1077   11.7010   11.8198    0.0021     85729  1.420 1.082297
2452556.3035200  1078   11.6878   11.8106    0.0021     85843  1.410 1.082329
2452556.3035894  1079   11.7039   11.8254    0.0020     85362  1.520 1.082361
2452556.3036589  1080   11.7028   11.8214    0.0021     85267  1.530 1.082393
2452556.3037283  1081   11.7003   11.8324    0.0020     84468  1.480 1.082426
2452556.3037978  1082   11.7028   11.8160    0.0018     84432  1.320 1.082458
2452556.3038672  1083   11.7031   11.8297    0.0019     84793  1.280 1.082490
2452556.3039367  1084   11.7031   11.8297    0.0019     84793  1.280 1.082523
2452556.3040061  1085   11.6968   11.8247    0.0020     85205  1.430 1.082556
2452556.3040756  1086   11.7040   11.8191    0.0019     85575  1.370 1.082589
2452556.3041450  1087   11.6992   11.8222    0.0019     84804  1.270 1.082621
2452556.3042144  1088   11.7059   11.8298    0.0019     84534  1.280 1.082654
2452556.3042839  1089   11.7046   11.8272    0.0017     84217  1.230 1.082688
2452556.3043533  1090   11.6981   11.8267    0.0020     85354  1.290 1.082721
2452556.3044228  1091   11.6985   11.8194    0.0018     85212  1.230 1.082754
2452556.3044922  1092   11.6978   11.8257    0.0019     85062  1.250 1.082788
2452556.3045617  1093   11.6917   11.8282    0.0020     84673  1.310 1.082821
2452556.3046311  1094   11.7011   11.8289    0.0021     85031  1.430 1.082855
2452556.3047006  1095   11.6994   11.8258    0.0019     84811  1.360 1.082889
2452556.3047700  1096   11.6927   11.8188    0.0020     85187  1.350 1.082923
2452556.3048394  1097   11.6911   11.8144    0.0018     84857  1.300 1.082957
2452556.3049089  1098   11.6999   11.8159    0.0018     85473  1.270 1.082991
2452556.3049783  1099   11.6939   11.8112    0.0018     85691  1.230 1.083025
2452556.3050478  1100   11.6913   11.8078    0.0019     86000  1.210 1.083060
2452556.3051172  1101   11.6948   11.8231    0.0019     84921  1.380 1.083094
2452556.3051867  1102   11.6937   11.8140    0.0019     85626  1.350 1.083129
2452556.3052561  1103   11.6927   11.8126    0.0019     86131  1.320 1.083163
2452556.3053256  1104   11.6848   11.8080    0.0019     86098  1.260 1.083198
2452556.3053950  1105   11.6878   11.8142    0.0018     85587  1.240 1.083233
2452556.3054644  1106   11.6814   11.8057    0.0018     86130  1.270 1.083268
2452556.3055339  1107   11.6740   11.8056    0.0019     86435  1.330 1.083303
2452556.3056033  1108   11.6924   11.8075    0.0019     86283  1.250 1.083339
2452556.3056728  1109   11.6955   11.8168    0.0019     85384  1.340 1.083374
2452556.3057422  1110   11.6883   11.8234    0.0020     85333  1.440 1.083409
2452556.3058117  1111   11.6788   11.7981    0.0018     86542  1.200 1.083445
2452556.3058811  1112   11.6890   11.8105    0.0019     86189  1.290 1.083481
2452556.3059506  1113   11.6935   11.8136    0.0018     85866  1.180 1.083517
2452556.3060200  1114   11.6953   11.8250    0.0019     85360  1.220 1.083552
2452556.3060894  1115   11.6975   11.8231    0.0018     85122  1.200 1.083589
2452556.3061589  1116   11.6867   11.8060    0.0018     86205  1.300 1.083625
2452556.3062283  1117   11.6866   11.8119    0.0018     85504  1.200 1.083661
2452556.3062978  1118   11.6860   11.8113    0.0018     85652  1.220 1.083697
2452556.3063672  1119   11.7044   11.8296    0.0019     84514  1.360 1.083734
2452556.3064367  1120   11.6945   11.8275    0.0020     85421  1.360 1.083770
2452556.3065061  1121   11.6950   11.8232    0.0018     85286  1.270 1.083807
2452556.3065756  1122   11.6924   11.8214    0.0019     84944  1.320 1.083844
2452556.3066450  1123   11.6946   11.8173    0.0020     85425  1.340 1.083881
2452556.3067144  1124   11.7061   11.8264    0.0018     84611  1.280 1.083918
2452556.3067839  1125   11.6989   11.8184    0.0018     84532  1.270 1.083955
2452556.3068533  1126   11.6999   11.8278    0.0018     84604  1.240 1.083992
2452556.3069228  1127   11.7009   11.8259    0.0018     84967  1.230 1.084030
2452556.3069922  1128   11.7055   11.8294    0.0021     84670  1.460 1.084067
2452556.3070617  1129   11.7006   11.8218    0.0018     84349  1.310 1.084105
2452556.3071311  1130   11.7073   11.8202    0.0019     85542  1.340 1.084143
2452556.3072006  1131   11.7137   11.8340    0.0018     83957  1.290 1.084180
2452556.3072700  1132   11.7062   11.8254    0.0019     84673  1.240 1.084218
2452556.3073394  1133   11.7033   11.8198    0.0018     84832  1.240 1.084256
2452556.3074089  1134   11.7055   11.8272    0.0019     84617  1.290 1.084295
2452556.3074783  1135   11.7085   11.8233    0.0019     84601  1.290 1.084333
2452556.3075478  1136   11.6970   11.8181    0.0018     84948  1.260 1.084371
2452556.3076172  1137   11.7021   11.8242    0.0018     85179  1.160 1.084410
2452556.3076867  1138   11.6979   11.8262    0.0019     84990  1.250 1.084448
2452556.3077561  1139   11.6950   11.8242    0.0019     84797  1.350 1.084487
2452556.3078256  1140   11.6855   11.8048    0.0018     85998  1.300 1.084526
2452556.3078950  1141   11.6914   11.8158    0.0020     85937  1.400 1.084565
2452556.3079644  1142   11.7058   11.8234    0.0019     85005  1.300 1.084604
2452556.3080339  1143   11.7081   11.8269    0.0022     84676  1.520 1.084643
2452556.3081033  1144   11.7076   11.8342    0.0018     84081  1.210 1.084683
2452556.3081728  1145   11.7114   11.8355    0.0019     84367  1.200 1.084722
2452556.3082422  1146   11.7055   11.8290    0.0018     84085  1.180 1.084761
2452556.3083117  1147   11.7162   11.8280    0.0018     83861  1.290 1.084801
2452556.3083811  1148   11.7208   11.8538    0.0018     82832  1.200 1.084841
2452556.3084506  1149   11.7146   11.8473    0.0018     83479  1.200 1.084881
2452556.3085200  1150   11.7255   11.8561    0.0019     82365  1.270 1.084921
2452556.3085894  1151   11.7124   11.8362    0.0019     84077  1.300 1.084961
2452556.3086589  1152   11.7311   11.8523    0.0018     82935  1.150 1.085001
2452556.3087283  1153   11.7221   11.8479    0.0018     83301  1.110 1.085041
2452556.3087978  1154   11.7300   11.8512    0.0017     82169  1.220 1.085082
2452556.3088672  1155   11.7324   11.8542    0.0019     82651  1.240 1.085122
2452556.3089367  1156   11.7237   11.8452    0.0019     83239  1.230 1.085163
2452556.3090061  1157   11.7312   11.8542    0.0017     81755  1.230 1.085204
2452556.3090756  1158   11.7332   11.8569    0.0020     82217  1.380 1.085245
2452556.3091450  1159   11.7325   11.8545    0.0019     82296  1.410 1.085285
2452556.3092144  1160   11.7360   11.8569    0.0018     81736  1.260 1.085327
2452556.3092839  1161   11.7422   11.8631    0.0019     81671  1.320 1.085368
2452556.3093533  1162   11.7337   11.8519    0.0018     82205  1.230 1.085409
2452556.3094228  1163   11.7351   11.8610    0.0018     82036  1.210 1.085451
