# HJD Ha red yellow Hb He2 blue
2453965.53868 17.61 13.13 10.91 11.06 13.49 7.83
2453965.53881 11.95 9.63 10.72 6.76 10.28 8.72
2453965.53896 14.76 12.55 13.48 13.26 11.61 7.03
2453965.53909 10.42 12.92 12.11 8.55 12.36 7.47
2453965.53924 13.00 11.59 11.76 9.67 16.97 8.70
2453965.53937 12.66 11.77 10.21 9.28 8.24 7.38
2453965.53949 14.46 10.85 11.35 8.87 15.67 9.16
2453965.53962 15.53 11.74 10.54 11.10 19.23 8.68
2453965.53975 12.14 13.61 12.11 13.61 11.46 10.62
2453965.53989 10.79 12.30 11.66 7.14 9.29 9.42
2453965.54002 18.10 10.10 10.43 9.84 11.60 8.58
2453965.54014 21.85 9.85 10.30 8.02 9.75 7.05
2453965.54027 15.42 14.69 12.23 14.65 14.65 8.31
2453965.54041 16.55 12.02 11.88 11.85 16.73 8.92
2453965.54054 14.36 14.09 12.90 12.15 13.79 9.78
2453965.54066 15.45 14.95 12.44 9.54 14.00 11.13
2453965.54079 12.61 12.83 14.09 8.57 12.30 9.09
2453965.54092 14.61 13.12 9.77 15.19 10.84 10.31
2453965.54105 13.80 14.56 12.43 11.79 11.79 10.09
2453965.54117 14.52 15.20 13.20 11.03 11.74 9.11
2453965.54131 16.30 11.40 12.41 10.00 10.54 11.39
2453965.54144 10.88 13.75 13.81 8.91 10.84 9.89
2453965.54157 16.41 15.35 13.37 11.03 12.43 11.47
2453965.54169 11.66 12.86 13.55 13.29 12.54 9.89
2453965.54182 16.77 14.79 13.02 10.89 10.96 9.37
2453965.54195 13.46 12.80 12.05 11.16 23.88 8.80
2453965.54208 11.72 12.17 13.65 11.90 10.20 8.99
2453965.5422 16.15 12.69 11.82 8.69 13.30 8.99
2453965.54234 11.40 11.84 9.98 7.68 17.31 9.85
2453965.54247 12.75 11.24 11.03 10.31 9.44 9.06
2453965.5426 13.87 12.41 11.31 9.61 16.10 9.27
2453965.54272 25.01 11.14 11.29 7.09 11.11 8.48
2453965.54285 15.32 14.50 11.85 9.06 10.49 9.83
2453965.54298 17.99 10.08 10.81 11.10 8.85 9.10
2453965.54311 14.20 14.60 11.05 8.95 11.95 10.66
2453965.54323 14.21 12.24 10.81 12.64 16.32 9.17
2453965.54336 21.19 11.48 10.37 8.25 12.03 7.90
2453965.54349 20.37 11.37 10.81 9.41 14.32 7.38
2453965.54362 15.49 12.37 11.01 8.89 14.22 7.83
2453965.54375 17.08 10.90 10.07 8.60 13.74 8.76
2453965.54388 12.95 14.54 12.73 8.82 11.56 8.66
2453965.54401 14.11 12.46 13.76 9.15 11.53 9.46
2453965.54414 15.61 12.42 10.68 9.82 12.66 11.03
2453965.54426 11.92 12.41 9.61 8.92 10.09 9.52
2453965.5444 20.08 12.17 12.01 8.52 12.57 8.13
2453965.54453 18.03 12.07 13.09 11.72 11.71 11.68
2453965.54466 11.43 15.00 14.55 8.66 19.69 10.06
2453965.54478 17.22 14.55 12.65 8.86 17.62 10.29
2453965.54491 16.26 13.54 11.10 12.27 11.17 9.06
2453965.54504 17.28 11.73 9.92 9.58 11.17 7.93
2453965.54517 17.15 11.07 10.88 12.49 11.23 7.35
2453965.54529 11.05 13.18 15.41 14.58 15.28 8.84
2453965.54542 19.79 15.51 13.53 9.71 14.82 10.34
2453965.54555 14.89 11.57 11.64 9.19 12.99 8.04
2453965.54568 14.29 11.10 10.74 7.41 13.45 7.72
2453965.5458 18.87 13.60 11.95 8.34 12.26 8.28
2453965.54594 18.50 13.88 12.56 11.92 19.03 7.72
2453965.54607 14.93 12.29 11.28 11.24 10.46 8.35
2453965.5462 23.42 10.65 8.84 8.01 10.58 8.34
2453965.54632 13.52 13.11 12.78 11.76 15.16 8.01
2453965.54645 15.20 13.26 12.46 11.53 12.38 12.26
2453965.54658 12.01 13.11 13.04 10.89 12.07 9.67
2453965.54671 21.19 13.58 10.73 13.12 12.09 9.17
2453965.54683 12.78 11.91 10.01 10.27 16.58 8.99
2453965.54697 13.19 13.55 15.02 10.71 11.63 10.40
2453965.5471 15.12 14.00 12.81 10.68 20.40 8.12
2453965.54723 18.92 16.16 12.39 14.99 11.95 10.88
2453965.54735 18.70 11.00 10.28 11.06 16.88 10.46
2453965.54748 19.91 14.48 12.85 12.19 13.47 10.97
2453965.54761 12.19 12.31 10.06 9.86 11.32 8.64
2453965.54774 14.41 15.00 11.96 14.62 11.53 10.51
2453965.54787 15.29 12.55 10.99 9.42 9.42 8.80
2453965.548 14.17 14.27 11.36 7.93 11.52 9.11
2453965.54813 13.70 13.98 10.92 12.18 19.62 9.51
2453965.54826 14.85 13.17 12.04 10.03 13.63 7.88
2453965.54838 13.23 11.06 9.77 6.89 10.69 7.67
2453965.54851 15.20 15.39 12.33 11.79 10.30 10.99
2453965.54864 17.37 13.43 11.56 10.31 12.02 9.42
2453965.54877 15.74 12.14 11.19 11.05 19.33 8.31
2453965.54889 11.94 12.61 10.83 11.92 12.36 8.19
2453965.54902 12.31 12.51 12.51 10.51 9.47 9.49
2453965.54915 15.47 11.17 12.65 9.66 12.41 9.28
2453965.54927 21.53 13.13 11.90 7.81 12.20 8.98
2453965.5494 11.46 13.52 13.97 10.11 11.07 10.93
2453965.54954 11.43 13.19 11.09 13.34 10.89 10.91
2453965.54967 30.87 12.98 13.40 8.23 12.55 11.19
2453965.5498 9.90 12.01 10.78 12.48 12.68 9.08
2453965.54992 14.02 12.57 13.30 2.57 13.32 9.06
2453965.55005 12.90 13.37 12.10 12.02 15.14 7.88
2453965.55018 17.24 12.11 14.44 9.57 11.19 9.85
2453965.5503 13.56 15.64 12.70 9.43 14.55 11.97
2453965.55043 15.42 11.31 12.03 8.60 12.95 9.14
2453965.55056 17.13 14.47 14.26 11.15 16.29 11.35
2453965.55069 12.73 12.35 12.00 11.31 14.54 7.80
2453965.55081 14.62 15.13 14.11 10.96 11.93 10.63
2453965.55094 18.57 13.65 11.86 16.35 18.26 9.67
2453965.55108 12.32 14.80 13.15 10.33 16.15 12.46
2453965.55121 12.98 13.67 12.97 12.82 12.30 9.82
2453965.55133 15.24 12.58 12.97 8.98 15.71 10.04
2453965.55146 13.53 9.54 9.44 12.48 18.06 7.61
2453965.55159 15.16 10.99 12.20 14.31 10.63 7.69
2453965.55172 19.59 11.31 13.42 15.07 13.81 9.14
2453965.55184 19.64 13.86 12.26 9.92 10.93 11.29
2453965.55198 17.26 15.82 12.70 8.93 13.05 10.12
2453965.55211 20.12 12.27 11.89 14.65 19.30 8.56
2453965.55224 19.33 16.03 13.89 17.83 12.21 12.02
2453965.55236 14.19 14.70 11.00 9.94 12.66 10.33
2453965.55249 19.68 15.17 11.48 15.44 12.69 9.24
2453965.55263 17.05 13.20 12.81 10.83 11.89 10.60
2453965.55276 14.68 11.51 12.16 8.12 12.97 8.93
2453965.55289 12.35 13.71 11.50 11.31 14.98 9.72
2453965.55301 20.48 10.50 13.70 14.93 16.10 10.44
2453965.55314 13.90 11.14 9.68 8.35 13.13 8.98
2453965.55327 13.37 13.10 13.02 11.02 25.88 9.50
2453965.55339 15.22 15.30 13.20 11.61 12.82 9.47
2453965.55352 14.93 12.90 15.14 11.10 12.41 12.55
2453965.55365 14.07 15.04 17.65 13.98 10.52 9.13
2453965.55379 19.02 14.56 11.10 12.57 22.70 8.24
2453965.55392 17.25 15.50 12.51 14.49 22.02 11.00
2453965.55404 18.28 14.20 13.10 13.31 10.98 10.69
2453965.55417 16.41 14.09 15.75 9.13 16.63 10.32
2453965.5543 16.68 12.91 12.60 12.56 13.84 9.45
2453965.55442 12.68 9.56 9.70 10.05 12.32 8.57
2453965.55455 13.74 15.72 9.29 11.80 11.62 7.84
2453965.55469 21.87 11.49 11.85 9.41 12.74 8.70
2453965.55482 21.86 13.67 12.99 12.05 11.52 9.99
2453965.55495 19.07 15.82 10.45 10.28 11.87 9.41
2453965.55507 25.26 16.30 12.83 17.38 14.07 10.22
2453965.5552 15.18 11.22 12.81 11.08 13.52 9.05
2453965.55533 16.15 11.90 12.20 11.84 13.21 10.63
2453965.55547 21.44 13.66 11.74 12.86 15.68 10.47
2453965.55559 13.46 11.01 9.99 9.70 11.57 8.12
2453965.55572 12.54 10.06 8.29 10.68 13.17 8.86
2453965.55585 16.83 12.73 11.98 10.94 14.33 9.74
2453965.55598 18.41 16.11 14.08 16.26 15.51 8.84
2453965.5561 22.07 15.27 13.40 18.79 11.83 10.25
2453965.55623 18.47 14.17 11.53 14.23 8.63 9.94
2453965.55636 18.66 10.93 11.78 12.70 14.66 9.06
2453965.5565 20.23 13.19 13.52 12.00 13.55 9.69
2453965.55662 20.68 11.18 9.31 11.49 11.74 7.06
2453965.55675 24.88 9.18 10.79 15.42 8.97 7.97
2453965.55688 20.49 10.71 11.78 8.92 10.66 8.20
2453965.55701 29.27 12.97 11.54 11.35 27.29 8.25
2453965.55713 15.58 8.23 7.91 10.73 14.79 5.79
2453965.55727 13.76 9.82 8.21 9.31 4.14 7.35
2453965.5574 19.56 11.24 11.99 14.93 14.49 8.75
2453965.55753 22.11 9.98 11.81 10.81 15.77 9.38
2453965.55765 13.18 8.67 9.53 9.33 18.60 7.28
2453965.55778 14.59 8.79 7.54 8.90 11.20 7.27
2453965.55791 10.89 7.89 8.42 8.75 7.96 5.89
2453965.55804 10.03 6.68 6.71 5.70 7.79 5.24
2453965.55816 15.79 8.55 9.25 9.44 13.13 8.45
2453965.55829 17.22 12.34 9.32 11.15 12.96 8.50
2453965.55842 31.72 10.26 9.69 7.68 11.33 7.18
2453965.55855 19.25 8.63 7.24 8.88 6.96 6.36
2453965.55867 23.32 10.61 8.57 11.12 14.50 7.22
2453965.5588 16.13 8.66 7.74 12.21 11.16 7.15
2453965.55894 13.41 9.84 9.65 9.75 10.03 2.39
2453965.55907 12.07 8.55 7.90 7.87 7.40 6.60
2453965.55919 15.28 8.16 7.25 8.67 13.54 5.52
2453965.55932 14.25 9.19 8.60 9.00 14.31 7.49
2453965.55945 9.90 8.71 8.25 11.23 9.43 7.86
2453965.55959 18.43 7.57 9.39 7.41 12.91 6.62
2453965.55971 17.66 8.54 8.44 10.88 10.10 8.20
2453965.55984 14.43 7.43 6.59 6.59 6.31 5.40
2453965.55997 9.42 6.30 5.66 5.48 7.05 3.88
2453965.5601 11.75 8.46 7.82 8.70 9.93 5.04
2453965.56022 9.31 7.70 6.16 8.97 7.86 4.16
2453965.56035 7.54 9.72 6.82 5.40 6.58 4.38
2453965.56049 20.95 6.89 7.25 5.24 8.28 5.70
2453965.56062 15.45 8.58 6.31 7.47 10.22 5.71
2453965.56074 11.03 7.01 7.08 6.09 8.05 3.48
2453965.56087 23.40 8.64 7.36 7.66 11.64 4.69
2453965.561 13.40 7.59 5.45 5.51 6.91 3.88
2453965.56113 12.91 7.28 7.61 5.08 6.09 3.67
2453965.56125 13.55 7.66 6.32 7.64 8.25 4.91
2453965.56138 18.38 6.43 5.50 5.71 7.25 3.65
2453965.56151 10.83 8.08 6.78 5.92 5.75 4.54
2453965.56165 12.30 4.76 6.71 7.90 11.40 4.57
2453965.56177 13.22 7.38 6.55 6.31 6.79 4.11
2453965.5619 13.62 5.77 5.20 5.38 5.06 3.33
2453965.56203 13.89 7.09 5.80 8.20 7.36 4.46
2453965.56216 10.68 7.52 6.16 7.47 5.45 2.33
2453965.56228 12.31 9.32 6.68 5.47 10.34 4.10
2453965.56241 16.32 6.60 6.25 6.22 6.69 3.40
2453965.56254 14.74 6.83 5.41 7.28 6.74 4.49
2453965.56267 12.13 8.15 6.16 4.68 6.46 4.08
2453965.56283 11.01 6.50 5.36 6.71 7.52 4.43
2453965.56297 11.27 5.25 4.75 3.93 9.62 2.90
2453965.56309 14.28 7.02 4.85 6.80 6.10 2.95
2453965.56322 8.49 7.04 6.72 5.92 7.81 4.02
2453965.56335 11.44 5.90 4.43 5.46 6.03 3.11
2453965.56349 10.92 6.80 5.58 5.23 6.30 3.56
2453965.56361 15.99 7.81 5.64 6.93 4.70 3.97
2453965.56375 11.18 6.31 5.51 5.65 7.55 3.39
2453965.56388 15.91 7.44 5.56 4.64 8.47 3.53
2453965.56401 12.14 6.60 5.24 3.60 6.58 3.17
2453965.56414 9.49 6.65 4.80 4.16 7.80 4.02
2453965.56426 14.09 6.68 4.88 4.36 4.43 2.95
2453965.56439 14.10 6.37 4.89 4.72 5.88 3.41
2453965.56453 11.40 6.64 4.80 7.24 8.03 3.13
2453965.56466 9.11 4.02 3.46 3.86 4.58 2.30
2453965.56478 11.22 4.57 5.12 4.16 9.76 3.26
2453965.56491 13.21 5.55 4.48 4.92 8.16 2.59
2453965.56504 10.46 4.62 5.35 4.86 7.04 2.41
2453965.56518 14.93 4.61 3.79 4.41 4.14 0.54
2453965.5653 9.14 5.34 5.22 4.25 6.39 2.71
2453965.56543 7.98 4.72 4.08 4.09 5.44 1.99
2453965.56556 13.15 5.60 3.96 3.78 5.45 2.35
2453965.56569 13.94 4.64 4.17 5.34 6.44 2.39
2453965.56585 10.13 4.22 3.64 5.39 3.86 2.04
2453965.56598 18.73 6.04 4.94 4.94 5.90 2.54
2453965.5661 10.21 4.87 3.48 3.86 5.36 2.13
2453965.56623 10.60 5.38 3.49 1.89 5.16 2.12
2453965.56636 14.60 1.47 4.37 4.41 5.79 0.42
2453965.56648 11.99 5.71 3.78 4.94 6.74 2.51
2453965.56661 5.85 3.97 3.47 2.99 3.23 1.58
2453965.56674 10.16 4.83 4.28 4.56 5.63 2.81
2453965.56687 10.66 4.20 4.02 4.70 4.74 2.11
2453965.56701 9.69 3.86 3.26 2.96 2.78 1.81
2453965.56713 12.53 4.45 3.81 4.65 4.88 1.54
2453965.56727 10.36 5.22 3.91 4.02 5.88 2.38
2453965.5674 10.08 5.17 1.29 4.63 5.90 2.10
2453965.56753 10.48 4.20 2.97 3.71 6.02 2.09
2453965.56765 10.74 5.25 3.79 5.23 4.95 2.22
2453965.56779 12.01 4.48 3.53 3.89 5.43 1.87
2453965.56792 11.72 4.39 3.46 3.56 5.84 2.27
2453965.56805 11.79 4.85 4.31 4.98 4.49 2.25
2453965.56817 12.05 4.93 4.51 3.15 4.18 2.02
2453965.5683 9.71 3.95 3.34 3.18 2.99 2.01
2453965.56843 11.71 4.64 3.53 4.18 5.16 2.22
2453965.56856 12.75 3.45 2.03 3.48 4.43 1.60
2453965.56868 10.44 4.52 3.23 4.36 6.52 1.61
2453965.56881 10.20 4.58 4.02 2.39 8.66 2.37
2453965.56894 10.23 4.68 3.39 4.60 3.73 2.22
2453965.56907 9.43 4.93 4.15 3.88 4.38 2.38
2453965.5692 10.38 4.82 3.66 4.28 3.30 2.10
2453965.56933 8.17 4.14 3.86 4.07 5.78 2.14
2453965.56946 14.43 6.12 4.39 5.62 4.74 2.70
2453965.56959 11.02 4.70 3.83 6.84 5.18 2.16
2453965.56971 11.26 5.38 4.43 4.03 3.91 2.88
2453965.56984 11.73 5.25 3.92 4.11 7.36 2.16
2453965.56997 14.39 5.46 1.68 3.92 5.07 2.95
2453965.5701 10.61 5.37 3.91 5.51 5.29 2.67
2453965.57022 12.70 5.26 4.38 4.82 5.00 2.62
2453965.57035 7.52 6.12 4.03 3.51 3.19 2.26
2453965.57049 11.45 5.33 4.38 4.63 6.16 2.79
2453965.57062 10.13 5.22 3.78 3.95 4.30 2.61
2453965.57074 8.50 6.66 4.59 4.71 8.14 3.67
2453965.57087 13.10 4.68 4.11 4.02 7.11 2.08
2453965.571 12.80 6.12 5.01 4.71 8.10 3.15
2453965.57114 9.39 5.55 5.15 5.22 4.60 3.29
2453965.57126 15.04 6.00 4.59 4.79 6.76 3.58
2453965.57139 15.31 6.88 4.50 7.01 7.29 2.76
2453965.57152 11.29 4.88 3.49 3.65 5.26 2.45
2453965.57166 10.58 5.50 5.42 4.20 4.91 2.93
2453965.57179 10.63 6.03 4.54 5.75 5.43 3.62
2453965.57191 8.82 5.69 4.58 5.76 4.62 3.29
2453965.57204 10.95 6.01 4.85 4.01 6.94 3.68
2453965.57217 10.67 5.32 3.95 4.28 4.04 2.67
2453965.57229 11.46 6.54 4.72 4.42 5.00 3.12
2453965.57242 18.86 5.63 4.76 4.41 7.22 3.09
2453965.57255 8.97 5.27 4.33 4.80 3.91 2.80
2453965.57269 10.08 5.91 3.73 5.37 5.59 2.83
2453965.57282 11.12 5.66 5.30 2.80 5.28 3.58
2453965.57294 15.28 6.35 5.78 4.41 6.44 4.27
2453965.57307 12.42 6.48 4.99 6.19 6.41 3.18
2453965.5732 15.14 7.41 5.39 6.56 8.37 3.68
2453965.57332 13.63 4.35 3.56 3.96 5.46 2.23
2453965.57345 12.06 6.53 5.41 7.53 6.13 3.98
2453965.57358 11.38 6.35 5.85 7.80 6.00 4.42
2453965.57371 15.26 7.73 4.86 5.51 7.25 3.60
2453965.57383 12.35 6.00 5.07 5.91 7.59 3.56
2453965.57397 11.84 5.76 5.13 6.47 5.51 3.86
2453965.57409 11.72 5.67 4.75 6.67 5.91 3.84
2453965.57423 14.84 7.32 4.35 5.11 5.75 3.53
2453965.57435 10.46 5.85 4.78 4.52 7.21 3.69
2453965.57448 14.74 6.09 4.84 5.24 7.18 4.24
2453965.57461 8.65 6.03 5.08 7.93 7.26 3.77
2453965.57475 14.09 5.78 5.46 5.11 6.42 3.27
2453965.57488 15.04 6.22 5.67 5.97 8.24 3.93
2453965.575 12.33 6.60 6.53 6.03 9.76 3.94
2453965.57513 10.00 7.16 4.91 4.71 5.27 3.79
2453965.57526 18.37 6.00 5.68 5.62 9.87 4.09
2453965.57538 8.96 4.98 5.14 5.42 6.92 3.33
2453965.57551 9.43 6.17 5.38 6.52 7.66 3.84
2453965.57564 12.30 5.61 5.07 6.08 7.39 3.11
2453965.57577 7.79 5.79 5.52 5.00 4.61 3.56
2453965.57589 9.94 5.85 4.96 4.35 5.56 0.54
2453965.57602 12.91 6.47 4.53 6.51 11.42 3.68
2453965.57615 14.94 6.21 5.27 4.03 8.26 4.06
2453965.57629 14.35 7.82 7.51 7.33 7.96 5.28
2453965.57641 15.75 6.98 6.13 7.75 8.01 5.58
2453965.57654 19.96 6.86 5.79 6.48 6.72 4.05
2453965.57667 12.36 6.04 5.78 3.79 7.32 3.06
2453965.5768 13.07 6.86 5.83 6.49 9.42 3.31
2453965.57692 13.27 6.56 5.82 5.39 7.38 4.37
2453965.57705 11.61 6.08 5.26 5.77 5.26 3.62
2453965.57718 11.85 6.39 6.24 7.81 7.35 4.94
2453965.57731 12.94 6.11 5.36 7.27 9.58 4.34
2453965.57744 14.02 6.53 5.32 5.25 7.79 4.09
2453965.57757 12.20 6.91 6.16 6.22 7.99 3.97
2453965.5777 9.08 7.03 5.98 5.67 9.51 4.14
2453965.57784 16.58 5.95 4.61 4.93 5.22 3.69
2453965.57797 10.29 6.07 5.45 4.87 11.37 4.05
2453965.57809 14.77 6.67 4.97 8.70 11.35 3.83
2453965.57822 9.88 5.95 4.38 5.99 7.88 3.20
2453965.57835 10.61 5.00 5.03 6.64 7.74 3.82
2453965.57848 13.80 6.60 5.81 6.25 6.29 4.15
2453965.5786 18.44 9.23 8.19 7.57 15.15 4.96
2453965.57873 14.82 8.85 6.90 6.48 10.47 4.91
2453965.57886 16.35 8.04 6.64 7.84 9.30 5.32
2453965.579 9.56 7.45 2.93 7.61 9.91 4.33
2453965.57912 14.50 8.59 7.89 7.80 9.73 6.90
2453965.57925 9.91 7.95 5.93 5.48 8.75 4.21
2453965.57938 12.81 8.97 6.23 6.67 8.96 5.48
2453965.5795 12.75 8.15 6.89 7.19 9.74 3.93
2453965.57963 17.32 8.34 6.49 8.01 8.03 5.64
2453965.57976 13.87 7.42 7.96 10.71 7.41 4.82
2453965.57989 22.12 6.97 5.54 6.05 8.94 4.85
2453965.58003 14.13 7.68 7.18 7.42 15.65 4.13
2453965.58015 10.36 9.24 7.53 8.77 11.22 4.61
2453965.58028 11.73 7.99 6.22 9.81 6.46 4.48
2453965.58042 24.10 9.44 8.66 7.68 5.52 4.97
2453965.58055 15.46 8.83 8.02 8.72 7.77 6.20
2453965.58067 12.96 8.49 7.96 7.35 6.65 5.48
2453965.5808 15.22 8.74 7.10 5.65 15.41 5.11
2453965.58094 14.29 10.04 6.88 6.59 6.45 5.36
2453965.58107 16.49 9.83 9.74 9.64 9.98 7.37
2453965.58119 15.00 9.37 6.31 6.42 6.57 4.78
2453965.58133 11.47 9.36 7.90 6.20 6.04 5.56
2453965.58146 13.24 7.97 7.85 7.67 5.99 5.14
2453965.58159 10.82 7.92 7.71 9.03 8.25 6.32
2453965.58172 15.60 7.55 5.97 6.25 6.98 5.00
2453965.58184 0.30 0.03 0.04 -0.12 0.60 0.37
