4.317708869935448293e-03 7.322397781683962492e-01 3.598469947464764118e-01 2.400841142584467149e-03 2.785263913009462106e-02
6.606374145114537501e-03 7.784105872584100583e-01 3.610029895789921284e-01 2.005154812784537902e-03 1.524926415169056831e-02
5.876527819489555521e-03 7.251093671972899113e-01 3.621589844115078449e-01 1.865145865403408350e-03 1.614785662602318678e-02
2.149958317018297888e-03 7.072675114325799317e-02 3.633149792440235615e-01 1.921149107926473131e-03 4.464494143099832779e-02
2.021845631709537523e-03 1.230900025945006471e-01 3.644709740765392780e-01 1.997317758010754615e-03 4.942534247641274664e-02
3.127474301391756483e-03 -3.614159464293353885e-02 3.656269689090549946e-01 1.980862495913441289e-03 3.232380548663214143e-02
1.697784580276908697e-03 3.147326881555115863e-01 3.667829637415707111e-01 1.920032322552643351e-03 5.656290879743338523e-02
3.065913897051093968e-03 6.003270717791415745e-01 3.679389585740864277e-01 2.178225078691094652e-03 3.561023978901586839e-02
7.310476155236435248e-04 2.962023099550006311e-01 3.690949534066021442e-01 2.300806491424748409e-03 1.598559947579900609e-01
2.698762783679590355e-03 5.007419870184081079e-01 3.702509482391178608e-01 2.014919949105780945e-03 3.755019481177911816e-02
5.947021852445015001e-03 4.610800607903683401e-01 3.714069430716335773e-01 1.767049646265173891e-03 1.511733578266734497e-02
2.170263761059443731e-03 4.636541940092792080e-01 3.725629379041492939e-01 1.687758141847190167e-03 3.983167894227839650e-02
9.571834142640713028e-04 9.294726365559305981e-01 3.737189327366650105e-01 2.001702522058364589e-03 1.044307507656663941e-01
3.297572067005144839e-03 7.625569944276655576e-02 3.748749275691807270e-01 2.198425271622625812e-03 3.330651023403815442e-02
1.453218973021889668e-03 -1.329587460522569931e-01 3.760309224016964436e-01 1.846991869075842625e-03 6.444570059135482087e-02
1.924184120035634001e-03 -4.036159930807521334e-01 3.771869172342121601e-01 1.250388864631144740e-03 3.326353576585372451e-02
2.749692199435112717e-03 -4.610548139198400452e-02 3.783429120667278767e-01 1.065896611991164113e-03 1.981559286277039672e-02
3.235165650374042298e-03 -8.222294786189676685e-02 3.794989068992435932e-01 1.327622999693798102e-03 2.109065178054907869e-02
2.742271462613428152e-03 7.739083880293096129e-02 3.806549017317593098e-01 2.014680643810403890e-03 3.768882864841485020e-02
3.713465354470622988e-03 1.498512721957053762e-01 3.818108965642750263e-01 2.097943512244097516e-03 2.900483435955534053e-02
4.620082950675937460e-03 2.547078094959442929e-01 3.829668913967907429e-01 2.408676977761609744e-03 2.675293157064238467e-02
6.015913695640506473e-03 3.696856675958124505e-01 3.841228862293064594e-01 2.144822025593783391e-03 1.827516492529212763e-02
3.401213931915408710e-03 3.064308465647027635e-01 3.852788810618221760e-01 1.728588125258600670e-03 2.609784290523824851e-02
7.540065486661334804e-03 2.322359032905554344e-01 3.864348758943378925e-01 2.080666632344783853e-03 1.401408862358346878e-02
6.707743605688509282e-03 2.847559677850103332e-01 3.875908707268536091e-01 1.841096832639992293e-03 1.388955060520402802e-02
1.653208250999079571e-03 -1.320236274967498680e-01 3.887468655593693256e-01 2.720273567285761383e-03 8.351829702434504510e-02
2.391678901145803757e-03 -3.658501123820692147e-01 3.899028603918850422e-01 3.279336686911502822e-03 7.029040398356325992e-02
6.368803680954586259e-03 -5.081194239787079070e-01 3.910588552244007587e-01 3.220466695891744790e-03 2.543734228689377777e-02
6.251265873856664754e-03 -5.360418582851491642e-01 3.922148500569164753e-01 2.717454114512522952e-03 2.172149409370401421e-02
5.025193630507555735e-03 -1.609609203349686157e-01 3.933708448894321918e-01 1.900788671082036772e-03 1.929921261157652515e-02
8.669354303470646825e-03 6.397580935142485950e-03 3.945268397219479084e-01 1.864707191022045140e-03 1.102884496670082475e-02
7.109723423540584633e-03 -8.265711595913036169e-02 3.956828345544636250e-01 2.146379463888473116e-03 1.526136599743043408e-02
6.270240757815515910e-03 -1.438332784514402274e-01 3.968388293869793415e-01 2.146346956013644915e-03 1.711855363318676160e-02
3.864442163134281742e-03 -3.251030146630619622e-01 3.979948242194950581e-01 2.868579428837243067e-03 3.743863232620850412e-02
5.126181450028539227e-03 -4.142673916780260646e-01 3.991508190520107746e-01 3.212952221441304785e-03 3.209122034973473092e-02
7.089297435980258452e-03 -1.970175265577878698e-01 4.003068138845264912e-01 2.470535755338131717e-03 1.766438834740979152e-02
6.158114952791386709e-03 -9.200012310849962904e-02 4.014628087170422077e-01 1.893972671173295820e-03 1.557127978324139746e-02
6.960992532784314978e-03 -1.329133455432188714e-02 4.026188035495579243e-01 2.116862289633013924e-03 1.541499580592245802e-02
8.133854993878598602e-03 -4.868057011352886626e-02 4.037747983820736408e-01 2.307609829112133946e-03 1.452802438391514323e-02
8.717123425339631804e-03 -2.773317784984612525e-02 4.049307932145893574e-01 2.888479964791359871e-03 1.702097560277605892e-02
1.334230115428736499e-02 2.407969357543152805e-02 4.060867880471050739e-01 3.405776303652151282e-03 1.311961916826814671e-02
1.033532952974684435e-02 6.299514268044786869e-02 4.072427828796207905e-01 3.233988615954305063e-03 1.607194752380899233e-02
3.436735570127165754e-03 7.346739018154575807e-02 4.083987777121365070e-01 2.605362912175345630e-03 3.878759860224571809e-02
6.405228360406006044e-03 -1.000496558495575367e-01 4.095547725446522236e-01 2.294679349578580482e-03 1.794320205822690431e-02
9.940150708926048101e-03 -2.573946484363077644e-02 4.107107673771679401e-01 1.883653792830701154e-03 9.482559997851150446e-03
8.675234682709805772e-03 1.139491511072379809e-01 4.118667622096836567e-01 2.007732911604207839e-03 1.161297491740434680e-02
5.740275817719455928e-03 2.364342250279122815e-01 4.130227570421993732e-01 2.193814900091510100e-03 1.922010888323313210e-02
5.749560190661655648e-03 4.406417648489290850e-01 4.141787518747150898e-01 2.130868018713170942e-03 1.882213025161604686e-02
6.488469667544371523e-03 6.141632979640750944e-01 4.153347467072308064e-01 1.974814363155719121e-03 1.556033796329857333e-02
3.568114677247417703e-03 5.916020345270366354e-01 4.164907415397465229e-01 2.396520627924701458e-03 3.400891990899813228e-02
2.630126101686548930e-03 2.984443530482040474e-01 4.176467363722622395e-01 2.523137487051953839e-03 4.815725066465650211e-02
2.548431757285381846e-03 4.945573957451957492e-01 4.188027312047779560e-01 2.779034254870548382e-03 5.447383197513963604e-02
4.720650859400906188e-03 3.547256504447909853e-01 4.199587260372936726e-01 2.896734805266659545e-03 3.113889877907088585e-02
6.099467485992843968e-03 2.524137591089022914e-01 4.211147208698093891e-01 2.837349082041827619e-03 2.389952327214001429e-02
2.458502152250854281e-03 1.987195512608499748e-01 4.222707157023251057e-01 2.886197703616642015e-03 6.014411740699239506e-02
1.804407383885738795e-03 1.458027723967864620e-01 4.234267105348408222e-01 2.231742103494006001e-03 6.263899530913683011e-02
2.590028335396713736e-03 4.814676654511192977e-01 4.245827053673565388e-01 2.284429480812327599e-03 4.533152565739489298e-02
4.432180442138606950e-03 1.978883350409977870e-01 4.257387001998722553e-01 2.600727591137460323e-03 2.940604069143385596e-02
3.282947210280383853e-03 -1.651033611557284342e-01 4.268946950323879719e-01 1.904461004075362097e-03 2.961752526061412968e-02
9.688784315133645939e-04 -1.427279980860142183e-01 4.280506898649036884e-01 1.398730033627978596e-03 7.403330337585140031e-02
1.684515094242676090e-03 -3.073046213805251115e-01 4.292066846974194050e-01 1.775684058539602882e-03 5.378964913885848909e-02
2.177516101461537089e-03 -7.734926715147190379e-02 4.303626795299351215e-01 1.845395848708285182e-03 4.354777723601522404e-02
5.075599874196268409e-04 1.207614972088813660e-01 4.315186743624508381e-01 1.862977179517856562e-03 1.883347596870652563e-01
7.729995730600949452e-04 5.939891843828070117e-01 4.326746691949665546e-01 2.137268785328670043e-03 1.381310537462601129e-01
3.446914049316990303e-03 3.411843187082080897e-01 4.338306640274822712e-01 1.824561919599237188e-03 2.710996979425180087e-02
1.079720077131530922e-03 2.007247985831898951e-01 4.349866588599979877e-01 1.384995994099498225e-03 6.567734265447440489e-02
1.787613774092729983e-03 -2.042435151125744641e-01 4.361426536925137043e-01 1.934218103569109370e-03 5.422682450103331886e-02
2.374998879000794153e-03 2.279830247675130872e-01 4.372986485250294209e-01 1.969047037740825467e-03 4.190537939399497508e-02
1.928377456239327783e-03 5.133483441412135528e-01 4.384546433575451374e-01 1.940713256313980183e-03 5.162915576580152238e-02
2.942850480625035323e-03 5.824319000424539317e-01 4.396106381900608540e-01 1.924266892325154086e-03 3.350604085497983775e-02
5.450022253830156226e-03 4.038001629189875707e-01 4.407666330225765705e-01 1.428270103539457754e-03 1.314120613076279545e-02
3.121186522766002547e-03 3.184823340854472384e-01 4.419226278550922871e-01 1.425607282813679119e-03 2.282571190117202095e-02
8.112846657067177307e-04 5.560059194755808676e-01 4.430786226876080036e-01 1.323750717191393353e-03 8.167093100591359123e-02
1.465171788695298011e-03 9.601170793109596868e-01 4.442346175201237202e-01 1.730829314886300763e-03 6.056411594128879861e-02
1.415249889393743049e-03 1.084711202587518519e+00 4.453906123526394367e-01 2.080927295516404960e-03 7.548892968368101086e-02
3.164772629010471471e-03 7.654818692878430086e-01 4.465466071851551533e-01 2.289140051850019342e-03 3.612565432043674668e-02
5.804074582627109964e-03 7.692304885039139561e-01 4.477026020176708698e-01 2.306583180756608103e-03 1.986595991118353388e-02
3.696870925098611101e-03 6.253921172342702395e-01 4.488585968501865864e-01 2.513692129706751512e-03 3.459468309434936967e-02
1.044552460444140305e-03 5.554352817826417876e-01 4.500145916827023029e-01 2.405049367906909614e-03 1.182864894349396484e-01
2.897763210122953140e-03 1.050944174254038632e+00 4.511705865152180195e-01 2.318338359584545382e-03 3.998579385103635114e-02
6.283061149689839892e-03 1.062278270643576716e+00 4.523265813477337360e-01 2.278913198217047409e-03 1.820305713719603050e-02
5.548349991721910485e-03 1.012657068056189713e+00 4.534825761802494526e-01 2.192388008198039445e-03 2.007011292354881835e-02
2.750725651551395173e-03 6.415661286454231726e-01 4.546385710127651691e-01 2.314209550705790229e-03 4.265272251194690556e-02
4.761001301301202686e-03 4.567352441006012898e-01 4.557945658452808857e-01 1.904038286121588269e-03 1.997202701206952924e-02
2.746661556413707277e-03 5.051682252029370268e-01 4.569505606777966022e-01 1.655510374387739354e-03 3.013019428829473087e-02
3.164978021926792562e-04 1.222599122798964377e-01 4.581065555103123188e-01 1.688029380080373603e-03 2.740173199129653514e-01
1.225763733205759718e-03 2.136216312452673127e-01 4.592625503428280354e-01 1.679857116864070816e-03 7.040901974973212685e-02
1.211050497082766849e-03 -5.482107628044921577e-02 4.604185451753437519e-01 1.813705714979663673e-03 7.499701726985086303e-02
4.621179022307913761e-03 -2.755323261853182548e-01 4.615745400078594685e-01 1.787817165984680132e-03 1.953076513528348088e-02
4.384199675968168675e-03 -1.102889041572710782e-01 4.627305348403751850e-01 2.046877990102002019e-03 2.343194242250888626e-02
3.961395282321721924e-03 1.520630636037585137e-01 4.638865296728909016e-01 1.958149420653613679e-03 2.469052643517520573e-02
5.896113954873007622e-03 -3.731387932672788205e-02 4.650425245054066181e-01 1.880570455723384188e-03 1.615645798823590884e-02
6.929820944870117641e-03 -1.069865629489341469e-01 4.661985193379223347e-01 1.867504590679560251e-03 1.382013814165699434e-02
5.134520499189664487e-03 3.866465171543020940e-02 4.673545141704380512e-01 1.884004209378242062e-03 1.875644629359663959e-02
4.450739997317130353e-03 -3.721662344773950942e-02 4.685105090029537678e-01 2.058054309969568809e-03 2.376227920768178917e-02
5.969418968715038513e-03 -9.370996749369911449e-02 4.696665038354694843e-01 1.714473095317058712e-03 1.464796506773963398e-02
7.232778805660575183e-03 -5.592130662971289690e-02 4.708224986679852009e-01 1.329628422495718765e-03 9.332143644666494875e-03
9.437419725811231272e-03 -4.497591579419223866e-04 4.719784935005009174e-01 1.674164483130805015e-03 8.975650402244307255e-03
7.424028869075777540e-03 -2.455755577705129311e-02 4.731344883330166340e-01 2.399014309889185154e-03 1.619913739255605598e-02
4.448865630267385789e-03 -1.773799126898669698e-01 4.742904831655323505e-01 2.269889950991957252e-03 2.558531202041951919e-02
6.273853226889611508e-03 -4.099281553035875186e-02 4.754464779980480671e-01 3.141305070856546811e-03 2.504741274801104353e-02
6.751175073648317364e-03 -6.730299742035511512e-02 4.766024728305637836e-01 3.098536853441713826e-03 2.314553734909570101e-02
5.731203343907461355e-03 1.190425937173491405e-01 4.777584676630795002e-01 2.325775946621304324e-03 2.032484797424811626e-02
7.911418001247142937e-03 1.191413190891917745e-01 4.789144624955952168e-01 2.644874709342770035e-03 1.685583036866863602e-02
5.500694799234546149e-03 -1.027876530227310042e-01 4.800704573281109333e-01 3.093095732569581952e-03 2.890024038260425449e-02
3.307592391843972891e-03 -2.902727613148137209e-03 4.812264521606266499e-01 4.337636866201322224e-03 6.740301784966534759e-02
2.143628659394458159e-03 3.336100576769001624e-01 4.823824469931423664e-01 4.788963097080984124e-03 1.132597811569169138e-01
7.776500673476430432e-04 3.246119018191032102e-01 4.835384418256580830e-01 3.817724411999026679e-03 2.509890972649601593e-01
1.828419154292820238e-03 5.927378682367955703e-02 4.846944366581737995e-01 2.554003974960964828e-03 7.097949195946744172e-02
3.799307572652797609e-03 2.324094150703770179e-01 4.858504314906895161e-01 2.590013893802059659e-03 3.486645429888542841e-02
6.594776897635953525e-03 3.794612152595316923e-01 4.870064263232052326e-01 2.514215475041308573e-03 1.955974273158429810e-02
3.456770480128761036e-03 5.487367374790040886e-01 4.881624211557209492e-01 2.178318289680251409e-03 3.238833797609735193e-02
5.410453559777000975e-04 8.907944106379998006e-01 4.893184159882366657e-01 2.014220613647206993e-03 1.886490863185721067e-01
2.023732014935252562e-04 6.024428147412947965e-01 4.904744108207523823e-01 1.666572351962748721e-03 4.212504776204904489e-01
1.560442053187304379e-03 7.160102355138435737e-01 4.916304056532680988e-01 1.845970071911478888e-03 6.059493285172671412e-02
1.298365886892552997e-03 9.421512972365178040e-01 4.927864004857838154e-01 1.654921580763090132e-03 6.550230441255872060e-02
1.913986977126485309e-03 7.874746446985537718e-01 4.939423953182995319e-01 1.723936560924658632e-03 4.573676901446149801e-02
2.006204490522160797e-03 5.634235247767815924e-01 4.950983901508152485e-01 1.772670366079880013e-03 4.414216192514237858e-02
2.552429937474499227e-03 3.278849993649224359e-01 4.962543849833309650e-01 1.539429336892249485e-03 3.085338284442819615e-02
6.010804944747810382e-04 7.878657756808993273e-02 4.974103798158466816e-01 2.038520419256620569e-03 1.724465337675160914e-01
3.732446393242174441e-03 4.465822706563916666e-01 4.985663746483623981e-01 2.147329145556474764e-03 2.953234736350745029e-02
1.354877793004992826e-03 4.439695001423929477e-02 4.997223694808781147e-01 2.313231905880677123e-03 8.538150440685249309e-02
6.510487729077397111e-03 -3.656816699114649460e-01 5.008783643133938313e-01 2.285382710015384025e-03 1.801677004168076440e-02
7.159486561840336903e-03 -4.355738328885043198e-01 5.020343591459095478e-01 2.592438031428981240e-03 1.856789147215553645e-02
3.605037104078613521e-03 -5.877803660794030938e-01 5.031903539784252644e-01 3.331360109669536263e-03 4.647025923049553919e-02
4.150619704907247513e-03 -5.727657237571417426e-01 5.043463488109409809e-01 2.954492346102587531e-03 3.562017271807486896e-02
4.724714668286474420e-03 -4.656160725974439751e-01 5.055023436434566975e-01 1.953952525211624745e-03 2.071094771672758392e-02
2.002449594133234260e-03 -3.029747349249797828e-01 5.066583384759724140e-01 1.739078440131829224e-03 4.370416844744035717e-02
2.417833634417210047e-03 -4.187459158043710383e-01 5.078143333084881306e-01 1.939715646254795613e-03 4.007372890644096686e-02
2.236903331603140935e-03 -3.849083656073641890e-01 5.089703281410038471e-01 2.499093750961087993e-03 5.592028286586098185e-02
3.684697726651238979e-03 -2.985723837882997556e-01 5.101263229735195637e-01 2.512107685224147357e-03 3.413473318963391318e-02
8.244807241697956835e-04 8.939428539133524587e-02 5.112823178060352802e-01 2.311381862805446819e-03 1.413633176057068896e-01
4.718354926088096958e-03 1.686899658257776657e-01 5.124383126385509968e-01 1.872289273156840100e-03 1.998760839984200371e-02
3.690704492135796905e-03 2.072417801705231100e-01 5.135943074710667133e-01 2.056935220778756141e-03 2.795975422788068293e-02
1.461134736295099327e-03 4.284608868566484596e-01 5.147503023035824299e-01 2.360998855549481957e-03 8.194013483783336993e-02
1.021894449015112172e-03 4.314179186753571704e-01 5.159062971360981464e-01 2.302159870861107422e-03 1.133540058210980861e-01
4.042979135955796464e-03 6.961652259498676276e-01 5.170622919686138630e-01 1.981494600176885931e-03 2.503023596920915875e-02
1.006248332878416840e-03 1.098686539980933574e+00 5.182182868011295795e-01 2.191065033450593710e-03 1.112108161757635327e-01
2.978491697677719627e-03 8.841503759577420407e-01 5.193742816336452961e-01 2.013093032445256204e-03 3.452785598457386307e-02
1.320679542541197465e-03 2.244277922327153618e-01 5.205302764661610126e-01 2.146557079092707970e-03 8.332273098713671722e-02
2.718306869227650122e-03 -6.385247337610394647e-02 5.213972725905478001e-01 2.792119148577684468e-03 5.198472655577770357e-02
5.610600589968302819e-03 -6.683514448166869015e-02 5.219463701359927654e-01 3.860954858171321540e-03 3.466862860215014913e-02
