1691.41131    0.8658
1691.41137    0.9172
1691.41143    0.9630
1691.41149    1.0320
1691.41155    1.0147
1691.41160    1.0683
1691.41166    1.1136
1691.41172    1.2034
1691.41178    1.2195
1691.41183    1.2517
1691.41189    1.3030
1691.41195    1.3142
1691.41201    1.4360
1691.41207    1.4108
1691.41212    1.4502
1691.41218    1.4801
1691.41224    1.5075
1691.41230    1.5425
1691.41236    1.5939
1691.41241    1.6526
1691.41247    1.6188
1691.41253    1.6861
1691.41259    1.7415
1691.41265    1.7052
1691.41270    1.8202
1691.41276    1.8342
1691.41282    1.7977
1691.41288    1.8084
1691.41293    1.7674
1691.41299    1.8325
1691.41305    1.8373
1691.41311    1.8315
1691.41317    1.8134
1691.41322    1.7265
1691.41328    1.6951
1691.41334    1.6948
1691.41340    1.7227
1691.41346    1.7018
1691.41351    1.6691
1691.41357    1.6384
1691.41363    1.6356
1691.41369    1.6327
1691.41374    1.5584
1691.41380    1.4871
1691.41386    1.4166
1691.41392    1.4712
1691.41398    1.3966
1691.41403    1.3707
1691.41409    1.2250
1691.41415    1.2790
1691.41421    1.1656
1691.41427    1.1243
1691.41432    1.0971
1691.41438    1.0393
1691.41444    0.9776
1691.41450    0.9650
1691.41455    0.9329
1691.41461    0.8569
1691.41467    0.8583
1691.41473    0.7590
1691.41479    0.7202
1691.41484    0.7239
1691.41490    0.6533
1691.41496    0.6225
1691.41502    0.5765
1691.41508    0.5382
1691.41513    0.5439
1691.41519    0.4807
1691.41525    0.4631
1691.41531    0.4367
1691.41537    0.4122
1691.41542    0.3806
1691.41548    0.3690
1691.41554    0.3582
1691.41560    0.3173
1691.41565    0.3100
1691.41571    0.2569
1691.41577    0.3056
1691.41583    0.3252
1691.41589    0.2586
1691.41594    0.2637
1691.41600    0.2457
1691.41606    0.2381
1691.41612    0.2236
1691.41618    0.2089
1691.41623    0.1995
1691.41629    0.1856
1691.41635    0.1776
1691.41641    0.1761
1691.41646    0.1726
1691.41652    0.1644
1691.41658    0.1631
1691.41664    0.1585
1691.41670    0.1536
1691.41675    0.1107
1691.41681    0.1656
1691.41687    0.1253
1691.41693    0.1289
1691.41699    0.1187
1691.41704    0.1408
1691.41710    0.1276
1691.41716    0.1051
1691.41722    0.1208
1691.41727    0.1141
1691.41733    0.0919
1691.41739    0.1072
1691.41745    0.0955
1691.41751    0.0514
1691.41756    0.0860
1691.41762    0.0966
1691.41768    0.0803
1691.41774    0.0609
1691.41780    0.0540
1691.41785    0.0503
1691.41791    0.0238
1691.41797    0.0198
1691.41803    0.0530
1691.41808    0.0362
1691.41814    0.0298
1691.41820    0.0457
1691.41826    0.0435
1691.41832    0.0447
1691.41837    0.0517
1691.41843    0.0620
1691.41849    0.0196
1691.41855    0.0445
1691.41861    0.0483
1691.41866    0.0266
1691.41872    0.0164
1691.41878    0.0346
1691.41884    0.0355
1691.41890    0.0171
1691.41895    0.0159
1691.41901   -0.0028
1691.41907   -0.0231
1691.41913   -0.0075
1691.41918   -0.0355
1691.41924   -0.0214
1691.41930    0.0005
1691.41936   -0.0092
1691.41942   -0.0022
1691.41947   -0.0395
1691.41953   -0.0535
1691.41959   -0.0266
1691.41965   -0.0014
1691.41971   -0.0195
1691.41976   -0.0285
1691.41982   -0.0447
1691.41988   -0.0500
1691.41994   -0.0601
1691.41999   -0.0415
1691.42005   -0.0353
1691.42011   -0.0522
1691.42017   -0.0518
1691.42028   -0.0616
1691.42034   -0.0377
1691.42040   -0.0377
1691.42046   -0.0437
1691.42052   -0.0515
1691.42057   -0.0409
1691.42063   -0.0448
1691.42069   -0.0231
1691.42075   -0.0387
1691.42080   -0.0778
1691.42086   -0.0773
1691.42092   -0.0513
1691.42098   -0.0647
1691.42104   -0.0916
1691.42109   -0.0549
1691.42115   -0.0814
1691.42121   -0.0636
1691.42127   -0.0772
1691.42133   -0.0808
1691.42138   -0.0944
1691.42144   -0.0753
1691.42150   -0.0764
1691.42156   -0.0800
1691.42162   -0.1074
1691.42167   -0.0776
1691.42173   -0.1111
1691.42179   -0.0955
1691.42185   -0.0881
1691.42190   -0.1021
1691.42196   -0.0806
1691.42202   -0.0582
1691.42208   -0.0854
1691.42214   -0.0717
1691.42219   -0.0637
1691.42225   -0.0835
1691.42231   -0.0946
1691.42237   -0.1128
1691.42243   -0.0933
1691.42248   -0.0649
1691.42254   -0.0916
1691.42260   -0.0758
1691.42266   -0.0848
1691.42271   -0.0941
1691.42277   -0.0989
1691.42283   -0.0993
1691.42289   -0.1104
1691.42295   -0.0843
1691.42300   -0.0762
1691.42306   -0.0904
1691.42312   -0.0708
1691.42318   -0.0909
1691.42324   -0.0929
1691.42329   -0.0740
1691.42335   -0.1056
1691.42341   -0.0892
1691.42347   -0.1021
1691.42352   -0.0825
1691.42358   -0.0866
1691.42364   -0.1243
1691.42370   -0.1168
1691.42376   -0.1108
1691.42381   -0.1053
1691.42387   -0.1268
1691.42393   -0.1478
1691.42399   -0.1544
1691.42405   -0.1246
1691.42410   -0.0979
1691.42416   -0.1158
1691.42422   -0.1001
1691.42428   -0.1063
1691.42433   -0.1197
1691.42439   -0.1211
1691.42445   -0.1041
1691.42451   -0.1082
1691.42457   -0.0844
1691.42462   -0.1176
1691.42468   -0.1060
1691.42474   -0.1081
1691.42480   -0.1109
1691.42486   -0.0922
1691.42491   -0.1173
1691.42497   -0.1257
1691.42503   -0.1218
1691.42509   -0.1184
1691.42515   -0.1212
1691.42520   -0.1087
1691.42526   -0.1401
1691.42532   -0.1411
1691.42538   -0.1224
1691.42543   -0.1008
1691.42549   -0.1269
1691.42555   -0.0918
1691.42561   -0.1270
1691.42567   -0.1399
1691.42572   -0.1366
1691.42578   -0.1037
1691.42584   -0.1310
1691.42590   -0.1554
1691.42596   -0.1284
1691.42601   -0.1458
1691.42607   -0.1175
1691.42613   -0.1277
1691.42619   -0.1327
1691.42624   -0.1451
1691.42630   -0.1317
1691.42636   -0.1623
1691.42642   -0.1269
1691.42648   -0.1602
1691.42653   -0.1352
1691.42659   -0.1375
1691.42665   -0.1360
1691.42671   -0.1378
1691.42677   -0.1367
1691.42682   -0.0978
1691.42688   -0.1302
1691.42694   -0.1149
1691.42700   -0.1184
1691.42705   -0.1404
1691.42711   -0.1321
1691.42717   -0.1453
1691.42723   -0.1433
1691.42729   -0.1387
1691.42734   -0.1519
1691.42740   -0.1299
1691.42746   -0.1457
1691.42752   -0.1291
1691.42758   -0.1366
1691.42763   -0.1285
1691.42769   -0.0982
1691.42775   -0.1202
1691.42781   -0.1265
1691.42787   -0.1192
1691.42792   -0.1155
1691.42798   -0.1133
1691.42804   -0.1112
1691.42810   -0.1051
1691.42815   -0.1044
1691.42821   -0.1225
1691.42827   -0.0881
1691.42833   -0.0907
1691.42839   -0.0854
1691.42844   -0.1048
1691.42850   -0.1226
1691.42856   -0.0853
1691.42862   -0.1027
1691.42868   -0.0981
1691.42873   -0.0717
1691.42879   -0.0902
1691.42885   -0.1067
1691.42891   -0.0901
1691.42896   -0.1101
1691.42902   -0.0928
1691.42908   -0.1026
1691.42914   -0.1229
1691.42920   -0.1091
1691.42925   -0.0845
1691.42931   -0.1169
1691.42937   -0.0903
1691.42943   -0.0889
1691.42949   -0.0781
1691.42954   -0.0923
1691.42960   -0.0632
1691.42966   -0.0991
1691.42972   -0.0840
1691.42977   -0.0697
1691.42983   -0.0659
1691.42989   -0.1043
1691.42995   -0.0969
1691.43001   -0.0962
1691.43006   -0.0854
1691.43012   -0.0986
1691.43018   -0.0858
1691.43024   -0.1044
1691.43030   -0.0935
1691.43035   -0.1097
1691.43041   -0.1113
1691.43047   -0.1120
1691.43053   -0.0833
1691.43058   -0.0874
1691.43064   -0.0962
1691.43070   -0.1290
1691.43076   -0.1220
1691.43082   -0.0977
1691.43087   -0.1171
1691.43093   -0.1154
1691.43099   -0.0992
1691.43105   -0.1173
1691.43111   -0.1779
1691.43116   -0.1060
1691.43122   -0.1245
1691.43128   -0.1019
1691.43134   -0.1308
1691.43140   -0.1436
1691.43145   -0.1502
1691.43151   -0.1524
1691.43157   -0.1492
1691.43163   -0.1179
1691.43168   -0.1613
1691.43174   -0.1197
1691.43180   -0.1265
1691.43186   -0.1118
1691.43192   -0.1256
1691.43197   -0.1234
1691.43203   -0.1204
1691.43209   -0.1276
1691.43215   -0.1244
1691.43221   -0.1528
1691.43226   -0.1415
1691.43232   -0.1441
1691.43238   -0.1012
1691.43244   -0.1216
1691.43249   -0.1082
1691.43255   -0.1163
1691.43261   -0.1183
1691.43267   -0.1140
1691.43273   -0.1030
1691.43278   -0.0992
1691.43284   -0.0781
1691.43290   -0.1397
1691.43296   -0.0923
1691.43302   -0.0985
1691.43307   -0.1208
1691.43313   -0.1071
1691.43319   -0.1058
1691.43325   -0.1065
1691.43330   -0.1055
1691.43336   -0.1205
1691.43342   -0.1016
1691.43348   -0.1033
1691.43354   -0.1003
1691.43359   -0.0999
1691.43365   -0.1008
1691.43371   -0.1015
1691.43377   -0.0768
1691.43383   -0.1038
1691.43388   -0.1039
1691.43394   -0.1201
1691.43400   -0.1328
1691.43406   -0.1318
1691.43412   -0.1176
1691.43417   -0.1377
1691.43423   -0.1256
1691.43429   -0.1373
1691.43435   -0.1415
1691.43440   -0.1646
1691.43446   -0.1365
1691.43452   -0.1552
1691.43458   -0.1636
1691.43464   -0.1776
1691.43469   -0.1443
1691.43475   -0.1519
1691.43481   -0.1759
1691.43487   -0.1697
1691.43493   -0.1780
1691.43498   -0.1713
1691.43504   -0.1851
1691.43510   -0.1570
1691.43516   -0.1604
1691.43522   -0.1732
1691.43527   -0.1520
1691.43533   -0.1336
1691.43539   -0.1296
1691.43545   -0.1194
1691.43550   -0.1371
1691.43556   -0.1117
1691.43562   -0.1370
1691.43568   -0.1443
1691.43574   -0.1300
1691.43579   -0.0999
1691.43585   -0.1263
1691.43591   -0.1546
1691.43597   -0.1462
1691.43603   -0.1448
1691.43608   -0.1391
1691.43614   -0.1466
1691.43620   -0.1316
1691.43626   -0.1374
1691.43631   -0.1452
1691.43637   -0.1285
1691.43643   -0.1252
1691.43649   -0.1523
1691.43655   -0.1399
1691.43660   -0.1285
1691.43666   -0.1266
1691.43672   -0.1516
1691.43678   -0.1526
1691.43684   -0.1374
1691.43689   -0.1487
1691.43695   -0.1354
1691.43701   -0.1425
1691.43707   -0.1533
1691.43712   -0.1463
1691.43718   -0.1579
1691.43724   -0.1522
1691.43730   -0.1551
1691.43736   -0.1218
1691.43741   -0.1245
1691.43747   -0.1404
1691.43753   -0.1200
1691.43759   -0.1367
1691.43765   -0.1271
1691.43770   -0.1370
1691.43776   -0.1159
1691.43782   -0.1356
1691.43788   -0.1003
1691.43793   -0.0987
1691.43799   -0.1223
1691.43805   -0.1338
1691.43811   -0.1384
1691.43817   -0.1417
1691.43822   -0.1232
1691.43828   -0.1273
1691.43834   -0.1895
1691.43840   -0.1954
1691.43846   -0.1324
1691.43851   -0.1511
1691.43857   -0.1263
1691.43863   -0.1214
1691.43869   -0.0994
1691.43875   -0.1480
1691.43880   -0.1126
1691.43886   -0.1163
1691.43892   -0.1002
1691.43898   -0.1192
1691.43903   -0.1499
1691.43909   -0.1393
1691.43915   -0.1381
1691.43921   -0.1514
1691.43927   -0.1507
1691.43932   -0.1330
1691.43938   -0.1100
1691.43944   -0.1579
1691.43950   -0.1020
1691.43956   -0.1508
1691.43961   -0.1642
1691.43967   -0.1249
1691.43973   -0.1633
1691.43979   -0.1515
1691.43984   -0.1350
1691.43990   -0.1307
1691.43996   -0.1298
1691.44002   -0.1356
1691.44008   -0.1284
1691.44013   -0.1295
1691.44019   -0.1351
1691.44025   -0.1291
1691.44031   -0.1554
1691.44037   -0.1332
1691.44042   -0.1386
1691.44048   -0.1443
1691.44054   -0.1286
1691.44060   -0.1238
1691.44065   -0.1592
1691.44071   -0.1266
1691.44077   -0.1371
1691.44083   -0.1393
1691.44089   -0.1246
1691.44094   -0.1218
1691.44100   -0.1615
1691.44106   -0.1412
1691.44112   -0.1109
1691.44118   -0.1054
1691.44123   -0.1243
1691.44129   -0.1247
1691.44135   -0.0989
1691.44141   -0.1197
1691.44147   -0.1140
1691.44152   -0.0854
1691.44158   -0.0969
1691.44164   -0.0956
1691.44170   -0.0999
1691.44175   -0.1166
1691.44181   -0.1127
1691.44187   -0.0963
1691.44193   -0.1182
1691.44199   -0.0825
1691.44204   -0.1018
1691.44210   -0.1056
1691.44216   -0.1012
1691.44222   -0.1241
1691.44228   -0.0916
1691.44233   -0.1142
1691.44239   -0.1168
1691.44245   -0.1053
1691.44251   -0.1164
1691.44256   -0.1038
1691.44262   -0.1334
1691.44268   -0.1168
1691.44274   -0.1021
1691.44280   -0.1131
1691.44285   -0.1059
1691.44291   -0.0992
1691.44297   -0.0993
1691.44303   -0.1200
1691.44309   -0.0956
1691.44314   -0.1078
1691.44320   -0.1137
1691.44326   -0.1139
1691.44332   -0.1272
1691.44337   -0.1216
1691.44343   -0.0936
1691.44349   -0.0737
1691.44355   -0.1101
1691.44361   -0.1258
1691.44366   -0.1208
1691.44372   -0.1358
1691.44378   -0.1226
1691.44384   -0.1177
1691.44390   -0.1219
1691.44395   -0.1426
1691.44401   -0.1324
1691.44407   -0.1318
1691.44413   -0.1474
1691.44418   -0.1491
1691.44424   -0.1288
1691.44430   -0.1151
1691.44436   -0.1330
1691.44442   -0.1194
1691.44447   -0.1247
1691.44453   -0.1239
1691.44459   -0.1328
1691.44465   -0.1032
1691.44471   -0.1062
1691.44476   -0.1071
1691.44482   -0.1175
1691.44488   -0.0911
1691.44494   -0.1098
1691.44500   -0.1278
1691.44505   -0.1015
1691.44511   -0.0722
1691.44517   -0.1407
1691.44523   -0.1479
1691.44528   -0.1023
1691.44534   -0.1047
1691.44540   -0.0946
1691.44546   -0.1541
1691.44552   -0.1080
1691.44557   -0.1121
1691.44563   -0.0974
1691.44569   -0.0739
1691.44575   -0.1016
1691.44581   -0.0950
1691.44586   -0.0590
1691.44592   -0.1012
1691.44598   -0.0592
1691.44604   -0.0515
1691.44609   -0.0971
1691.44615   -0.0858
1691.44621   -0.0552
1691.44627   -0.0638
1691.44633   -0.0457
1691.44638   -0.0696
1691.44644   -0.0646
1691.44650   -0.0614
1691.44656   -0.0807
1691.44662   -0.0528
1691.44667   -0.0704
1691.44673   -0.0919
1691.44679   -0.0774
1691.44685   -0.0639
1691.44690   -0.0507
1691.44696   -0.0528
1691.44702   -0.0036
1691.44708   -0.0403
1691.44714   -0.0639
1691.44719   -0.0565
1691.44725   -0.0591
1691.44731   -0.0544
1691.44737   -0.0529
1691.44743   -0.0201
1691.44748   -0.0129
1691.44754   -0.0096
1691.44760   -0.0148
1691.44766   -0.0253
1691.44772   -0.0310
1691.44777   -0.0131
1691.44783    0.0012
1691.44789   -0.0184
1691.44795   -0.0382
1691.44800   -0.0195
1691.44806   -0.0052
1691.44812   -0.0046
1691.44818   -0.0068
1691.44824   -0.0039
1691.44829   -0.0023
1691.44835   -0.0167
1691.44841   -0.0028
1691.44847   -0.0092
1691.44853    0.0055
1691.44858   -0.0322
1691.44864    0.0133
1691.44870   -0.0060
1691.44876   -0.0087
1691.44881   -0.0084
1691.44887    0.0140
1691.44893    0.0272
1691.44899   -0.0218
1691.44905   -0.0200
1691.44910   -0.0025
1691.44916   -0.0217
1691.44922   -0.0060
1691.44928   -0.0099
1691.44934   -0.0006
1691.44939   -0.0040
1691.44945   -0.0117
1691.44951   -0.0183
1691.44957   -0.0241
1691.44962   -0.0184
1691.44968   -0.0340
1691.44974   -0.0198
1691.44980   -0.0308
1691.44986   -0.0363
1691.44991   -0.0615
1691.44997   -0.0627
1691.45003   -0.0546
1691.45009   -0.0604
1691.45015   -0.0295
1691.45020   -0.0555
1691.45026   -0.0614
1691.45032   -0.0638
1691.45038   -0.0630
1691.45043   -0.0719
1691.45049   -0.0882
1691.45055   -0.0641
1691.45061   -0.0777
1691.45067   -0.0802
1691.45072   -0.0766
1691.45078   -0.0702
1691.45084   -0.0683
1691.45090   -0.0939
1691.45096   -0.0849
1691.45101   -0.0807
1691.45107   -0.0763
1691.45113   -0.0765
1691.45119   -0.0864
1691.45125   -0.0575
1691.45130   -0.0882
1691.45136   -0.0818
1691.45142   -0.0478
1691.45148   -0.0827
1691.45153   -0.0729
1691.45159   -0.0810
1691.45165   -0.0552
1691.45171   -0.0788
1691.45177   -0.0464
1691.45182   -0.0626
1691.45188   -0.0936
1691.45194   -0.0513
1691.45200   -0.0642
1691.45206   -0.0828
1691.45211   -0.0735
1691.45217   -0.0943
1691.45223   -0.0754
1691.45229   -0.1014
1691.45234   -0.0859
1691.45240   -0.0808
1691.45246   -0.0904
1691.45252   -0.0817
1691.45258   -0.0644
1691.45263   -0.0922
1691.45269   -0.0762
1691.45275   -0.0897
1691.45281   -0.0763
1691.45287   -0.0920
1691.45292   -0.0623
1691.45298   -0.0680
1691.45304   -0.0529
1691.45310   -0.0582
1691.45315   -0.0591
1691.45321   -0.0473
1691.45327   -0.0745
1691.45333   -0.0332
1691.45339   -0.0755
1691.45344   -0.0410
1691.45350   -0.0581
1691.45356   -0.0384
1691.45362   -0.0441
1691.45368   -0.0334
1691.45373   -0.0456
1691.45379   -0.0630
1691.45385   -0.0644
1691.45391   -0.0283
1691.45397   -0.0695
1691.45402   -0.0466
1691.45408   -0.0527
1691.45414   -0.0669
1691.45420   -0.0647
1691.45425   -0.0557
1691.45431   -0.0504
1691.45437   -0.0436
1691.45443   -0.0429
1691.45449   -0.0300
1691.45454   -0.0323
1691.45460   -0.0366
1691.45466   -0.0222
1691.45472   -0.0592
1691.45478   -0.0668
1691.45483   -0.0532
1691.45489   -0.0398
1691.45495   -0.0482
1691.45501   -0.0274
1691.45506   -0.0552
1691.45512   -0.0727
1691.45518   -0.0490
1691.45524   -0.0645
1691.45530   -0.0469
1691.45535   -0.0711
1691.45541   -0.0508
1691.45547   -0.0816
1691.45553   -0.0915
1691.45559   -0.0722
1691.45564   -0.0922
1691.45570   -0.0859
1691.45576   -0.0615
1691.45582   -0.0827
1691.45587   -0.0798
1691.45593   -0.0646
1691.45599   -0.1046
1691.45605   -0.0679
1691.45611   -0.0770
1691.45616   -0.0562
1691.45622   -0.0860
1691.45628   -0.1028
1691.45634   -0.0946
1691.45640   -0.0744
1691.45645   -0.0787
1691.45651   -0.0684
1691.45657   -0.0496
1691.45663   -0.0946
1691.45668   -0.0751
1691.45674   -0.0558
1691.45680   -0.0532
1691.45686   -0.0663
1691.45692   -0.0502
1691.45697   -0.0635
1691.45703   -0.0470
1691.45709   -0.0312
1691.45715   -0.0624
1691.45721   -0.0139
1691.45726   -0.0395
1691.45732   -0.0340
1691.45738   -0.0360
1691.45744   -0.0450
1691.45750   -0.0443
1691.45755   -0.0339
1691.45761   -0.0514
1691.45767   -0.0375
1691.45773   -0.0550
1691.45778   -0.0383
1691.45784   -0.0076
1691.45790   -0.0206
1691.45796   -0.0358
1691.45802   -0.0365
1691.45807   -0.0415
1691.45813   -0.0173
1691.45819   -0.0112
1691.45825   -0.0303
1691.45831   -0.0185
1691.45836   -0.0258
1691.45842   -0.0348
1691.45848   -0.0244
1691.45854   -0.0493
1691.45860   -0.0281
1691.45865   -0.0208
1691.45871   -0.0067
1691.45877   -0.0111
1691.45883   -0.0246
1691.45888   -0.0111
1691.45894   -0.0198
1691.45900   -0.0022
1691.45906   -0.0055
1691.45912    0.0003
1691.45917    0.0029
1691.45923   -0.0043
1691.45929   -0.0387
1691.45935   -0.0059
1691.45941   -0.0222
1691.45946   -0.0570
1691.45952   -0.0218
1691.45958   -0.0133
1691.45964   -0.0152
1691.45969   -0.0283
1691.45975   -0.0013
1691.45981   -0.0292
1691.45987   -0.0300
1691.45993   -0.0268
1691.45998   -0.0330
1691.46004   -0.0255
1691.46010   -0.0063
1691.46016   -0.0594
1691.46022   -0.0174
1691.46027   -0.0410
1691.46033   -0.0344
1691.46039   -0.0215
1691.46045   -0.0159
1691.46050   -0.0232
1691.46056   -0.0147
1691.46062   -0.0512
1691.46068   -0.0409
1691.46074   -0.0596
1691.46079   -0.0706
1691.46085   -0.0228
1691.46091   -0.0192
1691.46097   -0.0244
1691.46103   -0.0376
1691.46108   -0.0404
1691.46114   -0.0342
1691.46120   -0.0269
1691.46126   -0.0272
1691.46132   -0.0521
1691.46137   -0.0269
1691.46143   -0.0422
1691.46149   -0.0486
1691.46155   -0.0251
1691.46160   -0.0193
1691.46166   -0.0188
1691.46172   -0.0691
1691.46178   -0.0415
1691.46184    0.0037
1691.46189   -0.0241
1691.46195    0.0049
1691.46201    0.0005
1691.46207   -0.0168
1691.46213   -0.0335
1691.46218   -0.0381
1691.46224    0.0181
1691.46230    0.0178
1691.46236    0.0252
1691.46241   -0.0525
1691.46247   -0.0254
1691.46253   -0.0293
1691.46259   -0.0044
1691.46265   -0.0031
1691.46270   -0.0188
1691.46276    0.0195
1691.46282   -0.0141
1691.46288   -0.0123
1691.46294   -0.0175
1691.46299   -0.0175
1691.46305   -0.0114
1691.46311   -0.0199
1691.46317   -0.0153
1691.46322    0.0076
1691.46328   -0.0231
1691.46334   -0.0500
1691.46340   -0.0416
1691.46346   -0.0096
1691.46351   -0.0210
1691.46357   -0.0295
1691.46363   -0.0181
1691.46369   -0.0337
1691.46375   -0.0211
1691.46380    0.0156
1691.46386    0.0047
1691.46392   -0.0126
1691.46398   -0.0187
1691.46403   -0.0124
1691.46409    0.0064
1691.46415    0.0030
1691.46421   -0.0082
1691.46427    0.0071
1691.46432    0.0205
1691.46438   -0.0165
1691.46444   -0.0115
1691.46450   -0.0123
1691.46456    0.0066
1691.46461    0.0055
1691.46467   -0.0024
1691.46473   -0.0290
1691.46479   -0.0208
1691.46485   -0.0089
1691.46490   -0.0218
1691.46496   -0.0245
1691.46502   -0.0079
1691.46508   -0.0055
1691.46513   -0.0074
1691.46519    0.0004
1691.46525    0.0177
1691.46531   -0.0148
1691.46537   -0.0180
1691.46542   -0.0024
1691.46548    0.0054
1691.46554    0.0003
1691.46560    0.0027
1691.46566   -0.0228
1691.46571    0.0096
1691.46577    0.0031
1691.46583   -0.0122
1691.46589   -0.0111
1691.46594   -0.0048
1691.46600   -0.0182
1691.46606   -0.0372
1691.46612   -0.0336
1691.46618   -0.0133
1691.46623   -0.0386
1691.46629   -0.0464
1691.46635   -0.0293
1691.46641   -0.0087
1691.46647   -0.0088
1691.46652   -0.0113
1691.46658   -0.0648
1691.46664   -0.0514
1691.46670   -0.0300
1691.46675   -0.0203
1691.46681   -0.0196
1691.46687   -0.0373
1691.46693   -0.0487
1691.46699   -0.0303
1691.46704   -0.0478
1691.46710   -0.0329
1691.46716   -0.0548
1691.46722   -0.0372
1691.46728   -0.0340
1691.46733   -0.0308
1691.46739   -0.0686
1691.46745   -0.0521
1691.46751   -0.0155
1691.46757   -0.0711
1691.46762   -0.0523
1691.46768   -0.0190
1691.46774   -0.0305
1691.46780   -0.0188
1691.46785   -0.0050
1691.46791   -0.0313
1691.46797    0.0070
1691.46803    0.0127
1691.46809    0.0089
1691.46814   -0.0136
1691.46820   -0.0203
1691.46826   -0.0188
1691.46832    0.0098
1691.46838    0.0063
1691.46843    0.0122
1691.46849   -0.0188
1691.46855   -0.0418
1691.46861   -0.0131
1691.46866   -0.0215
1691.46872   -0.0271
1691.46878   -0.0188
1691.46884   -0.0193
1691.46890   -0.0441
1691.46895   -0.0447
1691.46901   -0.0078
1691.46907   -0.0237
1691.46913   -0.0415
1691.46919   -0.0493
1691.46924   -0.0133
1691.46930   -0.0161
1691.46936   -0.0318
1691.46942   -0.0559
1691.46947   -0.0163
1691.46953   -0.0468
1691.46959   -0.0182
1691.46965   -0.0307
1691.46971   -0.0462
1691.46976   -0.0328
1691.46982   -0.0684
1691.46988   -0.0290
1691.46994   -0.0711
1691.47000   -0.0806
1691.47005   -0.0398
1691.47011   -0.0373
1691.47017   -0.0465
1691.47023   -0.0404
1691.47028   -0.0254
1691.47034   -0.0461
1691.47040   -0.0543
1691.47046   -0.0027
1691.47052   -0.0545
1691.47057   -0.0480
1691.47063   -0.0272
1691.47069   -0.0356
1691.47075   -0.0326
1691.47081   -0.0477
1691.47086   -0.0347
1691.47092   -0.0265
1691.47098   -0.0195
1691.47104   -0.0442
1691.47110   -0.0635
1691.47115   -0.0382
1691.47121   -0.0559
1691.47127   -0.0446
1691.47133   -0.0559
1691.47138   -0.0636
1691.47144   -0.0552
1691.47150   -0.0654
1691.47156   -0.0269
1691.47162   -0.0462
1691.47167   -0.0541
1691.47173   -0.0453
1691.47179   -0.0835
1691.47185   -0.0328
1691.47191   -0.0681
1691.47196   -0.0496
1691.47202   -0.0645
1691.47208   -0.0874
1691.47214   -0.0521
1691.47219   -0.0679
1691.47225   -0.0371
1691.47231   -0.0535
1691.47237   -0.0468
1691.47243   -0.0417
1691.47248   -0.0192
1691.47254    0.0109
1691.47260   -0.0302
1691.47266   -0.0549
1691.47272   -0.0316
1691.47277   -0.0213
1691.47283   -0.0395
1691.47289   -0.0366
1691.47295   -0.0204
1691.47300   -0.0341
1691.47306   -0.0349
1691.47312   -0.0368
1691.47318   -0.0383
1691.47324    0.0032
1691.47329   -0.0256
1691.47335    0.0138
1691.47341   -0.0331
1691.47347   -0.0266
1691.47353   -0.0361
1691.47358   -0.0208
1691.47364   -0.0337
1691.47370   -0.0467
1691.47376   -0.0374
1691.47382   -0.0027
1691.47387   -0.0402
1691.47393   -0.0270
1691.47399   -0.0084
1691.47405   -0.0104
1691.47410   -0.0242
1691.47416   -0.0364
1691.47422   -0.0406
1691.47428   -0.0724
1691.47434   -0.0220
1691.47439   -0.0099
1691.47445   -0.0118
1691.47451   -0.0206
1691.47457   -0.0457
1691.47463   -0.0713
1691.47468   -0.0603
1691.47474   -0.0431
1691.47480   -0.0460
1691.47486   -0.0416
1691.47491   -0.0623
1691.47497   -0.0704
1691.47503   -0.0701
1691.47509   -0.0765
1691.47515   -0.0846
1691.47520   -0.0802
1691.47526   -0.1005
1691.47532   -0.0907
1691.47538   -0.0658
1691.47544   -0.0508
1691.47549   -0.1008
1691.47555   -0.0808
1691.47561   -0.0800
1691.47567   -0.0721
1691.47572   -0.0599
1691.47578   -0.0731
1691.47584   -0.0856
1691.47590   -0.0736
1691.47596   -0.0187
1691.47601   -0.0663
1691.47607   -0.0596
1691.47613   -0.0579
1691.47619   -0.1068
1691.47625   -0.0483
1691.47630   -0.0392
1691.47636   -0.0348
1691.47642   -0.0409
1691.47648   -0.0344
1691.47653   -0.0534
1691.47659   -0.0468
1691.47665   -0.0510
1691.47671   -0.0769
1691.47677   -0.0488
1691.47682   -0.0410
1691.47688   -0.0475
1691.47694   -0.0419
1691.47700   -0.0841
1691.47706   -0.0586
1691.47711   -0.0758
1691.47717   -0.0731
1691.47723   -0.0608
1691.47729   -0.0901
1691.47735   -0.0580
1691.47740   -0.0369
1691.47746   -0.0503
1691.47752   -0.0668
1691.47758   -0.0289
1691.47763   -0.0681
1691.47769   -0.0378
1691.47775   -0.0542
1691.47781   -0.0445
1691.47787   -0.0586
1691.47792   -0.0221
1691.47798   -0.0266
1691.47804   -0.0372
1691.47810   -0.0409
1691.47816   -0.0687
1691.47821   -0.0686
1691.47827   -0.0401
1691.47833   -0.0145
1691.47839   -0.0407
1691.47844   -0.0280
1691.47850   -0.0180
1691.47856   -0.0226
1691.47862    0.0016
1691.47868   -0.0291
1691.47873   -0.0258
1691.47879   -0.0188
1691.47885   -0.0297
1691.47891   -0.0180
1691.47897   -0.0177
1691.47902   -0.0106
1691.47908   -0.0512
1691.47914   -0.0417
1691.47949   -0.0632
1691.47954   -0.0584
1691.47960   -0.0332
1691.47966   -0.0437
1691.47972   -0.0448
1691.47978   -0.0641
1691.47983   -0.0484
1691.47989   -0.0659
1691.47995   -0.0361
1691.48001   -0.0558
1691.48007   -0.0422
1691.48012   -0.0720
1691.48018   -0.0231
1691.48024   -0.0533
1691.48030   -0.0443
1691.48035   -0.0329
1691.48041   -0.0711
1691.48047   -0.0495
1691.48053   -0.0653
1691.48059   -0.0700
1691.48064   -0.0669
1691.48070   -0.0579
1691.48076   -0.0636
1691.48082   -0.0597
1691.48088   -0.0442
1691.48093   -0.0559
1691.48099   -0.0651
1691.48105   -0.0417
1691.48111   -0.0641
1691.48116   -0.0629
1691.48122   -0.0450
1691.48128   -0.0651
1691.48134   -0.0451
1691.48140   -0.0468
1691.48145   -0.0590
1691.48151   -0.0331
1691.48169   -0.0558
1691.48174   -0.0633
1691.48180   -0.0340
1691.48186   -0.0578
1691.48192   -0.0297
1691.48198   -0.0287
1691.48203   -0.0372
1691.48209   -0.0359
1691.48215   -0.0215
1691.48221   -0.0270
1691.48226   -0.0355
1691.48232   -0.0185
1691.48238   -0.0305
1691.48244   -0.0334
1691.48250   -0.0200
1691.48255   -0.0213
1691.48261   -0.0549
1691.48267   -0.0674
1691.48273   -0.0345
1691.48279   -0.0543
1691.48284   -0.0523
1691.48290   -0.0320
1691.48296   -0.0367
1691.48302   -0.0186
1691.48307   -0.0408
1691.48313   -0.0416
1691.48319   -0.0058
1691.48325   -0.0127
1691.48331   -0.0250
1691.48336   -0.0205
1691.48342    0.0080
1691.48348    0.0109
1691.48354    0.0117
1691.48360    0.0165
1691.48365    0.0336
1691.48371    0.0546
1691.48377    0.0548
1691.48383    0.0730
1691.48388    0.0419
1691.48394    0.0403
1691.48400    0.0749
1691.48406    0.0826
1691.48412    0.0911
1691.48417    0.1116
1691.48423    0.1232
1691.48429    0.1430
1691.48435    0.1084
1691.48441    0.1273
1691.48446    0.1595
1691.48452    0.1722
1691.48458    0.1689
1691.48464    0.1964
1691.48470    0.2159
1691.48475    0.2437
1691.48481    0.2496
1691.48487    0.2590
1691.48493    0.2743
1691.48498    0.2595
1691.48504    0.3232
1691.48510    0.3428
1691.48516    0.3452
1691.48522    0.4002
1691.48527    0.4116
1691.48533    0.5049
1691.48539    0.5434
1691.48545    0.5546
1691.48551    0.6093
1691.48556    0.6456
1691.48562    0.6576
1691.48568    0.6652
1691.48574    0.7423
1691.48579    0.8210
1691.48585    0.7946
1691.48591    0.8609
1691.48597    0.8710
1691.48603    0.9335
1691.48608    0.9612
1691.48614    1.0330
1691.48620    1.0714
1691.48626    1.1204
1691.48632    1.1436
1691.48637    1.2150
1691.48643    1.3070
1691.48649    1.2753
1691.48655    1.3234
1691.48660    1.3382
1691.48666    1.4215
1691.48672    1.4258
1691.48678    1.4863
1691.48684    1.5515
1691.48689    1.5729
1691.48695    1.5343
1691.48701    1.6310
1691.48707    1.6115
1691.48713    1.6454
1691.48718    1.5824
1691.48724    1.6679
1691.48730    1.7362
1691.48736    1.6629
1691.48741    1.7122
1691.48747    1.7153
1691.48753    1.7113
1691.48759    1.7671
1691.48765    1.7299
1691.48770    1.6849
1691.48776    1.7387
1691.48782    1.6694
1691.48788    1.6670
1691.48794    1.6402
1691.48799    1.5816
1691.48805    1.5159
1691.48811    1.5662
1691.48817    1.5934
1691.48823    1.4781
1691.48828    1.4796
1691.48834    1.4956
1691.48840    1.4008
1691.48846    1.3531
1691.48851    1.3408
1691.48857    1.2486
1691.48863    1.2462
1691.48869    1.2258
1691.48875    1.1429
1691.48880    1.1175
1691.48886    1.0698
1691.48892    0.9969
1691.48898    0.9366
1691.48904    0.9305
1691.48909    0.9149
1691.48915    0.8272
1691.48921    0.7495
1691.48927    0.6936
1691.48932    0.6610
1691.48938    0.6596
1691.48944    0.6047
1691.48950    0.5890
1691.48956    0.4901
1691.48961    0.4846
1691.48967    0.4658
1691.48973    0.4004
1691.48979    0.3853
1691.48985    0.3642
1691.48990    0.3453
1691.48996    0.3405
1691.49002    0.3336
1691.49008    0.3408
1691.49013    0.2587
1691.49019    0.2680
1691.49025    0.2382
1691.49031    0.2202
1691.49037    0.2154
1691.49042    0.1866
1691.49048    0.1762
1691.49054    0.1494
1691.49066    0.1614
1691.49071    0.1339
1691.49077    0.1026
1691.49083    0.1152
1691.49089    0.1149
1691.49095    0.1098
1691.49100    0.0875
1691.49106    0.0572
1691.49112    0.0774
1691.49118    0.0758
1691.49123    0.1011
1691.49129    0.0862
1691.49135    0.0720
1691.49141    0.0641
1691.49147    0.0524
1691.49152    0.0636
1691.49158    0.0500
1691.49164    0.0541
1691.49170    0.0411
1691.49176    0.0437
1691.49181    0.0574
1691.49187    0.0422
1691.49193    0.0642
1691.49199    0.0252
1691.49204    0.0096
1691.49210    0.0275
1691.49216    0.0308
1691.49222    0.0458
1691.49228    0.0490
1691.49233    0.0022
1691.49239    0.0464
1691.49245    0.0520
1691.49251    0.0390
1691.49257    0.0336
1691.49262    0.0059
1691.49268    0.0231
1691.49274    0.0261
1691.49280    0.0281
1691.49285    0.0276
1691.49291    0.0278
1691.49297   -0.0134
1691.49303   -0.0112
1691.49309    0.0183
1691.49314    0.0122
1691.49320   -0.0109
1691.49326   -0.0103
1691.49332   -0.0126
1691.49338   -0.0294
1691.49343   -0.0183
1691.49349    0.0087
1691.49355   -0.0019
1691.49361   -0.0090
1691.49366   -0.0323
1691.49372   -0.0243
1691.49378   -0.0102
1691.49384   -0.0037
1691.49390   -0.0366
1691.49395   -0.0429
1691.49401   -0.0342
1691.49407   -0.0444
1691.49413   -0.0384
1691.49419   -0.0486
1691.49424   -0.0383
1691.49430   -0.0423
1691.49436   -0.0572
1691.49442   -0.0380
1691.49448   -0.0219
1691.49453   -0.0630
1691.49459   -0.0387
1691.49465   -0.0213
1691.49471   -0.0385
1691.49476   -0.0916
1691.49482   -0.0444
1691.49488   -0.0678
1691.49494   -0.0556
1691.49500   -0.0950
1691.49505   -0.0817
1691.49511   -0.0721
1691.49517   -0.1043
1691.49523   -0.0892
1691.49529   -0.0932
1691.49534   -0.0776
1691.49540   -0.0746
1691.49546   -0.0756
1691.49552   -0.0361
1691.49557   -0.0942
1691.49563   -0.0952
1691.49569   -0.0963
1691.49575   -0.0874
1691.49581   -0.0917
1691.49586   -0.0946
1691.49592   -0.0876
1691.49598   -0.1078
1691.49610   -0.0868
1691.49615   -0.1059
1691.49621   -0.0868
1691.49627   -0.1052
1691.49633   -0.0636
1691.49638   -0.1054
1691.49644   -0.1145
1691.49650   -0.0814
1691.49656   -0.1131
1691.49662   -0.0821
1691.49667   -0.0830
1691.49673   -0.0848
1691.49679   -0.1015
1691.49685   -0.0794
1691.49691   -0.0852
1691.49696   -0.0633
1691.49702   -0.1153
1691.49708   -0.0880
1691.49714   -0.0783
1691.49720   -0.0896
1691.49725   -0.0820
1691.49731   -0.0840
1691.49737   -0.0681
1691.49743   -0.0922
1691.49748   -0.0723
1691.49754   -0.0912
1691.49760   -0.0629
1691.49766   -0.1082
1691.49772   -0.1135
1691.49777   -0.1238
1691.49783   -0.1181
1691.49789   -0.0918
1691.49795   -0.0871
1691.49801   -0.1242
1691.49806   -0.0843
1691.49812   -0.1201
1691.49818   -0.0645
1691.49824   -0.0728
1691.49829   -0.0660
1691.49835   -0.0868
1691.49841   -0.0937
1691.49847   -0.0896
1691.49853   -0.0713
1691.49858   -0.0649
1691.49864   -0.0792
1691.49870   -0.0668
1691.49876   -0.0696
1691.49882   -0.1000
1691.49887   -0.0928
1691.49893   -0.0870
1691.49899   -0.0940
1691.49905   -0.0929
1691.49910   -0.1288
1691.49916   -0.1213
1691.49922   -0.0933
1691.49928   -0.1265
1691.49934   -0.1171
1691.49939   -0.1333
1691.49945   -0.1317
1691.49951   -0.1146
1691.49957   -0.1515
1691.49963   -0.1038
1691.49968   -0.1346
1691.49974   -0.1526
1691.49980   -0.1529
1691.49986   -0.1501
1691.49992   -0.1035
1691.49997   -0.1009
1691.50003   -0.1225
1691.50009   -0.1391
1691.50015   -0.1086
1691.50020   -0.1429
1691.50026   -0.1127
1691.50032   -0.1422
1691.50038   -0.1582
1691.50044   -0.1590
1691.50049   -0.1266
1691.50055   -0.1244
1691.50061   -0.1361
1691.50067   -0.1294
1691.50073   -0.1447
1691.50078   -0.1565
1691.50084   -0.1360
1691.50090   -0.1630
1691.50096   -0.1493
1691.50101   -0.1453
1691.50107   -0.1399
1691.50113   -0.1405
1691.50119   -0.1483
1691.50125   -0.1571
1691.50130   -0.1631
1691.50136   -0.1524
1691.50142   -0.1635
1691.50148   -0.1431
1691.50154   -0.1443
1691.50159   -0.1331
1691.50165   -0.1482
1691.50171   -0.1471
1691.50177   -0.1468
1691.50183   -0.1548
1691.50188   -0.1683
1691.50194   -0.1846
1691.50200   -0.1488
1691.50206   -0.1579
1691.50211   -0.1492
1691.50217   -0.1621
1691.50223   -0.1522
1691.50229   -0.1264
1691.50235   -0.1426
1691.50240   -0.1392
1691.50246   -0.1443
1691.50252   -0.1227
1691.50258   -0.1411
1691.50264   -0.1329
1691.50269   -0.1517
1691.50275   -0.1448
1691.50281   -0.1230
1691.50287   -0.1205
1691.50292   -0.1328
1691.50298   -0.1343
1691.50304   -0.1478
1691.50310   -0.1711
1691.50316   -0.1417
1691.50321   -0.1372
1691.50327   -0.1635
1691.50333   -0.1545
1691.50339   -0.1431
1691.50345   -0.1383
1691.50350   -0.1563
1691.50356   -0.1572
1691.50362   -0.1767
1691.50368   -0.1913
1691.50373   -0.1380
1691.50379   -0.1563
1691.50385   -0.1600
1691.50391   -0.1843
1691.50397   -0.1577
1691.50402   -0.1733
1691.50408   -0.1448
1691.50414   -0.1489
1691.50420   -0.1538
1691.50426   -0.1745
1691.50431   -0.1892
1691.50437   -0.1709
1691.50443   -0.1701
1691.50449   -0.2096
1691.50454   -0.1688
1691.50460   -0.1752
1691.50466   -0.1877
1691.50472   -0.1918
1691.50478   -0.1890
1691.50483   -0.1807
1691.50489   -0.1864
1691.50495   -0.1833
1691.50501   -0.2111
1691.50512   -0.2117
1691.50518   -0.1938
1691.50524   -0.1672
1691.50530   -0.1820
1691.50536   -0.1721
1691.50541   -0.1599
1691.50547   -0.1645
1691.50553   -0.1921
1691.50559   -0.1652
1691.50564   -0.1599
1691.50570   -0.1260
1691.50576   -0.1434
1691.50582   -0.1567
1691.50588   -0.1682
1691.50593   -0.1252
1691.50599   -0.1412
1691.50605   -0.1450
1691.50611   -0.1232
1691.50617   -0.1100
1691.50622   -0.1330
1691.50628   -0.1179
1691.50634   -0.1449
1691.50640   -0.1206
1691.50645   -0.1174
1691.50651   -0.1181
1691.50657   -0.1198
1691.50663   -0.1339
1691.50669   -0.1286
1691.50674   -0.1242
1691.50680   -0.1306
1691.50686   -0.0932
1691.50692   -0.1196
1691.50698   -0.1449
1691.50703   -0.1873
1691.50709   -0.1251
1691.50715   -0.0902
1691.50721   -0.1016
1691.50726   -0.0953
1691.50732   -0.0894
1691.50738   -0.1103
1691.50744   -0.0908
1691.50750   -0.0932
1691.50755   -0.0877
1691.50761   -0.1040
1691.50767   -0.0994
1691.50773   -0.0853
1691.50779   -0.0987
1691.50784   -0.0948
1691.50790   -0.0797
1691.50796   -0.0670
1691.50802   -0.0817
1691.50808   -0.1054
1691.50813   -0.1037
1691.50819   -0.0934
1691.50825   -0.0931
1691.50831   -0.0532
1691.50836   -0.0858
1691.50842   -0.0773
1691.50848   -0.0671
1691.50854   -0.0836
1691.50860   -0.0945
1691.50865   -0.0585
1691.50871   -0.0681
1691.50877   -0.0870
1691.50883   -0.1019
1691.50889   -0.0933
1691.50894   -0.0847
1691.50900   -0.0967
1691.50906   -0.1208
1691.50912   -0.1235
1691.50917   -0.1151
1691.50923   -0.1527
1691.50929   -0.1342
1691.50935   -0.1441
1691.50941   -0.1247
1691.50946   -0.1244
1691.50952   -0.1376
1691.50958   -0.1330
1691.50964   -0.1187
1691.50970   -0.1451
1691.50975   -0.1109
1691.50981   -0.1163
1691.50987   -0.1196
1691.50993   -0.1235
1691.50998   -0.1224
1691.51004   -0.1216
1691.51010   -0.1127
1691.51016   -0.0935
1691.51022   -0.0811
1691.51027   -0.1088
1691.51033   -0.0883
1691.51039   -0.1019
1691.51056   -0.1284
1691.51062   -0.1229
1691.51068   -0.1167
1691.51074   -0.1151
1691.51079   -0.1115
1691.51085   -0.1256
1691.51091   -0.1288
1691.51097   -0.1365
1691.51103   -0.1295
1691.51108   -0.1507
1691.51114   -0.1110
1691.51120   -0.1620
1691.51126   -0.1128
1691.51132   -0.1175
1691.51137   -0.1169
1691.51143   -0.1244
1691.51149   -0.1534
1691.51155   -0.1220
1691.51161   -0.1152
1691.51166   -0.1381
1691.51172   -0.1382
1691.51178   -0.1488
1691.51184   -0.1244
1691.51189   -0.1376
1691.51195   -0.1534
1691.51201   -0.1457
1691.51207   -0.1263
1691.51213   -0.1652
1691.51218   -0.1322
1691.51224   -0.1617
1691.51230   -0.1838
1691.51236   -0.1520
1691.51242   -0.1612
1691.51247   -0.1655
1691.51253   -0.1525
1691.51259   -0.1725
1691.51265   -0.1855
1691.51270   -0.1482
1691.51276   -0.1710
1691.51282   -0.1529
1691.51288   -0.1557
1691.51294   -0.1579
1691.51299   -0.1689
1691.51305   -0.1379
1691.51311   -0.1858
1691.51317   -0.1762
1691.51323   -0.1569
1691.51328   -0.2025
1691.51334   -0.1818
1691.51340   -0.1808
1691.51346   -0.1866
1691.51351   -0.1683
1691.51357   -0.2091
1691.51363   -0.1965
1691.51369   -0.1918
1691.51375   -0.1815
1691.51380   -0.1869
1691.51386   -0.2043
1691.51392   -0.2147
1691.51398   -0.1990
1691.51404   -0.2051
1691.51409   -0.2190
1691.51415   -0.2107
1691.51421   -0.1677
1691.51427   -0.1943
1691.51433   -0.1888
1691.51438   -0.1869
1691.51444   -0.1804
1691.51450   -0.1913
1691.51456   -0.1917
1691.51461   -0.1815
1691.51467   -0.2000
1691.51473   -0.2110
1691.51479   -0.1864
1691.51485   -0.1686
1691.51490   -0.1787
1691.51496   -0.2140
1691.51502   -0.1958
1691.51508   -0.2137
1691.51514   -0.1843
1691.51519   -0.1956
1691.51525   -0.1827
1691.51531   -0.1902
1691.51537   -0.2076
1691.51542   -0.2113
1691.51548   -0.1976
1691.51554   -0.2165
1691.51560   -0.2164
1691.51566   -0.1904
1691.51571   -0.1670
1691.51577   -0.1741
1691.51583   -0.2246
1691.51589   -0.2344
1691.51595   -0.2139
1691.51600   -0.2065
1691.51606   -0.2024
1691.51612   -0.2291
1691.51618   -0.2063
1691.51623   -0.1784
1691.51629   -0.1803
1691.51635   -0.2023
1691.51641   -0.2013
1691.51647   -0.1640
1691.51652   -0.1902
1691.51658   -0.1833
1691.51664   -0.1882
1691.51670   -0.1900
1691.51676   -0.1800
1691.51681   -0.1621
1691.51687   -0.1893
1691.51693   -0.2027
1691.51699   -0.1702
1691.51704   -0.1881
1691.51710   -0.1759
1691.51716   -0.1657
1691.51722   -0.1418
1691.51728   -0.1633
1691.51733   -0.1731
1691.51739   -0.1755
1691.51745   -0.1468
1691.51751   -0.1770
1691.51757   -0.1475
1691.51762   -0.1802
1691.51768   -0.1525
1691.51774   -0.1542
1691.51780   -0.1381
1691.51786   -0.1311
1691.51791   -0.1427
1691.51797   -0.1241
1691.51803   -0.1155
1691.51809   -0.1473
1691.51814   -0.1209
1691.51820   -0.1382
1691.51826   -0.1079
1691.51832   -0.1274
1691.51838   -0.1252
1691.51843   -0.1095
1691.51849   -0.1341
1691.51855   -0.1496
1691.51861   -0.1328
1691.51867   -0.1466
1691.51872   -0.1357
1691.51878   -0.1142
1691.51884   -0.1436
1691.51890   -0.1268
1691.51895   -0.1209
1691.51901   -0.1120
1691.51907   -0.1438
1691.51913   -0.1241
1691.51919   -0.1214
1691.51924   -0.1311
1691.51930   -0.1239
1691.51936   -0.0956
1691.51942   -0.1261
1691.51953   -0.1175
1691.51959   -0.0789
1691.51965   -0.1244
1691.51971   -0.0976
1691.51976   -0.0902
1691.51982   -0.0787
1691.51988   -0.0746
1691.51994   -0.0907
1691.52000   -0.1012
1691.52005   -0.1143
1691.52011   -0.0987
1691.52017   -0.0639
1691.52023   -0.0532
1691.52029   -0.0831
1691.52034   -0.1049
1691.52040   -0.0954
1691.52046   -0.0964
1691.52052   -0.0933
1691.52058   -0.1168
1691.52063   -0.0986
1691.52069   -0.0868
1691.52075   -0.0975
1691.52081   -0.0959
1691.52086   -0.0987
1691.52092   -0.0883
1691.52098   -0.0758
1691.52104   -0.0935
1691.52110   -0.0845
1691.52115   -0.1022
1691.52121   -0.1043
1691.52127   -0.0951
1691.52133   -0.0851
1691.52139   -0.0975
1691.52144   -0.1277
1691.52150   -0.0918
1691.52156   -0.0778
1691.52162   -0.0566
1691.52167   -0.0717
1691.52173   -0.0309
1691.52179   -0.0469
1691.52185   -0.0550
1691.52191   -0.0617
1691.52196   -0.0527
1691.52202   -0.0446
1691.52208   -0.0490
1691.52214   -0.0412
1691.52220   -0.0669
1691.52225   -0.0277
1691.52231   -0.0436
1691.52237   -0.0605
1691.52243   -0.0558
1691.52249   -0.0573
1691.52254   -0.0800
1691.52260   -0.0756
1691.52266   -0.0743
1691.52272   -0.0879
1691.52277   -0.0602
1691.52283   -0.0776
1691.52289   -0.0948
1691.52295   -0.0627
1691.52301   -0.0758
1691.52306   -0.0284
1691.52312   -0.0649
1691.52318   -0.0593
1691.52324   -0.1063
1691.52330   -0.0546
1691.52335   -0.0904
1691.52341   -0.0581
1691.52347   -0.0638
1691.52353   -0.0811
1691.52358   -0.0969
1691.52364   -0.0784
1691.52370   -0.0875
1691.52376   -0.0722
1691.52382   -0.0956
1691.52387   -0.1146
1691.52393   -0.0867
1691.52399   -0.0753
1691.52405   -0.0877
1691.52411   -0.0956
1691.52416   -0.1085
1691.52422   -0.1291
1691.52428   -0.1108
1691.52434   -0.0762
1691.52439   -0.0874
1691.52445   -0.0943
1691.52451   -0.1132
1691.52457   -0.0627
1691.52463   -0.0739
1691.52468   -0.0708
1691.52474   -0.0693
1691.52480   -0.0653
1691.52497   -0.0652
1691.52503   -0.0331
1691.52509   -0.0525
1691.52515   -0.0358
1691.52521   -0.0266
1691.52526   -0.0228
1691.52532   -0.0126
1691.52538   -0.0111
1691.52544   -0.0264
1691.52549   -0.0358
1691.52555   -0.0141
1691.52561   -0.0101
1691.52567   -0.0334
1691.52573   -0.0406
1691.52578   -0.0089
1691.52584   -0.0046
1691.52590   -0.0289
1691.52596   -0.0292
1691.52602   -0.0442
1691.52607   -0.0160
1691.52613   -0.0390
1691.52619   -0.0368
1691.52625   -0.0162
1691.52630   -0.0269
1691.52636   -0.0305
1691.52642   -0.0418
1691.52648   -0.0370
1691.52654   -0.0307
1691.52659   -0.0615
1691.52665   -0.0693
1691.52671   -0.0263
1691.52677   -0.0329
1691.52683   -0.0642
1691.52688   -0.0174
1691.52694   -0.0215
1691.52700   -0.0310
1691.52706   -0.0075
1691.52711   -0.0300
1691.52717   -0.0002
1691.52723   -0.0355
1691.52729   -0.0316
1691.52735   -0.0379
1691.52740   -0.0499
1691.52746   -0.0650
1691.52752   -0.0246
1691.52758   -0.0453
1691.52764   -0.0513
1691.52769   -0.0199
1691.52775   -0.0327
1691.52781   -0.0631
1691.52787   -0.0470
1691.52792   -0.0489
1691.52798   -0.0675
1691.52804   -0.0884
1691.52810   -0.0603
1691.52816   -0.0789
1691.52821   -0.0965
1691.52827   -0.0781
1691.52833   -0.0746
1691.52839   -0.0948
1691.52845   -0.0997
1691.52850   -0.0867
1691.52856   -0.0677
1691.52862   -0.0844
1691.52868   -0.0981
1691.52874   -0.0916
1691.52879   -0.0719
1691.52885   -0.0680
1691.52891   -0.0728
1691.52897   -0.0996
1691.52902   -0.0791
1691.52908   -0.0826
1691.52914   -0.0898
1691.52920   -0.0947
1691.52926   -0.1193
1691.52931   -0.1021
1691.52937   -0.0842
1691.52943   -0.0890
1691.52949   -0.0983
1691.52955   -0.0840
1691.52960   -0.0879
1691.52966   -0.0887
1691.52972   -0.0764
1691.52978   -0.1030
1691.52983   -0.1025
1691.52989   -0.1195
1691.52995   -0.0921
1691.53001   -0.0985
1691.53007   -0.1083
1691.53012   -0.0931
1691.53018   -0.0862
1691.53024   -0.1014
1691.53030   -0.0979
1691.53036   -0.0855
1691.53041   -0.0987
1691.53047   -0.0755
1691.53053   -0.0897
1691.53059   -0.0945
1691.53064   -0.0838
1691.53070   -0.0766
1691.53076   -0.0825
1691.53082   -0.0990
1691.53088   -0.0886
1691.53093   -0.1001
1691.53099   -0.0949
1691.53105   -0.0524
1691.53111   -0.0858
1691.53117   -0.1083
1691.53122   -0.0953
1691.53128   -0.0947
1691.53134   -0.0898
1691.53140   -0.1328
1691.53146   -0.1070
1691.53151   -0.0944
1691.53157   -0.1163
1691.53163   -0.0800
1691.53169   -0.0804
1691.53174   -0.1038
1691.53180   -0.0961
1691.53186   -0.0963
1691.53192   -0.1087
1691.53198   -0.0892
1691.53203   -0.0964
1691.53209   -0.0798
1691.53215   -0.0854
1691.53221   -0.1023
1691.53227   -0.0654
1691.53232   -0.1082
1691.53238   -0.0891
1691.53244   -0.1042
1691.53250   -0.0835
1691.53255   -0.0768
1691.53261   -0.0839
1691.53267   -0.0776
1691.53273   -0.0787
1691.53279   -0.0756
1691.53284   -0.0888
1691.53290   -0.0677
1691.53296   -0.0833
1691.53302   -0.1062
1691.53308   -0.0929
1691.53313   -0.0997
1691.53319   -0.1136
1691.53325   -0.1180
1691.53331   -0.1151
1691.53336   -0.1121
1691.53342   -0.1089
1691.53348   -0.1028
1691.53354   -0.1277
1691.53360   -0.1221
1691.53365   -0.1100
1691.53371   -0.0992
1691.53377   -0.1094
1691.53383   -0.1102
1691.53394   -0.1170
1691.53400   -0.1027
1691.53406   -0.0899
1691.53412   -0.0974
1691.53417   -0.0981
1691.53423   -0.0797
1691.53429   -0.0495
1691.53435   -0.0737
1691.53441   -0.0590
1691.53446   -0.0805
1691.53452   -0.0996
1691.53458   -0.0820
1691.53470   -0.0969
1691.53475   -0.1089
1691.53481   -0.0847
1691.53487   -0.0635
1691.53493   -0.0800
1691.53499   -0.0975
1691.53504   -0.0964
1691.53510   -0.0880
1691.53516   -0.0937
1691.53522   -0.1066
1691.53527   -0.0694
1691.53533   -0.1041
1691.53539   -0.0880
1691.53545   -0.0953
1691.53551   -0.0730
1691.53556   -0.0813
1691.53562   -0.1052
1691.53568   -0.1125
1691.53574   -0.1129
1691.53580   -0.0965
1691.53585   -0.1512
1691.53591   -0.1174
1691.53597   -0.0933
1691.53603   -0.0937
1691.53608   -0.0648
1691.53614   -0.0873
1691.53620   -0.1001
1691.53626   -0.0771
1691.53632   -0.0758
1691.53637   -0.0975
1691.53643   -0.0734
1691.53649   -0.0544
1691.53655   -0.0848
1691.53661   -0.0470
1691.53666   -0.0689
1691.53672   -0.0576
1691.53678   -0.0514
1691.53684   -0.0717
1691.53689   -0.0760
1691.53695   -0.0565
1691.53701   -0.0574
1691.53707   -0.0508
1691.53713   -0.0537
1691.53718   -0.0284
1691.53724   -0.0801
1691.53730   -0.0708
1691.53736   -0.0591
1691.53742   -0.0523
1691.53747   -0.0138
1691.53753   -0.0402
1691.53759   -0.0147
1691.53765   -0.0338
1691.53771   -0.0029
1691.53776   -0.0326
1691.53782   -0.0220
1691.53788   -0.0047
1691.53794   -0.0276
1691.53799   -0.0162
1691.53805   -0.0283
1691.53811   -0.0256
1691.53817   -0.0139
1691.53823   -0.0200
1691.53828   -0.0528
1691.53834   -0.0522
1691.53840   -0.0272
1691.53846   -0.0322
1691.53852   -0.0523
1691.53857   -0.0576
1691.53863   -0.0302
1691.53869   -0.0480
1691.53875   -0.0579
1691.53880   -0.0775
1691.53886   -0.0388
1691.53892   -0.0513
1691.53898   -0.0610
1691.53904   -0.0447
1691.53909   -0.0682
1691.53915   -0.0522
1691.53921   -0.0484
1691.53938   -0.0447
1691.53944   -0.0640
1691.53950   -0.0399
1691.53956   -0.0585
1691.53961   -0.0192
1691.53967   -0.0399
1691.53973   -0.0303
1691.53979   -0.0454
1691.53985   -0.0342
1691.53990   -0.0225
1691.53996   -0.0724
1691.54002   -0.0324
1691.54008   -0.0143
1691.54014   -0.0436
1691.54019   -0.0603
1691.54025   -0.0229
1691.54031   -0.0345
1691.54037   -0.0552
1691.54042   -0.0177
1691.54048   -0.0332
1691.54054   -0.0239
1691.54060   -0.0233
1691.54066   -0.0056
1691.54071   -0.0232
1691.54077   -0.0421
1691.54083   -0.0104
1691.54089   -0.0116
1691.54095   -0.0133
1691.54100   -0.0198
1691.54106   -0.0458
1691.54112   -0.0111
1691.54118   -0.0131
1691.54124   -0.0093
1691.54129    0.0161
1691.54135   -0.0244
1691.54141   -0.0285
1691.54147   -0.0572
1691.54152    0.0010
1691.54158   -0.0207
1691.54164   -0.0172
1691.54170   -0.0272
1691.54176   -0.0264
1691.54181   -0.0116
1691.54187   -0.0201
1691.54193   -0.0164
1691.54199   -0.0193
1691.54205   -0.0175
1691.54210   -0.0085
1691.54216    0.0143
1691.54222    0.0055
1691.54228    0.0447
1691.54233    0.0002
1691.54239   -0.0036
1691.54245   -0.0029
1691.54251   -0.0099
1691.54257   -0.0131
1691.54262   -0.0013
1691.54268    0.0082
1691.54274   -0.0146
1691.54280    0.0257
1691.54286   -0.0061
1691.54291    0.0071
1691.54297   -0.0074
1691.54303   -0.0274
1691.54309   -0.0354
1691.54314   -0.0088
1691.54320   -0.0018
1691.54326   -0.0413
1691.54332   -0.0167
1691.54338   -0.0422
1691.54343   -0.0412
1691.54349   -0.0317
1691.54355   -0.0645
1691.54361   -0.0307
1691.54367   -0.0576
1691.54372   -0.0606
1691.54378   -0.0818
1691.54384   -0.0657
1691.54390   -0.0498
1691.54396   -0.0503
1691.54401   -0.0613
1691.54407   -0.0639
1691.54413   -0.0417
1691.54419   -0.0487
1691.54424   -0.0401
1691.54430   -0.0565
1691.54436   -0.0307
1691.54442   -0.0569
1691.54448   -0.0429
1691.54453   -0.0311
1691.54459   -0.0689
1691.54465   -0.0596
1691.54471   -0.0588
1691.54477   -0.0687
1691.54482   -0.0618
1691.54488   -0.0537
1691.54494   -0.0742
1691.54500   -0.0861
1691.54505   -0.0598
1691.54511   -0.0537
1691.54517   -0.0737
1691.54523   -0.0459
1691.54529   -0.0499
1691.54534   -0.0467
1691.54540   -0.0395
1691.54546   -0.0207
1691.54552   -0.0365
1691.54558   -0.0342
1691.54563   -0.0583
1691.54569   -0.0571
1691.54575   -0.0637
1691.54581   -0.0493
1691.54587   -0.0603
1691.54592   -0.0371
1691.54598   -0.0364
1691.54604   -0.0828
1691.54610   -0.0504
1691.54615   -0.0681
1691.54621   -0.0650
1691.54627   -0.0651
1691.54633   -0.0933
1691.54639   -0.0899
1691.54644   -0.0718
1691.54650   -0.0368
1691.54656   -0.0694
1691.54662   -0.0786
1691.54668   -0.0662
1691.54673   -0.0492
1691.54679   -0.0562
1691.54685   -0.0226
1691.54691   -0.0587
1691.54696   -0.0696
1691.54702   -0.0437
1691.54708   -0.0691
1691.54714   -0.0327
1691.54720   -0.0650
1691.54725   -0.0607
1691.54731   -0.0715
1691.54737   -0.0705
1691.54743   -0.0611
1691.54749   -0.0498
1691.54754   -0.0495
1691.54760   -0.0349
1691.54766   -0.0453
1691.54772   -0.0588
1691.54777   -0.0747
1691.54783   -0.0521
1691.54789   -0.0479
1691.54795   -0.0776
1691.54801   -0.0678
1691.54806   -0.0391
1691.54812   -0.0425
1691.54818   -0.0473
1691.54824   -0.0747
1691.54830   -0.0167
1691.54835   -0.1319
1691.54841   -0.0651
1691.54847   -0.0361
1691.54853   -0.0516
1691.54859   -0.0384
1691.54864   -0.0870
1691.54870   -0.0363
1691.54876   -0.0398
1691.54882   -0.0833
1691.54887   -0.0857
1691.54893   -0.0911
1691.54899   -0.0630
1691.54905   -0.1151
1691.54911   -0.0885
1691.54916   -0.0912
1691.54922   -0.0808
1691.54928   -0.0913
1691.54934   -0.0676
1691.54940   -0.0703
1691.54945   -0.0722
1691.54951   -0.0768
1691.54957   -0.0878
1691.54963   -0.0779
1691.54968   -0.0872
1691.54974   -0.0609
1691.54980   -0.1067
1691.54986   -0.0975
1691.54992   -0.0837
1691.54997   -0.0876
1691.55003   -0.0740
1691.55009   -0.0755
1691.55015   -0.0907
1691.55021   -0.1040
1691.55032   -0.0912
1691.55038   -0.0700
1691.55044   -0.0851
1691.55049   -0.0342
1691.55055   -0.0606
1691.55061   -0.0585
1691.55067   -0.0576
1691.55073   -0.0659
1691.55078   -0.0725
1691.55084   -0.0857
1691.55090   -0.0542
1691.55096   -0.0800
1691.55102   -0.0926
1691.55107   -0.0564
1691.55113   -0.0423
1691.55119   -0.0568
1691.55125   -0.0751
1691.55131   -0.0669
1691.55136   -0.0861
1691.55148   -0.1273
1691.55154   -0.0890
1691.55159   -0.0556
1691.55165   -0.0676
1691.55171   -0.0590
1691.55177   -0.0572
1691.55183   -0.1222
1691.55188   -0.0766
1691.55194   -0.0529
1691.55200   -0.0377
1691.55206   -0.0576
1691.55212   -0.0660
1691.55217   -0.0137
1691.55223   -0.0166
1691.55229   -0.0178
1691.55235   -0.0043
1691.55240   -0.0031
1691.55246   -0.0213
1691.55252   -0.0210
1691.55258   -0.0110
1691.55264   -0.0108
1691.55269    0.0147
1691.55275    0.0004
1691.55281    0.0094
1691.55287   -0.0221
1691.55293    0.0112
1691.55298   -0.0270
1691.55304    0.0133
1691.55310   -0.0388
1691.55316    0.0048
1691.55321   -0.0065
1691.55327   -0.0053
1691.55333   -0.0353
1691.55339   -0.0055
1691.55345   -0.0069
1691.55350   -0.0067
1691.55356   -0.0377
1691.55362   -0.0145
1691.55368   -0.0559
1691.55379   -0.0155
1691.55385   -0.0109
1691.55391   -0.0390
1691.55397   -0.0308
1691.55402   -0.0412
1691.55408   -0.0556
1691.55414   -0.0545
1691.55420   -0.0272
1691.55426   -0.0368
1691.55431   -0.0233
1691.55437   -0.0118
1691.55443   -0.0125
1691.55449   -0.0070
1691.55455   -0.0213
1691.55460   -0.0350
1691.55466   -0.0418
1691.55472   -0.0310
1691.55478   -0.0118
1691.55484   -0.0185
1691.55489    0.0007
1691.55495   -0.0155
1691.55501    0.0065
1691.55507    0.0033
1691.55512   -0.0248
1691.55518   -0.0520
1691.55524   -0.0245
1691.55530   -0.0246
1691.55536   -0.0259
1691.55541   -0.0417
1691.55547   -0.0821
1691.55553   -0.0268
1691.55559   -0.0345
1691.55565   -0.0013
1691.55570   -0.0585
1691.55576   -0.0186
1691.55582   -0.0253
1691.55588   -0.0519
1691.55593   -0.0321
1691.55599   -0.0070
1691.55605   -0.0243
1691.55611   -0.0442
1691.55617   -0.0121
1691.55622   -0.0101
1691.55628   -0.0019
1691.55634    0.0111
1691.55640    0.0118
1691.55646   -0.0110
1691.55651   -0.0137
1691.55657   -0.0140
1691.55663   -0.0004
1691.55669   -0.0365
1691.55674   -0.0308
1691.55680   -0.0089
1691.55686   -0.0228
1691.55692   -0.0459
1691.55698   -0.0246
1691.55703   -0.0455
1691.55709   -0.0346
1691.55715   -0.0246
1691.55721   -0.0258
1691.55727   -0.0705
1691.55732   -0.0369
1691.55738   -0.0418
1691.55744   -0.0149
1691.55750   -0.0358
1691.55756    0.0027
1691.55761   -0.0217
1691.55767   -0.0285
1691.55773    0.0089
1691.55779    0.0074
1691.55784    0.0171
1691.55790    0.0141
1691.55796    0.0186
1691.55802   -0.0139
1691.55808   -0.0018
1691.55813    0.0237
1691.55819    0.0238
1691.55825    0.0203
1691.55831    0.0152
1691.55837    0.0313
1691.55842    0.0639
1691.55848    0.0720
1691.55854    0.0982
1691.55860    0.0864
1691.55865    0.0726
1691.55871    0.1294
1691.55877    0.1178
1691.55883    0.1064
1691.55889    0.1210
1691.55894    0.1367
1691.55900    0.1478
1691.55906    0.1289
1691.55912    0.1527
1691.55918    0.1704
1691.55923    0.1618
1691.55929    0.1953
1691.55935    0.2010
1691.55941    0.2215
1691.55946    0.2565
1691.55952    0.2607
1691.55958    0.2923
1691.55964    0.3055
1691.55970    0.3476
1691.55975    0.4045
1691.55981    0.4277
1691.55987    0.4744
1691.55993    0.4687
1691.55999    0.5290
1691.56004    0.5678
1691.56010    0.6322
1691.56016    0.7326
1691.56022    0.7512
1691.56027    0.7525
1691.56033    0.8121
1691.56039    0.8893
1691.56045    0.9613
1691.56051    1.0091
1691.56056    0.9955
1691.56062    1.0360
1691.56068    1.1108
1691.56074    1.2276
1691.56080    1.2053
1691.56085    1.2057
1691.56091    1.2142
1691.56097    1.3177
1691.56103    1.3973
1691.56109    1.5336
1691.56114    1.4851
1691.56120    1.4574
1691.56126    1.5250
1691.56132    1.5743
1691.56137    1.6276
1691.56143    1.6786
1691.56149    1.7137
1691.56155    1.7110
1691.56161    1.6726
1691.56166    1.7409
1691.56172    1.8236
1691.56178    1.7536
1691.56184    1.7937
1691.56190    1.7684
1691.56195    1.6897
1691.56201    1.7134
1691.56207    1.7940
1691.56213    1.8216
1691.56218    1.7838
1691.56224    1.7212
1691.56230    1.7501
1691.56236    1.6822
1691.56242    1.6909
1691.56247    1.6284
1691.56253    1.6608
1691.56259    1.6067
1691.56265    1.6273
1691.56282    1.5528
1691.56288    1.4803
1691.56294    1.3976
1691.56299    1.3766
1691.56305    1.3093
1691.56311    1.2626
1691.56317    1.2593
1691.56323    1.1740
1691.56328    1.1218
1691.56334    1.0513
1691.56340    1.0487
1691.56346    0.9691
1691.56352    0.9406
1691.56357    0.8764
1691.56363    0.7846
1691.56369    0.7734
1691.56375    0.7284
1691.56381    0.6713
1691.56386    0.6255
1691.56392    0.6324
1691.56398    0.5819
1691.56404    0.5700
1691.56409    0.5186
1691.56415    0.5006
1691.56421    0.4290
1691.56427    0.4275
1691.56433    0.3705
1691.56438    0.3484
1691.56444    0.3420
1691.56450    0.3276
1691.56456    0.2871
1691.56473    0.2661
1691.56479    0.2270
1691.56485    0.2141
1691.56490    0.2282
1691.56496    0.2220
1691.56502    0.1969
1691.56508    0.2069
1691.56514    0.1768
1691.56519    0.1158
1691.56525    0.1704
1691.56531    0.1425
1691.56537    0.1360
1691.56543    0.1215
1691.56548    0.1266
1691.56554    0.1475
1691.56560    0.1308
1691.56566    0.1277
1691.56571    0.1370
1691.56577    0.0960
1691.56583    0.1304
1691.56589    0.1121
1691.56595    0.1053
1691.56600    0.1170
1691.56606    0.1043
1691.56612    0.0924
1691.56618    0.0995
1691.56624    0.0923
1691.56629    0.0932
1691.56635    0.0975
1691.56641    0.0765
1691.56647    0.0796
1691.56652    0.0783
1691.56658    0.0784
1691.56664    0.0715
1691.56670    0.0388
1691.56676    0.0701
1691.56681    0.0659
1691.56687    0.0472
1691.56693    0.0325
1691.56699    0.0401
1691.56705    0.0114
1691.56710    0.0165
1691.56716    0.0594
1691.56722    0.0480
1691.56728    0.0348
1691.56734    0.0578
1691.56739    0.0512
1691.56745    0.0651
1691.56751    0.0399
1691.56757    0.0734
1691.56762    0.0621
1691.56768    0.0542
1691.56774    0.0334
1691.56780    0.0582
1691.56786    0.0267
1691.56791    0.0390
1691.56797    0.0285
1691.56803   -0.0011
1691.56820   -0.0060
1691.56826    0.0267
1691.56832   -0.0225
1691.56838    0.0027
1691.56843    0.0122
1691.56849   -0.0023
1691.56855    0.0169
1691.56861   -0.0282
1691.56867   -0.0688
1691.56872   -0.0468
1691.56878   -0.0157
1691.56884   -0.0160
1691.56890   -0.0233
1691.56896   -0.0382
1691.56901   -0.0207
1691.56907   -0.0280
1691.56913   -0.0355
1691.56919   -0.0170
1691.56925   -0.0240
1691.56930   -0.0068
1691.56936   -0.0250
1691.56942   -0.0174
1691.56948   -0.0039
1691.56953   -0.0095
1691.56959   -0.0329
1691.56965   -0.0308
1691.56971   -0.0168
1691.56977   -0.0309
1691.56982   -0.0328
1691.56988   -0.0539
1691.56994   -0.0287
1691.57000    0.0036
1691.57006    0.0023
1691.57011   -0.0288
1691.57017   -0.0006
1691.57023   -0.0043
1691.57029   -0.0125
1691.57034   -0.0030
1691.57040   -0.0079
1691.57046   -0.0043
1691.57052   -0.0287
1691.57058    0.0016
1691.57063   -0.0444
1691.57069   -0.0334
1691.57075   -0.0008
1691.57081   -0.0116
1691.57087   -0.0038
1691.57092   -0.0252
1691.57098   -0.0319
1691.57104   -0.0049
1691.57110   -0.0155
1691.57115   -0.0198
1691.57121   -0.0257
1691.57127   -0.0163
1691.57133   -0.0435
1691.57139   -0.0623
1691.57144   -0.0496
1691.57150   -0.0545
1691.57156   -0.0682
1691.57162   -0.0708
1691.57168   -0.0933
1691.57173   -0.0617
1691.57179   -0.0556
1691.57185   -0.0778
1691.57191   -0.1094
1691.57197   -0.0999
1691.57202   -0.0758
1691.57208   -0.0810
1691.57214   -0.0691
1691.57220   -0.0937
1691.57225   -0.0786
1691.57231   -0.0557
1691.57237   -0.0561
1691.57243   -0.0907
