2.452554230986000039e+06 0.000000000000000000e+00 0.000000000000000000e+00
2.452554231055399869e+06 8.911757950356613903e-03 1.034493440686711993e-03
2.452554231124799699e+06 6.235177722075568342e-03 2.903375476452841296e-03
2.452554231194199529e+06 -1.517783862737363083e-03 3.757485033474714832e-03
2.452554231263599358e+06 -3.341024393528293449e-03 3.580240866018549132e-03
2.452554231332999188e+06 -4.840878325768822356e-03 2.983735114097858278e-03
2.452554231402399018e+06 1.540155344943743357e-03 2.875832807692919532e-03
2.452554231471798848e+06 4.991081040307470545e-03 3.885449397099078467e-03
2.452554231541198678e+06 1.676866453479907001e-03 5.006884184270711177e-03
2.452554231610598508e+06 1.035857781002847214e-02 6.855407847119129178e-03
2.452554231679998338e+06 6.012683944410803470e-03 9.384616655691443987e-03
2.452554231749398168e+06 -4.198938219767117848e-03 1.046692523676993544e-02
2.452554231818797998e+06 -1.106422075152409170e-03 1.080123059146084925e-02
2.452554231888197828e+06 6.904529289483363023e-03 1.241826098064980829e-02
2.452554231957597658e+06 5.318030246318467859e-03 1.491022719756165960e-02
2.452554232026997488e+06 9.075014026583365020e-03 1.787037100860347505e-02
2.452554232096397318e+06 5.967992285626157363e-04 2.053892964856394304e-02
2.452554232165797148e+06 5.686230608286655004e-03 2.302772126496155716e-02
2.452554232235196978e+06 5.700675793522068033e-03 2.629266291794007948e-02
2.452554232304596808e+06 3.848085216578538310e-03 2.960080869014624846e-02
2.452554232373996638e+06 3.947692840786221069e-03 3.295366428126778047e-02
2.452554232443396468e+06 -4.073340536400783547e-04 3.605230601141724139e-02
2.452554232512796298e+06 -4.197223881584772991e-03 3.840465265350572616e-02
2.452554232582196128e+06 -1.759350821186409300e-02 3.886896065612585605e-02
2.452554232651595958e+06 5.805337210986912227e-04 3.978345220923483472e-02
2.452554232720995788e+06 -1.843507032771494331e-02 4.054171310501895192e-02
2.452554232790395617e+06 -1.767304122227651014e-02 3.910230229836007126e-02
2.452554232859795447e+06 -1.189185199655248479e-02 3.810613894071221419e-02
2.452554232929195277e+06 -6.775993257952607311e-03 3.811204788317875541e-02
2.452554232998595107e+06 -7.512492283853918623e-03 3.847552325883146773e-02
2.452554233067994937e+06 -4.937651721919353656e-03 3.894147865351944154e-02
2.452554233137394767e+06 -1.407323434410499147e-02 3.854651648735372277e-02
2.452554233206794597e+06 -5.872412213948107092e-03 3.785217065504246220e-02
2.452554233276194427e+06 -9.420250110755288425e-03 3.747904180575542532e-02
2.452554233345594257e+06 -1.602757718623558716e-02 3.574792642777945006e-02
2.452554233414994087e+06 1.255806291799549911e-02 3.624827882184638445e-02
2.452554233484393917e+06 -1.547944979540735559e-02 3.674089396623278492e-02
2.452554233553793747e+06 -2.918991104154868357e-02 3.231699692693225379e-02
2.452554233623193577e+06 -2.007796523574739006e-02 2.676531415663657015e-02
2.452554233692593407e+06 -1.123522655260787359e-02 2.260384528832902126e-02
2.452554233761993237e+06 -1.144260011378167401e-02 1.892482943949186369e-02
2.452554233831393067e+06 -9.557536959894329109e-03 1.499301543537186893e-02
2.452554233900792897e+06 -1.178042762353284124e-02 1.056680777051313171e-02
2.452554233970192727e+06 -9.340749749925313442e-03 5.678329144047799051e-03
2.452554234039592557e+06 7.507046426536509963e-03 2.514589997419305369e-03
2.452554234108992387e+06 1.734863782847468477e-02 2.143821920352166621e-03
2.452554234178392217e+06 1.093080279362117040e-02 2.182204324948493548e-03
2.452554234247792047e+06 5.395285235342633066e-03 8.961778072972001810e-04
2.452554234317191876e+06 4.687870228871261757e-02 3.710341717370155279e-03
2.452554234386591706e+06 3.279014209150291938e-03 6.654729353718065975e-03
2.452554234455991536e+06 -7.348073097992327031e-03 3.688687246947133271e-03
2.452554234525391366e+06 -4.539106720379342333e-03 -4.392069778832840415e-04
2.452554234594791196e+06 4.407170575638086861e-03 -3.566253645265394200e-03
2.452554234664191026e+06 -1.373866520515633696e-03 -6.563400759259428383e-03
2.452554234733590856e+06 2.820144565977492079e-02 -7.006568517085837167e-03
2.452554234802990686e+06 1.148519200544907476e-03 -7.077010258144535160e-03
2.452554234872390516e+06 1.965417126097426456e-03 -1.006795876684728717e-02
2.452554234941790346e+06 -3.085507989520244743e-03 -1.373420285193670265e-02
2.452554235011190176e+06 -3.721479664078316402e-03 -1.830265313954005171e-02
2.452554235080590006e+06 7.888321738435769351e-03 -2.191939764042592081e-02
2.452554235149989836e+06 6.924846188727159894e-03 -2.450103152248309449e-02
2.452554235219389666e+06 1.611272303883631504e-02 -2.620196276163061153e-02
2.452554235288789496e+06 1.038888356638354403e-02 -2.746864030094240544e-02
2.452554235358189326e+06 2.320703651704443191e-02 -2.782489518061899078e-02
2.452554235427589156e+06 2.660826518503490307e-02 -2.610789173323303097e-02
2.452554235496988986e+06 1.137071331666552471e-02 -2.535041355063074459e-02
2.452554235566388816e+06 7.576840047198195489e-03 -2.649633336735482750e-02
2.452554235635788646e+06 1.041150989932325410e-02 -2.765453548431349995e-02
2.452554235705188476e+06 9.761117562188531549e-03 -2.845813839311747695e-02
2.452554235774588306e+06 1.311621386790525270e-02 -2.880584718951536075e-02
2.452554235843988135e+06 1.765358157408053680e-03 -2.988977340632267832e-02
2.452554235913387965e+06 9.595506619380619884e-03 -3.126998356662184786e-02
2.452554235982787795e+06 1.657616199407040136e-02 -3.084868672762973441e-02
2.452554236052187625e+06 2.218039256921295211e-03 -3.100664159200691716e-02
2.452554236121587455e+06 8.400677162270828288e-05 -3.286859645062359392e-02
2.452554236190987285e+06 5.471403224291119432e-04 -3.489932356691929916e-02
2.452554236260387115e+06 6.801120362237602669e-03 -3.614022045096313557e-02
2.452554236329786945e+06 1.295510625747031686e-02 -3.584283161398127415e-02
2.452554236399186775e+06 -3.669109298521559294e-03 -3.649817050606000979e-02
2.452554236468586605e+06 1.414930458246484602e-03 -3.833807604918405137e-02
2.452554236537986435e+06 2.909713848458091948e-03 -3.938852809070617078e-02
2.452554236607386265e+06 4.332827075547689014e-04 -4.044121650008841717e-02
2.452554236676786095e+06 -1.988232563157464605e-03 -4.195256381103232984e-02
2.452554236746185925e+06 -1.388281766980029074e-03 -4.361629552394663545e-02
2.452554236815585755e+06 3.396380671083747659e-03 -4.461250250655005023e-02
2.452554236884985585e+06 1.691471800941224315e-03 -4.513727480140641152e-02
2.452554236954385415e+06 3.783069335685064396e-03 -4.545539524022035316e-02
2.452554237023785245e+06 1.762865323508733609e-02 -4.374421117976035056e-02
2.452554237093185075e+06 5.231400668242856648e-03 -4.147428004363146875e-02
2.452554237162584905e+06 6.458357841996899794e-03 -4.006418721565720154e-02
2.452554237231984735e+06 3.133863252885600668e-03 -3.856877886992642057e-02
2.452554237301384564e+06 6.529683885831031459e-03 -3.674051034926323345e-02
2.452554237370784394e+06 -2.172983757083807397e-03 -3.518207885766760218e-02
2.452554237440184224e+06 -5.832238724983765735e-03 -3.475679896156477072e-02
2.452554237509584054e+06 -7.091486470246785231e-03 -3.473651495571009745e-02
2.452554237578983884e+06 -1.535922742300631708e-02 -3.571014521700700828e-02
2.452554237648383714e+06 -2.148014418064728842e-02 -3.835744273485482830e-02
2.452554237717783544e+06 -8.947132567983745108e-03 -4.044809079624677589e-02
2.452554237787183374e+06 -5.805076554797350581e-03 -4.084617339520511814e-02
2.452554237856583204e+06 -1.256459841339460475e-02 -4.161084029078201962e-02
2.452554237925983034e+06 -2.249617087748036464e-03 -4.195532681189343555e-02
2.452554237995382864e+06 -5.890379003151865328e-03 -4.147793127228333043e-02
2.452554238064782694e+06 3.048024841537327542e-03 -4.025730373494307984e-02
2.452554238134182524e+06 2.271176812364892987e-03 -3.789128358562377646e-02
2.452554238203582354e+06 5.789271461991153363e-04 -3.550399787369373783e-02
2.452554238272982184e+06 -7.518779208729522989e-04 -3.317440976489904186e-02
2.452554238342382014e+06 5.681192439116911942e-03 -2.998265190644433531e-02
2.452554238411781844e+06 -6.079662645923522568e-03 -2.706433683962317094e-02
2.452554238481181674e+06 -3.151581667185395993e-03 -2.487589253546488438e-02
2.452554238550581504e+06 -6.914533633302135177e-03 -2.258631722381426732e-02
2.452554238619981334e+06 -9.920417443830077675e-03 -2.089024173019973091e-02
2.452554238689381164e+06 -7.038499526990133967e-03 -1.909661378912903829e-02
2.452554238758780994e+06 -1.534180541434076138e-02 -1.782437000408749334e-02
2.452554238828180823e+06 -1.560291738813369619e-02 -1.750861349043729767e-02
2.452554238897580653e+06 -7.313810471169805011e-03 -1.633777461212742796e-02
2.452554238966980483e+06 -1.895452744859494124e-02 -1.554966874596619072e-02
2.452554239036380313e+06 -1.094636042634658871e-02 -1.522880599898165585e-02
2.452554239105780143e+06 -1.063376066531912870e-02 -1.404670976838378813e-02
2.452554239175179973e+06 -1.080129470583842191e-02 -1.286727152046078168e-02
2.452554239244579803e+06 -1.967355993129332736e-02 -1.276661341090373769e-02
2.452554239313979633e+06 -1.503262420522607709e-02 -1.331110957145801091e-02
2.452554239383379463e+06 -1.115179871435718374e-02 -1.309406440710163787e-02
2.452554239452779293e+06 -3.657440505480937572e-03 -1.170458372861899778e-02
2.452554239522179123e+06 -1.172919099368434533e-02 -1.040880686356700051e-02
2.452554239591578953e+06 -2.471883237787687350e-04 -8.761774721004833913e-03
2.452554239660978783e+06 -7.818544989727624697e-03 -6.675047013304393970e-03
2.452554239730378613e+06 -1.049578347382443787e-02 -5.753381005532543294e-03
2.452554239799778443e+06 -1.710940201468066392e-03 -4.232106996393140107e-03
2.452554239869178273e+06 -5.588426195827939438e-03 -2.191171860786050515e-03
2.452554239938578103e+06 -9.708666579073198591e-03 -1.079573018433544959e-03
2.452554240007977933e+06 -9.882821498713726532e-03 -5.748369915967131705e-04
2.452554240077377763e+06 -9.587870539428933886e-03 -2.335294904852285025e-04
2.452554240146777593e+06 -1.773670533941679867e-02 -1.000291847364657982e-03
2.452554240216177423e+06 -1.648149446913332178e-02 -2.882421248176010586e-03
2.452554240285577253e+06 -2.099150202287605044e-02 -5.572352218929356449e-03
2.452554240354977082e+06 -1.677628944279471387e-02 -8.803595037278930807e-03
2.452554240424376912e+06 -3.916467899961129789e-03 -1.060468080121114084e-02
2.452554240493776742e+06 -3.484821642290787322e-03 -1.124609877519246355e-02
2.452554240563176572e+06 -5.192128117484059655e-03 -1.228366533254619287e-02
2.452554240632576402e+06 -1.014595833297943228e-02 -1.437755726248496346e-02
2.452554240701976232e+06 6.444559040141423049e-03 -1.550750141636371773e-02
2.452554240771376062e+06 2.814033877828443254e-03 -1.540333963150011809e-02
2.452554240840775892e+06 -1.854887948946287160e-03 -1.639066545937961292e-02
2.452554240910175722e+06 -5.217803986670256806e-03 -1.854916324611844899e-02
2.452554240979575552e+06 1.871818157380717102e-03 -2.062892349323888763e-02
2.452554241048975382e+06 -3.831778136064146155e-03 -2.287843591979490249e-02
2.452554241118375212e+06 6.849259159180292114e-03 -2.488411304327782514e-02
2.452554241187775042e+06 6.354958298173446832e-03 -2.599943211651000591e-02
2.452554241257174872e+06 2.214699154928182357e-03 -2.783461058249277198e-02
2.452554241326574702e+06 -4.044483983308403210e-03 -3.112390787754078930e-02
2.452554241395974532e+06 1.522876910438519761e-03 -3.488126441498008712e-02
2.452554241465374362e+06 5.777744657633252130e-03 -3.791602690293838229e-02
2.452554241534774192e+06 1.562463822292871687e-02 -3.963198768685506634e-02
2.452554241604174022e+06 1.678624955036096822e-02 -4.022756037545489882e-02
2.452554241673573852e+06 1.138386251966870197e-02 -4.133837101928737601e-02
2.452554241742973682e+06 1.622499266854798838e-02 -4.258197660157708730e-02
2.452554241812373511e+06 2.221967239701222105e-02 -4.263752885699928497e-02
2.452554241881773341e+06 1.384092700455322351e-02 -4.290028274275095588e-02
2.452554241951173171e+06 1.736038252971910598e-02 -4.367210503615731598e-02
2.452554242020573001e+06 1.384646218547215535e-02 -4.443468833496667936e-02
2.452554242089972831e+06 1.019922660532595303e-02 -4.600938761528233084e-02
2.452554242159372661e+06 2.097304992363306295e-02 -4.681522408200182450e-02
2.452554242228772491e+06 2.901426431685567506e-02 -4.540117065998912349e-02
2.452554242298172321e+06 2.428634406560966838e-02 -4.332047059878871287e-02
2.452554242367572151e+06 2.350673397338328210e-02 -4.152557116076723009e-02
2.452554242436971981e+06 2.599783285288599644e-02 -3.921189858920799687e-02
2.452554242506371811e+06 2.614243439913012737e-02 -3.621911856776650895e-02
2.452554242575771641e+06 9.360579176276735344e-03 -3.471677645619151986e-02
2.452554242645171471e+06 1.303218396027899274e-02 -3.446282381214210017e-02
2.452554242714571301e+06 1.220206853374907439e-02 -3.374203642764252858e-02
2.452554242783971131e+06 1.734891124212787489e-02 -3.233195585139701095e-02
2.452554242853370961e+06 6.525556290101540077e-03 -3.131959875207412924e-02
2.452554242922770791e+06 9.239056648197387957e-04 -3.199873276263046767e-02
2.452554242992170621e+06 7.710478611139931840e-03 -3.250838886183537307e-02
2.452554243061570451e+06 9.189860144154664984e-03 -3.200476803446260232e-02
2.452554243130970281e+06 -1.950251369464124293e-03 -3.245752131807790042e-02
2.452554243200370111e+06 -2.318433563544698706e-03 -3.418431441483168326e-02
2.452554243269769941e+06 9.117044846250789425e-03 -3.469833826868987808e-02
2.452554243339169770e+06 1.205453713510870432e-02 -3.347915035788914806e-02
2.452554243408569600e+06 6.123431590634943224e-03 -3.235491796211348303e-02
2.452554243477969430e+06 1.154427765495653381e-02 -3.105174540971095826e-02
2.452554243547369260e+06 1.858587543266393416e-02 -2.804885983459221022e-02
2.452554243616769090e+06 1.082316945423701139e-02 -2.470019649043798254e-02
2.452554243686168920e+06 7.281815923213776770e-03 -2.220930893138619786e-02
2.452554243755568750e+06 8.445189317613675459e-03 -1.964560030390077872e-02
2.452554243824968580e+06 1.866275446779290872e-02 -1.541525700170569627e-02
2.452554243894368410e+06 6.678813230387476048e-03 -1.087802593102086754e-02
2.452554243963768240e+06 1.697030337909570747e-03 -7.783826566538636083e-03
2.452554244033168070e+06 -1.023077144081443839e-02 -6.300404094094465626e-03
2.452554244102567900e+06 -5.663472962881777040e-03 -5.506486883365357965e-03
2.452554244171967730e+06 -1.886368474435199272e-03 -3.661877628724982247e-03
2.452554244241367560e+06 -4.700322202421526423e-03 -1.517615109435631500e-03
2.452554244310767390e+06 -1.204519708684884116e-02 -3.431232835072461906e-04
2.452554244380167220e+06 -1.616442093868914950e-02 -4.051530981372016005e-04
2.452554244449567050e+06 -2.789958462116810464e-02 -2.353482509524985195e-03
2.452554244518966880e+06 -1.709821472719770530e-02 -4.660974935525905027e-03
2.452554244588366710e+06 -1.158936518321950111e-02 -5.360195823054926187e-03
2.452554244657766540e+06 -1.749538182653899779e-02 -6.212746691402020599e-03
2.452554244727166370e+06 -2.344078929198184849e-02 -8.564418544882376055e-03
2.452554244796566200e+06 -1.606775209117777131e-02 -1.103304459454285819e-02
2.452554244865966029e+06 -2.166313724742797292e-02 -1.358370825062015647e-02
2.452554244935365859e+06 -2.273079106404686175e-02 -1.719745198666599098e-02
2.452554245004765689e+06 -1.938792246772822955e-02 -2.094223678579567108e-02
2.452554245074165519e+06 -1.583568876567778561e-02 -2.428342347064446627e-02
2.452554245143565349e+06 -1.085488600532086463e-02 -2.697455967654466269e-02
2.452554245212965179e+06 -1.692115759406966763e-02 -3.005076564725470828e-02
2.452554245282365009e+06 -1.536040132823407976e-02 -3.394058069709864761e-02
2.452554245351764839e+06 -1.261342405190146558e-02 -3.769680135247044372e-02
2.452554245421164669e+06 -9.438059048375741292e-03 -4.110347150973698432e-02
2.452554245490564499e+06 -1.011556491435369395e-02 -4.450688606986821783e-02
2.452554245559964329e+06 -8.526042162917716813e-03 -4.807819626103496113e-02
2.452554245629364159e+06 -6.207872037121858234e-03 -5.147506350182157880e-02
2.452554245698763989e+06 1.096445479025525555e-03 -5.400234092977572453e-02
2.452554245768163819e+06 2.805330671011385321e-02 -5.269457282774303586e-02
2.452554245837563649e+06 1.411095930249505782e-02 -4.959912009104371772e-02
2.452554245906963479e+06 -3.441208361067893753e-03 -4.969724299115672178e-02
2.452554245976363309e+06 1.533969904163468749e-03 -5.114747825372049223e-02
2.452554246045763139e+06 3.300333434961222334e-03 -5.185372891715339660e-02
2.452554246115162969e+06 2.514481771589486582e-03 -5.240235421751211764e-02
2.452554246184562799e+06 -1.379745443143389752e-03 -5.343371661056390415e-02
2.452554246253962629e+06 2.341894670476328717e-03 -5.447715373296450198e-02
2.452554246323362458e+06 1.418814870790968642e-03 -5.518845760630484987e-02
2.452554246392762288e+06 2.813723123191726096e-03 -5.580173544183986145e-02
2.452554246462162118e+06 -9.348033120842371433e-04 -5.663542284640337571e-02
2.452554246531561948e+06 1.163367784526326285e-03 -5.763293198486598573e-02
2.452554246600961778e+06 5.678384490415661068e-03 -5.785335998547233571e-02
2.452554246670361608e+06 9.484610708467702128e-03 -5.701570103334172024e-02
2.452554246739761438e+06 -8.178867035725473182e-04 -5.673025055474543304e-02
2.452554246809161268e+06 2.326181624948756455e-03 -5.714043837100819812e-02
2.452554246878561098e+06 5.546671854874951624e-03 -5.675658009937728510e-02
2.452554246947960928e+06 7.704791385503063396e-03 -5.561149964059186601e-02
2.452554247017360758e+06 5.196216594575608395e-03 -5.429516534671698785e-02
2.452554247086760588e+06 2.306393569104479152e-03 -5.338454718944310451e-02
2.452554247156160418e+06 -1.323158460905051218e-04 -5.292504264244537321e-02
2.452554247225560248e+06 9.786101981847598191e-03 -5.148684206964448951e-02
2.452554247294960078e+06 -6.184781907758210269e-04 -4.989714778550995850e-02
2.452554247364359908e+06 -1.277200260789771759e-03 -4.937839333581621470e-02
2.452554247433759738e+06 1.224744189016963025e-02 -4.727878652173472807e-02
2.452554247503159568e+06 2.197540519892787238e-03 -4.452694995929101091e-02
2.452554247572559398e+06 -3.175171269829891573e-03 -4.326012605892306379e-02
2.452554247641959228e+06 2.335871544067352583e-03 -4.184657558073158479e-02
2.452554247711359058e+06 -5.839736427641304198e-03 -4.060631132202135313e-02
2.452554247780758888e+06 -3.994381107660684160e-03 -3.999412830052375550e-02
2.452554247850158717e+06 -5.632889572562886291e-03 -3.932828875541197200e-02
2.452554247919558547e+06 -2.280262534333926845e-03 -3.843549039242884213e-02
2.452554247988958377e+06 -8.828450064923646159e-03 -3.786871990925107928e-02
2.452554248058358207e+06 -6.496344484668610184e-03 -3.778920016799337811e-02
2.452554248127758037e+06 -6.814167223507150602e-03 -3.753220836042435449e-02
2.452554248197157867e+06 1.666693218797834792e-03 -3.636929125647789252e-02
2.452554248266557697e+06 2.997901629434062895e-03 -3.401675982965027961e-02
2.452554248335957527e+06 4.825749520613369851e-04 -3.163155155741854269e-02
2.452554248405357357e+06 -8.931909779399014541e-04 -2.953631208409927475e-02
2.452554248474757187e+06 -1.866121639430939286e-03 -2.759491854581126377e-02
2.452554248544157017e+06 4.950302722284401300e-04 -2.540071957743753051e-02
2.452554248613556847e+06 -5.497879967783746158e-03 -2.351932335988280581e-02
2.452554248682956677e+06 -3.748095738375114801e-05 -2.163502007738272656e-02
2.452554248752356507e+06 5.011663308119181613e-04 -1.899850687109942704e-02
2.452554248821756337e+06 2.197453700914913928e-04 -1.620481012174389279e-02
2.452554248891156167e+06 -8.500976743158193336e-03 -1.432342166758971032e-02
2.452554248960555997e+06 7.390743690319293013e-04 -1.235841677063104910e-02
2.452554249029955827e+06 1.575323981099735525e-03 -9.199602228056175807e-03
2.452554249099355657e+06 3.214445650308019042e-03 -5.609764050912714739e-03
2.452554249168755487e+06 -7.220838611949396794e-03 -2.863458752478999399e-03
2.452554249238155317e+06 -3.804665830073236102e-04 -4.606995605514566669e-04
2.452554249307555147e+06 -8.785715954641544131e-03 1.787224408923355698e-03
2.452554249376954976e+06 -8.972062271185679214e-03 3.039509774560958041e-03
2.452554249446354806e+06 -1.247293108700393144e-02 3.751424722652836607e-03
2.452554249515754636e+06 -6.402607498193981991e-03 4.588052172355352662e-03
2.452554249585154466e+06 -8.208647241394199240e-03 5.758596815505116068e-03
2.452554249654554296e+06 -6.003812878787060346e-03 6.849281500391233256e-03
2.452554249723954126e+06 -8.282796529269510419e-03 7.795180939064129053e-03
2.452554249793353956e+06 -7.688930937202696596e-03 8.393096455901926517e-03
2.452554249862753786e+06 8.498077116021241807e-05 9.773075725958027191e-03
2.452554249932153616e+06 -9.623625717479586394e-03 1.082485970663475683e-02
2.452554250001553446e+06 -7.654520083171113820e-03 1.083912150348474018e-02
2.452554250070953276e+06 -1.431279688439764629e-02 1.006021750495152654e-02
2.452554250140353106e+06 -1.680698783893457351e-02 7.890722654597715630e-03
2.452554250209752936e+06 -1.363090428921721019e-02 5.332506402378927798e-03
2.452554250279152766e+06 -4.136140911464205282e-03 3.750422618662443107e-03
2.452554250348552596e+06 1.719646364926847321e-05 3.379080499625889290e-03
2.452554250417952426e+06 -8.274538762938325048e-03 2.296968975425920517e-03
2.452554250487352256e+06 -5.134027600927992471e-03 3.201268436772482934e-04
2.452554250556752086e+06 6.737751806566489102e-03 -2.939846663242932229e-04
2.452554250626151916e+06 5.508557403102354311e-03 1.092186869922628922e-04
2.452554250695551746e+06 1.040607953371031937e-02 8.402499141121257814e-04
2.452554250764951576e+06 1.897680662766191868e-03 1.096798918771564862e-03
2.452554250834351406e+06 -8.428422651814130749e-04 -5.213403242351939432e-05
2.452554250903751235e+06 2.571218195806826770e-02 1.321496648731237261e-03
2.452554250973151065e+06 6.342130800503792236e-03 3.570333937067665837e-03
2.452554251042550895e+06 5.273441116412651460e-03 3.585298023255074733e-03
2.452554251111950725e+06 8.876474864643430288e-03 3.794790848022316573e-03
2.452554251181350555e+06 1.149243392887848957e-02 4.655913269040643301e-03
2.452554251250750385e+06 3.401403564279383961e-03 4.888692499722610552e-03
2.452554251320150215e+06 7.358781740382548675e-03 4.586983162807443948e-03
2.452554251389550045e+06 9.687382516285000453e-03 4.910705972877774453e-03
2.452554251458949875e+06 1.048894982953751422e-02 5.569856187464200178e-03
2.452554251528349705e+06 9.015840040771144065e-03 6.166056505329881726e-03
2.452554251597749535e+06 1.275629345612501291e-02 7.039407488324588361e-03
2.452554251667149365e+06 1.774109270237039793e-02 8.974922703759269371e-03
2.452554251736549195e+06 1.898773166241824947e-02 1.180118880528184880e-02
2.452554251805949025e+06 2.342488479203124439e-03 1.310288619817037703e-02
2.452554251875348855e+06 1.569198590343164751e-02 1.411856647528234726e-02
2.452554251944748685e+06 3.946832567552121564e-03 1.538840933457342325e-02
2.452554252014148515e+06 3.707037244428774796e-03 1.536492940397838139e-02
2.452554252083548345e+06 2.210634196837079138e-03 1.510123253134999614e-02
2.452554252152948175e+06 4.051632034420338431e-03 1.481952300386217905e-02
2.452554252222348005e+06 3.787155745298455278e-03 1.466806791745197541e-02
2.452554252291747835e+06 9.831562829722337998e-03 1.515593474552231687e-02
2.452554252361147664e+06 1.275049800677828613e-03 1.539555403406434216e-02
2.452554252430547494e+06 6.263760721569020841e-03 1.524195360273834787e-02
2.452554252499947324e+06 1.239797279955736665e-02 1.636326571350708164e-02
2.452554252569347154e+06 1.014762944865815406e-02 1.806160896573067234e-02
2.452554252638746984e+06 6.554660910470132794e-03 1.927071554433762435e-02
2.452554252708146814e+06 9.815849592101272281e-03 2.057677980122860073e-02
2.452554252777546644e+06 1.034809542180766158e-02 2.246921527932259355e-02
2.452554252846946474e+06 -8.877165656714629954e-03 2.239996870106190571e-02
2.452554252916346304e+06 -1.711790260988167028e-02 1.913795652185957402e-02
2.452554252985746134e+06 -5.236701234602962780e-03 1.595679324711374650e-02
2.452554253055145964e+06 -8.904021394835382949e-03 1.341197491784774758e-02
2.452554253124545794e+06 -8.583080913636289763e-03 1.024548012941344476e-02
2.452554253193945624e+06 -3.822393624417359716e-03 7.382816976739455320e-03
2.452554253263345454e+06 6.024780247441243256e-04 5.348839449432196518e-03
2.452554253332745284e+06 -2.627740145718882210e-03 3.319403950845301217e-03
2.452554253402145114e+06 -4.029670763912777606e-03 6.302846218591822564e-04
2.452554253471544944e+06 -2.687498398830528469e-04 -1.966051303841931993e-03
2.452554253540944774e+06 2.324685190200822052e-03 -3.982200863824199646e-03
2.452554253610344604e+06 3.379355161584086074e-03 -5.657130891125439730e-03
2.452554253679744434e+06 3.907459653466545911e-03 -7.183380550348324699e-03
2.452554253749144264e+06 1.828197269036681109e-03 -8.899739359616933715e-03
2.452554253818544094e+06 1.844782817564092053e-03 -1.087775470516775048e-02
2.452554253887943923e+06 2.348127838444294228e-03 -1.283715528818763288e-02
2.452554253957343753e+06 -1.329241599979562663e-03 -1.519572067158263089e-02
2.452554254026743583e+06 -2.514375416737003530e-03 -1.818354914736934613e-02
2.452554254096143413e+06 6.458148336893777125e-04 -2.106451439112073942e-02
2.452554254165543243e+06 1.132058424006836391e-03 -2.362148352414324137e-02
2.452554254234943073e+06 8.907381294751895440e-03 -2.527310147322182898e-02
2.452554254304342903e+06 2.974645195810336849e-03 -2.665828208593865045e-02
2.452554254373742733e+06 2.641591103314058688e-03 -2.868415871341953999e-02
2.452554254443142563e+06 1.329064467813519806e-02 -2.949027756047980370e-02
2.452554254512542393e+06 8.764504010290496971e-03 -2.942698994110959365e-02
2.452554254581942223e+06 8.410785599077584898e-03 -2.967762242735182132e-02
2.452554254651342053e+06 1.009043188209677623e-02 -2.955826256561864401e-02
2.452554254720741883e+06 1.119376845401774505e-02 -2.886259299278746970e-02
2.452554254790141713e+06 8.485943344130159396e-03 -2.804265128693644166e-02
2.452554254859541543e+06 5.126638722871453002e-03 -2.761028045197911479e-02
2.452554254928941373e+06 -2.807629274244386169e-03 -2.822178270403907438e-02
2.452554254998341203e+06 -9.900553789618005834e-03 -3.042944798618791788e-02
2.452554255067741033e+06 -8.184398478439026958e-03 -3.328751548376648189e-02
2.452554255137140863e+06 -1.112470105117563390e-02 -3.638162072064604624e-02
2.452554255206540693e+06 -4.964789715747543533e-03 -3.921697823081105039e-02
2.452554255275940523e+06 -3.605653313640004055e-03 -4.126182746868527207e-02
2.452554255345340353e+06 5.511694306536664249e-03 -4.208436419728624894e-02
2.452554255414740182e+06 2.179292302742439832e-02 -3.982081622208864802e-02
2.452554255484140012e+06 2.546602498861789791e-03 -3.743764993015379766e-02
2.452554255553539842e+06 -1.159794848011469134e-02 -3.846980109894310162e-02
2.452554255622939672e+06 -3.847987902057377341e-03 -4.016556770261341808e-02
2.452554255692339502e+06 -4.490948401580800546e-03 -4.103328073964709194e-02
2.452554255761739332e+06 -2.330510352881102858e-03 -4.163555513489782672e-02
2.452554255831139162e+06 -7.642353850671961858e-03 -4.249143824828578025e-02
2.452554255900538992e+06 -1.602511969669548689e-02 -4.485849587917703496e-02
2.452554255969938822e+06 -8.838508334125678425e-04 -4.652981284540370910e-02
2.452554256039338652e+06 1.534057350866274878e-02 -4.457471847804012066e-02
2.452554256108738482e+06 -8.535502663382996472e-03 -4.313739899524204197e-02
2.452554256178138312e+06 1.447503690690482396e-02 -4.150178294029766013e-02
2.452554256247538142e+06 8.610916863698943671e-03 -3.757056641470588043e-02
2.452554256316937972e+06 -1.470967593521467498e-02 -3.649229492658011276e-02
2.452554256386337802e+06 -2.161228103105945764e-02 -3.871715471970919864e-02
2.452554256455737632e+06 -1.961987961523319404e-02 -4.167421515830312118e-02
2.452554256525137462e+06 -1.579728191609899857e-02 -4.419863926853226377e-02
2.452554256594537292e+06 -1.522659490694328391e-02 -4.640793766675582743e-02
2.452554256663937122e+06 -1.645127997323479058e-02 -4.885421535887559535e-02
2.452554256733336952e+06 -6.854272524382967399e-03 -5.051572108188007865e-02
2.452554256802736782e+06 -9.235868520723415284e-03 -5.144234570290209807e-02
2.452554256872136611e+06 -9.780779868577881356e-03 -5.273493530496860260e-02
2.452554256941536441e+06 -9.610239547066752597e-03 -5.414102165809264039e-02
2.452554257010936271e+06 -1.442929062023602313e-02 -5.617203783821476948e-02
2.452554257080336101e+06 -1.679112586164280968e-02 -5.919129246287132412e-02
2.452554257149735931e+06 -1.188082677738369099e-02 -6.217501653534349831e-02
2.452554257219135761e+06 -1.034530327502143285e-02 -6.466298588917844536e-02
2.452554257288535591e+06 -3.954136395023177819e-03 -6.642604644133898173e-02
2.452554257357935421e+06 -1.181540160227519815e-02 -6.847477003953530983e-02
2.452554257427335251e+06 -1.379394239242436038e-02 -7.181101277228053859e-02
2.452554257496735081e+06 -8.003639341664878573e-03 -7.498623003767428130e-02
2.452554257566134911e+06 -1.209577522501593429e-02 -7.822202324384795735e-02
2.452554257635534741e+06 -1.477625375871793531e-02 -8.250191527748684805e-02
2.452554257704934571e+06 -1.843700993107123126e-02 -8.788068752335076450e-02
2.452554257774334401e+06 -1.242076897152388781e-02 -9.345532825846492031e-02
2.452554257843734231e+06 -2.088390424825411346e-02 -9.978879459655268236e-02
2.452554257913134061e+06 -1.456123839023182147e-02 -1.069100189571632331e-01
2.452554257982533891e+06 -7.401812841772935879e-03 -1.130698505789449748e-01
2.452554258051933721e+06 -3.191198236108511773e-03 -1.183874211353928702e-01
2.452554258121333551e+06 8.257954826358764044e-04 -1.231173922999114073e-01
2.452554258190733381e+06 1.051954921231102163e-03 -1.276423208974031276e-01
2.452554258260133211e+06 3.833984499416759600e-03 -1.320686175162237019e-01
2.452554258329533041e+06 -3.147147513137532777e-03 -1.372081352861788950e-01
2.452554258398932870e+06 1.879690257644714424e-03 -1.428627430552055766e-01
2.452554258468332700e+06 -1.662781185232081954e-03 -1.486719590319629802e-01
2.452554258537732530e+06 7.572034488840734441e-03 -1.541455613604611197e-01
2.452554258607132360e+06 2.136923786944374196e-02 -1.572160013599846751e-01
2.452554258676532190e+06 1.684182954841792132e-02 -1.592063576245511258e-01
2.452554258745932020e+06 1.149453147818441621e-02 -1.622151060512739273e-01
2.452554258815331850e+06 8.916777656390088846e-03 -1.661209027941439320e-01
2.452554258884731680e+06 1.692123520646865789e-02 -1.694625431479871991e-01
2.452554258954131510e+06 1.257402133644260414e-02 -1.723749043829387040e-01
2.452554259023531340e+06 1.058567714857721470e-02 -1.759642531441593660e-01
2.452554259092931170e+06 1.802504146976436142e-02 -1.789288852017137943e-01
2.452554259162331000e+06 2.232028225688241149e-02 -1.804645568310465353e-01
2.452554259231730830e+06 1.580386305196964519e-02 -1.820331060278676805e-01
2.452554259301130660e+06 1.515157532577007284e-02 -1.842126977404779098e-01
2.452554259370530490e+06 1.588001470720557320e-02 -1.862283762636913753e-01
2.452554259439930320e+06 9.278564276152676676e-03 -1.887520889360655152e-01
2.452554259509330150e+06 9.533511477072894799e-03 -1.918929776571442758e-01
2.452554259578729980e+06 1.096347118032281638e-02 -1.947830395511658264e-01
2.452554259648129810e+06 1.184502448206704861e-02 -1.973189998839640635e-01
2.452554259717529640e+06 3.541074754717501126e-03 -2.005903610644618751e-01
2.452554259786929470e+06 1.728621449619288045e-03 -2.049874668786919873e-01
2.452554259856329300e+06 8.628165462132974389e-03 -2.088623202370059051e-01
2.452554259925729129e+06 3.982260044125801590e-03 -2.124804410109491781e-01
2.452554259995128959e+06 -2.903837170325677432e-03 -2.174091103605510222e-01
2.452554260064528789e+06 1.676617682507475053e-03 -2.227129985423127456e-01
2.452554260133928619e+06 5.900634950310267197e-03 -2.271333601379112166e-01
2.452554260203328449e+06 -3.294372299448933370e-03 -2.321642744135594960e-01
2.452554260272728279e+06 -1.813346463771631743e-03 -2.381822432466348394e-01
2.452554260342128109e+06 6.590609569298491038e-04 -2.439291046225715021e-01
2.452554260411527939e+06 3.833892775669300260e-03 -2.491663454519265630e-01
2.452554260480927769e+06 5.201939363726568004e-03 -2.539558270722139799e-01
2.452554260550327599e+06 6.366013477414170056e-03 -2.584732695398301860e-01
2.452554260619727429e+06 2.057995922989582296e-03 -2.633405430777122636e-01
2.452554260689127259e+06 1.091268845907105399e-02 -2.676956731495034325e-01
2.452554260758527089e+06 1.320799448500756604e-02 -2.707097506465811487e-01
2.452554260827926919e+06 1.202857162225969521e-02 -2.733987695756676661e-01
2.452554260897326749e+06 1.398122381295022025e-02 -2.757677472704449517e-01
2.452554260966726579e+06 1.861308951993278366e-02 -2.771096095016849503e-01
2.452554261036126409e+06 1.384317873642940643e-02 -2.780983685743493861e-01
2.452554261105526239e+06 1.616300485722772101e-02 -2.789725087928392466e-01
2.452554261174926069e+06 5.524183911084396513e-03 -2.804108375514024476e-01
2.452554261244325899e+06 2.215867654176197099e-04 -2.833693134374455358e-01
2.452554261313725729e+06 3.071664114247951802e-03 -2.864538860917589247e-01
2.452554261383125558e+06 2.823396397567820397e-03 -2.890952829654611089e-01
2.452554261452525388e+06 4.661398548884350922e-03 -2.913673213172428555e-01
2.452554261521925218e+06 1.869423530607558157e-03 -2.935313719397417143e-01
2.452554261591325048e+06 -1.079488722599131895e-02 -2.972665538693163301e-01
2.452554261660724878e+06 9.480039367499339120e-03 -3.000710627480957515e-01
2.452554261730124708e+06 7.256141920050642683e-04 -3.013937419623454184e-01
2.452554261799524538e+06 -6.133177263110514352e-03 -3.042316593423999849e-01
2.452554261868924368e+06 -7.818811962368376126e-03 -3.079377384514421778e-01
2.452554261938324198e+06 -1.010141365255239759e-02 -3.120796690825539677e-01
2.452554262007724028e+06 -1.631946408064744933e-02 -3.172330917175013587e-01
2.452554262077123858e+06 -1.590960270860330983e-02 -3.231948547088085988e-01
2.452554262146523688e+06 -1.715058403162677755e-02 -3.294710182783232022e-01
2.452554262215923518e+06 -1.447414549478457171e-02 -3.358262696843767325e-01
2.452554262285323348e+06 -7.337313776611948182e-03 -3.412893277128371539e-01
2.452554262354723178e+06 -8.890800353524260999e-03 -3.462480848331524474e-01
2.452554262424123008e+06 -1.335468279291465894e-02 -3.519906916173462519e-01
2.452554262493522838e+06 -1.156049404965523580e-02 -3.582096317420856990e-01
2.452554262562922668e+06 -7.834451870863411854e-03 -3.639994981683045694e-01
2.452554262632322498e+06 -2.913464874170811850e-03 -3.689439880626523283e-01
2.452554262701722328e+06 -1.284974202636529118e-04 -3.730560404188799639e-01
2.452554262771122158e+06 -1.244817829943226182e-03 -3.769447446826081904e-01
2.452554262840521988e+06 -3.220349220243951937e-03 -3.811393453552222033e-01
2.452554262909921817e+06 -3.559901589542794221e-03 -3.855839458331419278e-01
2.452554262979321647e+06 -2.125840336255027229e-03 -3.899101228298426647e-01
2.452554263048721477e+06 -5.375344358574607288e-03 -3.944428801647797411e-01
2.452554263118121307e+06 -4.000243766662214297e-03 -3.992115969440345191e-01
2.452554263187521137e+06 -6.982121374623114635e-03 -4.042102420515207295e-01
2.452554263256920967e+06 -5.858370621182888878e-03 -4.094915994309096252e-01
2.452554263326320797e+06 1.435184062487274408e-03 -4.138913339627246502e-01
2.452554263395720627e+06 -4.650840331065475217e-03 -4.181493267744331166e-01
2.452554263465120457e+06 -1.023565439703903561e-02 -4.237459128520374985e-01
2.452554263534520287e+06 -3.528113734523397223e-03 -4.293402951381263821e-01
2.452554263603920117e+06 -1.055420634630561917e-03 -4.339931866777601566e-01
2.452554263673319947e+06 -1.831524975333741461e-03 -4.384688960784215994e-01
2.452554263742719777e+06 -2.368879691323007471e-03 -4.430976563690380288e-01
2.452554263812119607e+06 2.060216196582211902e-05 -4.475288803132416171e-01
2.452554263881519437e+06 -4.720207821803692181e-04 -4.517362963155529543e-01
2.452554263950919267e+06 1.370645435514678771e-03 -4.557603056976273770e-01
2.452554264020319097e+06 2.018272022746957738e-03 -4.594507177905202688e-01
2.452554264089718927e+06 1.664522345381345579e-03 -4.630293989363388207e-01
2.452554264159118757e+06 2.274809584634398651e-03 -4.664926634605372491e-01
2.452554264228518587e+06 -2.583708063390072369e-03 -4.703555608669977572e-01
2.452554264297918417e+06 -3.773084465055290184e-03 -4.748747357270285407e-01
2.452554264367318247e+06 -1.964496746776386426e-03 -4.793500268488276039e-01
2.452554264436718076e+06 -9.300856726334908592e-03 -4.844914614179586798e-01
2.452554264506117906e+06 -1.904703373269722028e-02 -4.917128261813235035e-01
2.452554264575517736e+06 -9.173446889676716010e-03 -4.992374286013382401e-01
2.452554264644917566e+06 2.591515262889641878e-03 -5.045913743617960190e-01
2.452554264714317396e+06 -6.092940253685869868e-03 -5.096860899228061736e-01
2.452554264783717226e+06 -9.203197042579901177e-03 -5.162176664063357068e-01
2.452554264853117056e+06 1.622245913673707116e-02 -5.203781341159798846e-01
2.452554264922516886e+06 1.622013004478720100e-02 -5.215457746773268788e-01
2.452554264991916716e+06 1.956560529172955438e-03 -5.240091196148782826e-01
2.452554265061316546e+06 -9.527311506770117303e-03 -5.292521620321010145e-01
2.452554265130716376e+06 -1.060689297080771344e-02 -5.360498763195752359e-01
2.452554265200116206e+06 -7.552371947299795461e-03 -5.428787955115969011e-01
2.452554265269516036e+06 -8.869003920894298620e-03 -5.497617468907458615e-01
2.452554265338915866e+06 -1.153555315927574931e-02 -5.573601722792159707e-01
2.452554265408315696e+06 -8.532109077329661298e-03 -5.652401609990264086e-01
2.452554265477715526e+06 -8.449630533576722377e-03 -5.731008522515195214e-01
2.452554265547115356e+06 -9.706167080443368900e-03 -5.814214977214732238e-01
2.452554265616515186e+06 -5.954864420272371409e-03 -5.898120024724061716e-01
2.452554265685915016e+06 -7.247539351858485381e-04 -5.975115234658100460e-01
2.452554265755314846e+06 -4.605065007733718380e-05 -6.047870500445471365e-01
2.452554265824714676e+06 -4.163766296099500122e-03 -6.126649827762442602e-01
2.452554265894114505e+06 -1.376641491690503262e-03 -6.209531420796581269e-01
2.452554265963514335e+06 2.255920386556565637e-03 -6.287816544003003161e-01
2.452554266032914165e+06 7.404795095296069253e-03 -6.358116094791564921e-01
2.452554266102313995e+06 9.720746681181757429e-03 -6.420965698589686799e-01
2.452554266171713825e+06 1.285028567006427438e-02 -6.477804801052897687e-01
2.452554266241113655e+06 1.838107832834081495e-02 -6.524180797011978061e-01
2.452554266310513485e+06 1.829192628594097925e-02 -6.562658748485441507e-01
2.452554266379913315e+06 1.245829427379873365e-02 -6.605576613815326015e-01
2.452554266449313145e+06 1.177383445412379798e-02 -6.654124742064249087e-01
2.452554266518712975e+06 1.079443705249359675e-02 -6.703283275003947272e-01
2.452554266588112805e+06 5.429573484748213830e-03 -6.758546722522190686e-01
2.452554266657512635e+06 4.606897207281621109e-03 -6.820382982846696640e-01
2.452554266726912465e+06 1.170436039712783628e-02 -6.875005440238741716e-01
2.452554266796312295e+06 1.308791677510121217e-02 -6.919036433745526793e-01
2.452554266865712125e+06 7.920632667403627522e-03 -6.965563895306663422e-01
2.452554266935111955e+06 9.958822089847187836e-03 -7.014120020023952851e-01
2.452554267004511785e+06 1.513202197162088689e-02 -7.052937403800797478e-01
2.452554267073911615e+06 1.297116291864895861e-02 -7.085863499348001859e-01
2.452554267143311445e+06 1.149114029314406496e-02 -7.120044952389040782e-01
2.452554267212711275e+06 9.632896921820623473e-03 -7.155343444301424105e-01
2.452554267282111105e+06 8.963959879974801870e-03 -7.191014511018080091e-01
2.452554267351510935e+06 1.191941275397942306e-02 -7.221586642170807480e-01
2.452554267420910764e+06 1.000082027954665199e-02 -7.248042978199463748e-01
2.452554267490310594e+06 8.271232319963895546e-03 -7.275481009127039433e-01
2.452554267559710424e+06 4.881008866403639852e-03 -7.305830956540084742e-01
2.452554267629110254e+06 1.823667828140196562e-03 -7.341061221948905757e-01
2.452554267698510084e+06 -1.142589324617852842e-03 -7.381308248778553072e-01
2.452554267767909914e+06 1.286274733169920619e-03 -7.420829632379825069e-01
2.452554267837309744e+06 1.509944679297212924e-03 -7.455916145594385647e-01
2.452554267906709574e+06 3.190852207504998417e-04 -7.490369161661879494e-01
2.452554267976109404e+06 -1.510291557683244397e-03 -7.526594152575021290e-01
2.452554268045509234e+06 -3.740801528523158594e-03 -7.566079784240880013e-01
2.452554268114909064e+06 -4.439919918708391117e-03 -7.607948228949381608e-01
2.452554268184308894e+06 -1.592113392570555308e-04 -7.644968727879621895e-01
2.452554268253708724e+06 -1.634804931213523077e-03 -7.677587206213273285e-01
2.452554268323108554e+06 1.598550352770672172e-04 -7.708298675078203432e-01
2.452554268392508384e+06 -1.356684288058401062e-03 -7.737042303698835610e-01
2.452554268461908214e+06 -2.325667727415997241e-03 -7.766918034251962810e-01
2.452554268531308044e+06 -3.581101080307070184e-03 -7.797853005695360995e-01
2.452554268600707874e+06 -2.247186618210363410e-04 -7.825044001402817750e-01
2.452554268670107704e+06 2.852714698001872782e-04 -7.846141133622813735e-01
2.452554268739507534e+06 -4.231503335950881003e-03 -7.869744899916352177e-01
2.452554268808907364e+06 -2.687270126799820927e-03 -7.895057454247509376e-01
2.452554268878307194e+06 2.617655692147983007e-04 -7.913719896176742985e-01
2.452554268947707023e+06 -8.287834119051727677e-03 -7.936855757757599328e-01
2.452554269017106853e+06 -9.591120292210219417e-03 -7.970020380662973247e-01
2.452554269086506683e+06 -8.190167629464549862e-03 -8.002858247735780139e-01
2.452554269155906513e+06 -8.381521171380511628e-03 -8.034127217249852349e-01
2.452554269225306343e+06 -1.019344927393927430e-02 -8.067470762966424402e-01
2.452554269294706173e+06 -1.014995311313404702e-02 -8.102922466990852834e-01
2.452554269364106003e+06 -8.793021607904296169e-03 -8.137102854960364118e-01
2.452554269433505833e+06 -8.545384283113029167e-03 -8.169701450105913976e-01
2.452554269502905663e+06 -1.007421646259573991e-02 -8.203962674228364449e-01
2.452554269572305493e+06 -7.707145146278964951e-03 -8.237670297173825817e-01
2.452554269641705323e+06 -4.644853771470746663e-03 -8.265492555333535662e-01
2.452554269711105153e+06 -7.007651044301705691e-03 -8.292346374270328502e-01
2.452554269780504983e+06 -6.203902682621166911e-03 -8.320824459941195128e-01
2.452554269849904813e+06 -2.318482461092814719e-03 -8.343922926705268361e-01
2.452554269919304643e+06 -1.565349057604086599e-03 -8.361192187407239240e-01
2.452554269988704473e+06 -7.612501158227764908e-03 -8.383623108346069941e-01
2.452554270058104303e+06 -9.680694237856047463e-03 -8.415146305130265514e-01
2.452554270127504133e+06 -6.192534107399252225e-03 -8.445747505207615857e-01
2.452554270196903963e+06 -6.101904511964233169e-03 -8.472867667752815857e-01
2.452554270266303793e+06 -2.904793594295659257e-03 -8.496517661326148385e-01
2.452554270335703623e+06 -4.007336139121268556e-03 -8.517766136008426692e-01
2.452554270405103453e+06 -3.052298601399125975e-03 -8.539023370312072148e-01
2.452554270474503282e+06 -6.665110120678100240e-04 -8.556311495921333776e-01
2.452554270543903112e+06 -3.442904441708009139e-04 -8.570008515236582358e-01
2.452554270613302942e+06 -1.436008953647678523e-03 -8.583847105717533621e-01
2.452554270682702772e+06 7.813497594156759360e-04 -8.595733349174837779e-01
2.452554270752102602e+06 1.823556010188713203e-03 -8.603069474971317687e-01
2.452554270821502432e+06 3.943358956486470971e-04 -8.609694951463362500e-01
2.452554270890902262e+06 3.114566560757429676e-03 -8.613693481579705047e-01
2.452554270960302092e+06 -1.236875475619066394e-03 -8.618284452571931542e-01
2.452554271029701922e+06 -1.394343176325583836e-03 -8.626987279428242061e-01
2.452554271099101752e+06 2.535887838121933090e-03 -8.630739075507123381e-01
2.452554271168501582e+06 8.253543954492614841e-04 -8.630906240047128142e-01
2.452554271237901412e+06 -1.738333901592627054e-03 -8.634751950426309275e-01
2.452554271307301242e+06 -9.012620314118680118e-04 -8.639830842948638123e-01
2.452554271376701072e+06 1.484076438819489831e-03 -8.640631872071613540e-01
2.452554271446100902e+06 1.279907260664994847e-03 -8.638000324513389616e-01
2.452554271515500732e+06 -2.189331100554412542e-03 -8.638471610015697744e-01
2.452554271584900562e+06 -6.314909707915176626e-04 -8.640447878074736243e-01
2.452554271654300392e+06 1.123116865404651978e-03 -8.638127002356503770e-01
2.452554271723700222e+06 3.870640591300707461e-03 -8.629760045039203131e-01
2.452554271793100052e+06 5.452639453479052496e-03 -8.615004557388131756e-01
2.452554271862499882e+06 6.585324978586274552e-03 -8.595174706517753060e-01
2.452554271931899711e+06 5.667901151139662780e-03 -8.572772866333108199e-01
2.452554272001299541e+06 5.156423182173451060e-03 -8.549592525888247696e-01
2.452554272070699371e+06 3.611159417555979446e-03 -8.526446347987070018e-01
2.452554272140099201e+06 2.441847945773551300e-04 -8.506820123510172582e-01
2.452554272209499031e+06 -2.620486104409335340e-03 -8.492786151894667901e-01
2.452554272278898861e+06 -4.227212148304333381e-03 -8.483046818834548697e-01
2.452554272348298691e+06 -6.850171269014702392e-04 -8.470746825197208452e-01
2.452554272417698521e+06 -2.323271686505463170e-03 -8.455750720452784863e-01
2.452554272487098351e+06 -3.198216809034276457e-03 -8.443003623526315060e-01
2.452554272556498181e+06 -2.325887729466066117e-03 -8.429942434632526904e-01
2.452554272625898011e+06 -5.732771690505623604e-04 -8.413580819676519384e-01
2.452554272695297841e+06 -1.873671387631658039e-03 -8.396181318524879034e-01
2.452554272764697671e+06 -6.206683045255772819e-04 -8.378313322240729111e-01
2.452554272834097501e+06 1.149677937612046588e-03 -8.356461559403109973e-01
2.452554272903497331e+06 -9.083016505516950095e-04 -8.334139874240752421e-01
2.452554272972897161e+06 -3.068226857228587446e-03 -8.315966797412839284e-01
2.452554273042296991e+06 -3.321636713289005324e-03 -8.300394827744038695e-01
2.452554273111696821e+06 -4.088065286732088695e-03 -8.286168082553464487e-01
2.452554273181096651e+06 -2.572405780622292332e-03 -8.271445597743348754e-01
2.452554273250496481e+06 -2.034303486784449447e-03 -8.254718439744990199e-01
2.452554273319896311e+06 -9.473015286113430685e-04 -8.236324725078240094e-01
2.452554273389296141e+06 2.879099430246666400e-03 -8.212326298740056929e-01
2.452554273458695970e+06 3.685713144050330441e-03 -8.182507923138372385e-01
2.452554273528095800e+06 3.547823126978850907e-03 -8.150924123932546950e-01
2.452554273597495630e+06 2.726048735001328476e-03 -8.119369255790404027e-01
2.452554273666895460e+06 1.914058047807769411e-03 -8.088725021905397439e-01
2.452554273736295290e+06 1.648384423236312233e-03 -8.058535932271518876e-01
2.452554273805695120e+06 -3.171498022824646061e-05 -8.029944174749417130e-01
2.452554273875094950e+06 7.389968484181863020e-04 -8.001997899711665863e-01
2.452554273944494780e+06 5.657047153657316155e-03 -7.967177491926650257e-01
2.452554274013894610e+06 7.011520393961699453e-03 -7.924134578835353437e-01
2.452554274083294440e+06 7.662580020611425326e-03 -7.877029253421554689e-01
2.452554274152694270e+06 1.079087700635605364e-02 -7.823481709545369034e-01
2.452554274222094100e+06 1.252663662560373446e-02 -7.761670461186326309e-01
2.452554274291493930e+06 1.057867531874214125e-02 -7.696753023784886905e-01
2.452554274360893760e+06 4.659394444067798020e-03 -7.637461080545906444e-01
2.452554274430293590e+06 2.761645923637451750e-03 -7.584525839955079674e-01
2.452554274499693420e+06 3.509836883963802882e-03 -7.531052670574551744e-01
2.452554274569093250e+06 4.327326689238230988e-03 -7.473971215855680361e-01
2.452554274638493080e+06 2.593615877763117035e-03 -7.415914253713831172e-01
2.452554274707892910e+06 -1.591228191801589888e-03 -7.362731662863747362e-01
2.452554274777292740e+06 -1.584745065570442556e-03 -7.313072053862090804e-01
2.452554274846692570e+06 -8.218441334022811521e-04 -7.261694213568490319e-01
2.452554274916092400e+06 -2.546203199849774671e-03 -7.210531586909595392e-01
2.452554274985492229e+06 3.270763454304496357e-04 -7.157266965602893105e-01
2.452554275054892059e+06 -7.760974987832276175e-05 -7.100247774112712351e-01
2.452554275124291889e+06 -3.592136313061008220e-03 -7.046594908921265388e-01
2.452554275193691719e+06 -2.169203525449474920e-03 -6.994663545168305907e-01
2.452554275263091549e+06 1.406354783761451207e-03 -6.936507419188894241e-01
2.452554275332491379e+06 2.155187976676924046e-03 -6.872332445481426078e-01
2.452554275401891209e+06 -2.935945759744654909e-03 -6.811663110946454269e-01
2.452554275471291039e+06 -6.093925818074628908e-03 -6.759535364734173823e-01
2.452554275540690869e+06 -2.892900088414331744e-03 -6.707346057949353790e-01
2.452554275610090699e+06 -4.157892387306674417e-03 -6.652964352192278774e-01
2.452554275679490529e+06 -7.004167090869124236e-03 -6.603243984815165835e-01
2.452554275748890359e+06 -8.482873844850387715e-03 -6.559002960618469658e-01
2.452554275818290189e+06 -7.950293026308827282e-03 -6.516954231033006417e-01
2.452554275887690019e+06 -9.751978552114277596e-03 -6.477730772412715332e-01
2.452554275957089849e+06 -1.028200818571571411e-02 -6.442878017924744682e-01
2.452554276026489679e+06 -3.628625397045325777e-03 -6.403042166362685750e-01
2.452554276095889509e+06 -1.486853624148074590e-03 -6.354560735070973188e-01
2.452554276165289339e+06 -2.840213661735965789e-03 -6.305788611650429143e-01
2.452554276234689169e+06 -4.844755969446855326e-03 -6.261520471037240743e-01
2.452554276304088999e+06 -2.552073970090293440e-03 -6.218015719617454584e-01
2.452554276373488829e+06 -3.354292998191980499e-03 -6.173950343840951538e-01
2.452554276442888658e+06 -3.904232701137770774e-03 -6.132547716529570536e-01
2.452554276512288488e+06 -4.781101114317279008e-03 -6.094161315883193097e-01
2.452554276581688318e+06 -4.607827590743544463e-03 -6.058243005757018018e-01
2.452554276651088148e+06 -2.687831197157201165e-04 -6.018956198194407303e-01
2.452554276720487978e+06 -2.643862006832421643e-03 -5.978840567049903409e-01
2.452554276789887808e+06 -2.749584359110138123e-03 -5.942918045638448943e-01
2.452554276859287638e+06 2.506448285162973517e-04 -5.905348644020702586e-01
2.452554276928687468e+06 -1.022753501152662932e-03 -5.867245204016778848e-01
2.452554276998087298e+06 -1.547655264355028096e-03 -5.832579846850461935e-01
2.452554277067487128e+06 2.892992879507046665e-03 -5.795024380221472926e-01
2.452554277136886958e+06 3.581981736201486632e-03 -5.752783347318094487e-01
2.452554277206286788e+06 3.593725129791924475e-03 -5.710428708291122035e-01
2.452554277275686618e+06 4.580638333670011483e-03 -5.667550712443232275e-01
2.452554277345086448e+06 3.839294628447480293e-03 -5.624915881499621406e-01
2.452554277414486278e+06 5.377780657813453422e-03 -5.581859958734088911e-01
2.452554277483886108e+06 6.381888819176752964e-03 -5.536260854169231527e-01
2.452554277553285938e+06 3.498385400039969156e-03 -5.492930545213114968e-01
2.452554277622685768e+06 4.589720497897914996e-03 -5.451970895876090406e-01
2.452554277692085598e+06 4.111224241471791475e-03 -5.410796245229072543e-01
2.452554277761485428e+06 3.645075420990407690e-03 -5.371135770960833167e-01
2.452554277830885258e+06 4.749121046891272360e-03 -5.331259630392470861e-01
2.452554277900285088e+06 2.699319881542742820e-03 -5.292923196474126346e-01
2.452554277969684917e+06 2.744073170838939868e-03 -5.257462077373273868e-01
2.452554278039084747e+06 3.198728338559930599e-03 -5.222212635877521159e-01
2.452554278108484577e+06 3.553126695248827460e-03 -5.186764023073617835e-01
2.452554278177884407e+06 5.935584069671772517e-03 -5.148782733823982216e-01
2.452554278247284237e+06 8.454366973645825040e-03 -5.105412548560046559e-01
2.452554278316684067e+06 1.094205022227876488e-02 -5.055892598548875627e-01
2.452554278386083897e+06 8.754979214120708550e-03 -5.004987081906353552e-01
2.452554278455483727e+06 8.094969091305588560e-03 -4.956186009103038526e-01
2.452554278524883557e+06 8.387883720994344580e-03 -4.906827782387094827e-01
2.452554278594283387e+06 1.102354041056105051e-02 -4.853014312185013890e-01
2.452554278663683217e+06 5.517098398133525941e-03 -4.800993027188640294e-01
2.452554278733083047e+06 5.519733590415732555e-03 -4.754022983339612485e-01
2.452554278802482877e+06 8.077747818750004999e-03 -4.703289990235564599e-01
2.452554278871882707e+06 4.997143175093895877e-03 -4.651961524826645489e-01
2.452554278941282537e+06 3.037574617280759410e-03 -4.605224748962755688e-01
2.452554279010682367e+06 -2.049545619248743377e-04 -4.563769769229943374e-01
2.452554279080082197e+06 -2.605087545318220555e-03 -4.528668889538111642e-01
2.452554279149482027e+06 -1.318472694876972806e-03 -4.495321886463317096e-01
2.452554279218881857e+06 -4.444707157567018459e-03 -4.464714243301481367e-01
2.452554279288281687e+06 -3.348157329062911511e-03 -4.437308382223384973e-01
2.452554279357681517e+06 -1.990519074982080496e-03 -4.408180678218402426e-01
2.452554279427081347e+06 -1.669296428900647654e-04 -4.376230396954012281e-01
2.452554279496481176e+06 -1.584474847351490564e-04 -4.342655903851158072e-01
2.452554279565881006e+06 1.568000163321546774e-03 -4.307341629464319088e-01
2.452554279635280836e+06 -1.481783572941120300e-03 -4.273604319121107609e-01
2.452554279704680666e+06 4.813927253393435537e-03 -4.236269250841933620e-01
2.452554279774080496e+06 6.806278733411897860e-03 -4.189055496792557509e-01
2.452554279843480326e+06 -8.605820747779380220e-03 -4.156077785117432422e-01
2.452554279912880156e+06 -2.195191608094387327e-03 -4.133740742439377391e-01
2.452554279982279986e+06 -2.964541276682078515e-03 -4.106145643117014576e-01
2.452554280051679816e+06 -1.269074110319689391e-03 -4.078126616831512785e-01
2.452554280121079646e+06 1.511177812125059309e-03 -4.045461028482247867e-01
2.452554280190479476e+06 1.415389949878902501e-03 -4.009677535961186923e-01
2.452554280259879306e+06 8.525080369348118914e-03 -3.965382271990187113e-01
2.452554280329279136e+06 7.690679520672175258e-03 -3.912501750959157532e-01
2.452554280398678966e+06 6.311281711868773963e-04 -3.866579782071932203e-01
2.452554280468078796e+06 7.146029425552141625e-04 -3.827344365511882174e-01
2.452554280537478626e+06 9.281350526632009112e-04 -3.787095236440736201e-01
2.452554280606878456e+06 -1.697446839819771259e-03 -3.748874305801394025e-01
2.452554280676278286e+06 -1.375921442672869283e-03 -3.712784595276343858e-01
2.452554280745678116e+06 -4.285010939712361432e-05 -3.674464784351027524e-01
2.452554280815077946e+06 -1.059498272979876848e-03 -3.635229781180606135e-01
2.452554280884477776e+06 -4.322354802117424170e-03 -3.600326682921392019e-01
2.452554280953877605e+06 -3.799277242868053135e-03 -3.568446386674257176e-01
2.452554281023277435e+06 -8.799110819587565527e-04 -3.532736222142096039e-01
2.452554281092677265e+06 -9.075949621199724078e-04 -3.493416506473902561e-01
2.452554281162077095e+06 -3.276925015983470600e-03 -3.456246262233846900e-01
2.452554281231476925e+06 -1.177963210501908626e-03 -3.419007234300960318e-01
2.452554281300876755e+06 -2.141756298796023816e-03 -3.380074657158155804e-01
2.452554281370276585e+06 -8.183140531958598904e-03 -3.348732657795283063e-01
2.452554281439676415e+06 -8.920647274762659104e-03 -3.325553385902353942e-01
2.452554281509076245e+06 -6.851321252299639140e-03 -3.301990533471443334e-01
2.452554281578476075e+06 -5.785794767011052248e-03 -3.275875824223448141e-01
2.452554281647875905e+06 -2.642327894567916575e-03 -3.245656216583447384e-01
2.452554281717275735e+06 -4.668843004053915835e-03 -3.214458118240889339e-01
2.452554281786675565e+06 -7.149759091569972413e-03 -3.188697344778684273e-01
2.452554281856075395e+06 -8.692804371363748936e-03 -3.168389862618835595e-01
2.452554281925475225e+06 -3.511129920545783684e-03 -3.145199991109587367e-01
2.452554281994875055e+06 -5.033275922257226566e-03 -3.118751113224641491e-01
2.452554282064274885e+06 -5.446667653067501641e-03 -3.095155917031329751e-01
2.452554282133674715e+06 9.027498233453070797e-04 -3.065560632576827538e-01
2.452554282203074545e+06 2.731344741547210055e-03 -3.026689648097891094e-01
2.452554282272474375e+06 -7.222520111578505184e-04 -2.988922045170664399e-01
2.452554282341874205e+06 -4.336322765591059392e-03 -2.958720849844478362e-01
2.452554282411274035e+06 1.754880604247993549e-03 -2.925840125932309688e-01
2.452554282480673864e+06 3.040127379083446598e-04 -2.887480376188740205e-01
2.452554282550073694e+06 -1.170767774755763525e-03 -2.851847298647823825e-01
2.452554282619473524e+06 -1.491679915879187256e-03 -2.817950909054277586e-01
2.452554282688873354e+06 1.256128707258198206e-03 -2.781096479149344214e-01
2.452554282758273184e+06 -1.349358680626691230e-03 -2.743635315540839947e-01
2.452554282827673014e+06 -4.027086425372247876e-03 -2.711827840323480232e-01
2.452554282897072844e+06 -2.034842121557679535e-03 -2.680971610406908123e-01
2.452554282966472674e+06 -8.105328730024750905e-03 -2.655116337811994076e-01
2.452554283035872504e+06 -1.147523178672456724e-03 -2.629038495040209589e-01
2.452554283105272334e+06 2.778496097316961004e-03 -2.591097000376658688e-01
2.452554283174672164e+06 -7.134733948750292612e-03 -2.559594553996799027e-01
2.452554283244071994e+06 -1.050508340936340615e-02 -2.543720037909800169e-01
2.452554283313471824e+06 -6.404750744242955311e-03 -2.528884128607981063e-01
2.452554283382871654e+06 -4.515558292170664643e-03 -2.509040501146616586e-01
2.452554283452271484e+06 1.704411166673932112e-04 -2.482915991970679748e-01
2.452554283521671314e+06 -1.937767523887714855e-03 -2.454438378856446390e-01
2.452554283591071144e+06 1.399939464897426546e-03 -2.424902770309045885e-01
2.452554283660470974e+06 1.200382554290346099e-02 -2.379429784049905683e-01
2.452554283729870804e+06 -1.126415802391723953e-02 -2.347194120400575290e-01
2.452554283799270634e+06 -9.216770207444076671e-03 -2.339597826839617534e-01
2.452554283868670464e+06 -7.803402652858290947e-03 -2.330630868237134612e-01
2.452554283938070294e+06 -3.369845505901751265e-03 -2.317290466662291215e-01
2.452554284007470123e+06 4.816271747664763441e-04 -2.296194953368075331e-01
2.452554284076869953e+06 -3.634482113116449878e-03 -2.276370202463822157e-01
2.452554284146269783e+06 -6.173435998221955302e-03 -2.265328380682145593e-01
2.452554284215669613e+06 -7.357659766797233249e-03 -2.260558220856619116e-01
2.452554284285069443e+06 -1.840236837180808270e-03 -2.253297997683096909e-01
2.452554284354469273e+06 -1.474231433550377566e-03 -2.241376937985696538e-01
2.452554284423869103e+06 -3.477568834367628699e-03 -2.232929719180704597e-01
2.452554284493268933e+06 -2.226809659035731536e-03 -2.227219982640779306e-01
2.452554284562668763e+06 -2.440902363407054451e-03 -2.222369454685227397e-01
2.452554284632068593e+06 -6.023208596088630226e-03 -2.223975695550185483e-01
2.452554284701468423e+06 -6.699197127583120769e-03 -2.233156916906476053e-01
2.452554284770868253e+06 2.352775910512263985e-04 -2.238382096400852450e-01
2.452554284840268083e+06 5.971335741363671332e-03 -2.231623110212012095e-01
2.452554284909667913e+06 1.202675036245899956e-02 -2.212470973415419928e-01
2.452554284979067743e+06 1.959739259572317732e-02 -2.177367857259214223e-01
2.452554285048467573e+06 1.966375505505871951e-02 -2.131505586375426475e-01
2.452554285117867403e+06 7.875453593251828879e-03 -2.096214182636652323e-01
2.452554285187267233e+06 2.709772970926312054e-03 -2.078750557930873766e-01
2.452554285256667063e+06 2.494523640865381822e-03 -2.067605600818183675e-01
2.452554285326066893e+06 -5.692696590826267812e-03 -2.066918208863374185e-01
2.452554285395466723e+06 -5.619227934493075012e-03 -2.077404950841910403e-01
2.452554285464866553e+06 3.800863203952863523e-03 -2.079716790040964935e-01
2.452554285534266382e+06 1.477994553502967948e-02 -2.060173350323237507e-01
2.452554285603666212e+06 1.507687563804867639e-02 -2.026911177528970265e-01
2.452554285673066042e+06 1.479222711603624812e-02 -1.991504126746227732e-01
2.452554285742465872e+06 1.367898511957896593e-02 -1.955379962033788332e-01
2.452554285811865702e+06 1.258373395897107415e-02 -1.919435705679840842e-01
2.452554285881265532e+06 9.065436322012546469e-03 -1.886522279619588238e-01
2.452554285950665362e+06 1.034068761534454170e-03 -1.865058604017133526e-01
2.452554286020065192e+06 -4.600980946533989382e-03 -1.858761614320680322e-01
2.452554286089465022e+06 -5.997628773853369046e-03 -1.861546747377978706e-01
2.452554286158864852e+06 -4.127544759508585716e-03 -1.865613017684362440e-01
2.452554286228264682e+06 -2.478608229021483401e-03 -1.867467813152169087e-01
2.452554286297664512e+06 -1.034957585495519016e-03 -1.867269749750362362e-01
2.452554286367064342e+06 3.880549288148310398e-03 -1.860915126111760964e-01
2.452554286436464172e+06 1.211239070372483080e-02 -1.839781220812981566e-01
2.452554286505864002e+06 1.115838853979677324e-02 -1.809040417012710567e-01
2.452554286575263832e+06 9.400945550874402479e-03 -1.779257456554124706e-01
2.452554286644663662e+06 5.350373978001934927e-03 -1.754164737193500412e-01
2.452554286714063492e+06 3.962603578331486305e-03 -1.733870532879230597e-01
2.452554286783463322e+06 5.575131570174955524e-03 -1.712336033073514618e-01
2.452554286852863152e+06 -7.637528101601766045e-04 -1.695182826497768636e-01
2.452554286922262982e+06 7.041865120015888954e-04 -1.683060839044826784e-01
2.452554286991662811e+06 -6.765433838501012985e-05 -1.670045031411416248e-01
2.452554287061062641e+06 -3.437240645710107172e-03 -1.661637407039867065e-01
2.452554287130462471e+06 -2.909211951330990635e-03 -1.656808164956495855e-01
2.452554287199862301e+06 1.851728872227749521e-04 -1.648406648333228530e-01
2.452554287269262131e+06 2.655240475507096055e-03 -1.633754089406387056e-01
2.452554287338661961e+06 -3.854678175278155108e-03 -1.623302392293653196e-01
2.452554287408061791e+06 3.558849019605867924e-03 -1.611758052706872835e-01
2.452554287477461621e+06 1.615504635095508720e-02 -1.576807295922429686e-01
2.452554287546861451e+06 1.149428305137435539e-02 -1.529950931833711225e-01
2.452554287616261281e+06 -1.318837519169133166e-02 -1.513266745042293471e-01
2.452554287685661111e+06 -6.409224910032190921e-03 -1.516826211963412108e-01
2.452554287755060941e+06 -4.422219240201316973e-03 -1.511851704987105527e-01
2.452554287824460771e+06 -8.009161483125927170e-03 -1.509405505498893074e-01
2.452554287893860601e+06 -2.945222078743936229e-03 -1.506158402188101375e-01
2.452554287963260431e+06 -6.591403478748491390e-03 -1.502056176485455086e-01
2.452554288032660261e+06 -2.622826253649275172e-03 -1.498244351580401423e-01
2.452554288102060091e+06 -8.529395477078463919e-03 -1.497346561664469611e-01
2.452554288171459921e+06 -4.145225624189635520e-03 -1.499159797880675604e-01
2.452554288240859751e+06 -4.102497738364298610e-03 -1.497025125411324820e-01
2.452554288310259581e+06 -5.265007032856264084e-03 -1.496906404928054490e-01
2.452554288379659411e+06 -7.024331905542424009e-03 -1.501073136410618902e-01
2.452554288449059241e+06 -3.690941890764433235e-03 -1.504719727586485700e-01
2.452554288518459070e+06 -1.992232738222815373e-03 -1.503715984568493036e-01
2.452554288587858900e+06 -5.252971716668104686e-06 -1.499069372076689555e-01
2.452554288657258730e+06 8.671199679878342087e-03 -1.482250154421707600e-01
2.452554288726658560e+06 9.631960695936001710e-03 -1.453122645037260574e-01
2.452554288796058390e+06 -2.372075177520169102e-03 -1.434399082226721356e-01
2.452554288865458220e+06 -6.395700039673434499e-03 -1.433048779323758404e-01
