2.452560301875600126e+06 0.000000000000000000e+00 0.000000000000000000e+00
2.452560301921899896e+06 -1.616587586980041582e-08 -1.229697843740104478e-09
2.452560301968199667e+06 4.703465850339983405e-08 1.031262052422818059e-09
2.452560302014499437e+06 7.032207711918373031e-08 1.003337557906690605e-08
2.452560302060799208e+06 5.831402083306888948e-08 2.052985559730973022e-08
2.452560302107098978e+06 1.209857987507606158e-07 3.560785931287610528e-08
2.452560302153398748e+06 8.662012165761470772e-08 5.387403868550453389e-08
2.452560302199698519e+06 6.643585951925039206e-08 6.922657134565549186e-08
2.452560302245998289e+06 1.223382269714336513e-07 8.829467111931052832e-08
2.452560302292298060e+06 2.123307140640851020e-07 1.196959739994184327e-07
2.452560302338597830e+06 2.061828411612228678e-07 1.595516103583838616e-07
2.452560302384897601e+06 2.370027379522215157e-07 2.039062819762198579e-07
2.452560302431197371e+06 2.504266330898790517e-07 2.544997365251789605e-07
2.452560302477497142e+06 2.290574196720053633e-07 3.077280370696984664e-07
2.452560302523796912e+06 1.710160692454802990e-07 3.582543798204087146e-07
2.452560302570096683e+06 8.813767731831123389e-08 4.011156594048125142e-07
2.452560302616396453e+06 5.730233343120000491e-08 4.377486738800570309e-07
2.452560302662696224e+06 1.142151449052855341e-07 4.782677330818359715e-07
2.452560302708995994e+06 8.569796926156443341e-08 5.230564446055683034e-07
2.452560302755295765e+06 -1.529948520620744062e-08 5.603310880302018778e-07
2.452560302801595535e+06 -1.826940150979572786e-08 5.914209478901440973e-07
2.452560302847895306e+06 9.344431244123565150e-09 6.256013565092341291e-07
2.452560302894195076e+06 -4.517815684479503266e-08 6.591106276565037667e-07
2.452560302940494847e+06 -7.367360282044433224e-08 6.875693835925255867e-07
2.452560302986794617e+06 -5.446215096660011453e-08 7.161662755059357179e-07
2.452560303033094388e+06 -3.835222921938197848e-08 7.482506635281473463e-07
2.452560303079394158e+06 2.856233998310161374e-08 7.876454769772536643e-07
2.452560303125693928e+06 7.456876223064696016e-09 8.319802025109740094e-07
2.452560303171993699e+06 -2.022511489065117429e-08 8.743403501897956041e-07
2.452560303218293469e+06 -3.158136926278940286e-08 9.152511947648180600e-07
2.452560303264593240e+06 -5.306588799249660252e-08 9.550086416419491912e-07
2.452560303310893010e+06 -7.197694727361720140e-08 9.928863436008512529e-07
2.452560303357192781e+06 -3.511291082268077244e-08 1.033122100813359176e-06
2.452560303403492551e+06 2.473949920457311866e-08 1.081810768182459847e-06
2.452560303449792322e+06 5.071341975594004306e-08 1.138656491397151550e-06
2.452560303496092092e+06 -3.327850460888712989e-08 1.193216100693263672e-06
2.452560303542391863e+06 -5.343056352678127791e-08 1.241726861369299203e-06
2.452560303588691633e+06 -4.027718395744298986e-08 1.291061728642994029e-06
2.452560303634991404e+06 -3.543210706261255661e-08 1.343102985099339632e-06
2.452560303681291174e+06 -5.399639070162156488e-08 1.395551697906579616e-06
2.452560303727590945e+06 -8.838484863350433037e-08 1.445370814344947358e-06
2.452560303773890715e+06 2.096300762118018420e-08 1.502022609308617236e-06
2.452560303820190486e+06 -9.151928738367145745e-08 1.559974801439716889e-06
2.452560303866490256e+06 -1.952266036623697270e-07 1.603026884127531876e-06
2.452560303912790027e+06 -1.912412145323712920e-07 1.638894969378717701e-06
2.452560303959089797e+06 -9.193679892518598377e-08 1.682450290019376170e-06
2.452560304005389567e+06 -8.858748557196851038e-08 1.734140247351671601e-06
2.452560304051689338e+06 -1.552998502667763680e-07 1.781853238435737072e-06
2.452560304097989108e+06 -1.755687955874856669e-07 1.823439559507204827e-06
2.452560304144288879e+06 -1.453294640380928248e-07 1.865776325346163074e-06
2.452560304190588649e+06 -1.515927674675003549e-07 1.909929937018437141e-06
2.452560304236888420e+06 -8.827338215717311268e-08 1.958493818072270323e-06
2.452560304283188190e+06 -2.004753850691900125e-07 2.003669135547588517e-06
2.452560304329487961e+06 -1.979965194746205107e-07 2.040529333681905764e-06
2.452560304375787731e+06 -1.049212849596880396e-07 2.084048589733458793e-06
2.452560304422087502e+06 -1.992132310510812113e-07 2.127301394234043381e-06
2.452560304468387272e+06 -1.548804443768030471e-07 2.166515969236491747e-06
2.452560304514687043e+06 -2.383400154591630911e-07 2.202187045554143541e-06
2.452560304560986813e+06 -2.466520368004029122e-07 2.230024101403794059e-06
2.452560304607286584e+06 -2.082503462872139300e-07 2.258714357445693871e-06
2.452560304653586354e+06 -3.359179220309742337e-07 2.279226595326234890e-06
2.452560304699886125e+06 -1.187662909505439065e-07 2.304566497272359044e-06
2.452560304746185895e+06 -1.874892999038991046e-07 2.339563548974038681e-06
2.452560304792485666e+06 -1.153203717128692535e-07 2.373871806160839964e-06
2.452560304838785436e+06 4.215477679233305243e-08 2.424633337709337321e-06
2.452560304885085206e+06 -1.570444214926693338e-07 2.472359276609612483e-06
2.452560304931384977e+06 -1.905256014148995844e-07 2.502271288276767790e-06
2.452560304977684747e+06 -1.158327742178580550e-07 2.533909486538564193e-06
2.452560305023984518e+06 -1.234879454507152171e-07 2.569359114075993296e-06
2.452560305070284288e+06 -1.940036666190639299e-07 2.597842077918509814e-06
2.452560305116584059e+06 -1.412258681717523093e-07 2.623454613605712792e-06
2.452560305162883829e+06 -2.603870819716020762e-07 2.642298771144433496e-06
2.452560305209183600e+06 -2.060015754961863559e-07 2.654029396765383030e-06
2.452560305255483370e+06 -2.039504383962207812e-07 2.667387677488329902e-06
2.452560305301783141e+06 -2.670788113251117938e-07 2.673588509608683215e-06
2.452560305348082911e+06 -2.367853206404555429e-07 2.674311000650462485e-06
2.452560305394382682e+06 -1.002215268091783270e-07 2.684408591101976849e-06
2.452560305440682452e+06 -9.492065095605054212e-08 2.702707208889077832e-06
2.452560305486982223e+06 -1.503259357977651647e-07 2.715235101067961711e-06
2.452560305533281993e+06 -2.068773423434514817e-07 2.716916392898483787e-06
2.452560305579581764e+06 -2.144534376609349830e-07 2.710669318745437725e-06
2.452560305625881534e+06 -1.059903709003885224e-07 2.708551931528305468e-06
2.452560305672181305e+06 -1.210107892198991496e-07 2.710372927692979750e-06
2.452560305718481075e+06 -8.309518977449576010e-08 2.711122542279394668e-06
2.452560305764780845e+06 -2.858237073236647539e-09 2.718043514686873569e-06
2.452560305811080616e+06 -3.632820183173170801e-08 2.726218810596601820e-06
2.452560305857380386e+06 4.373286746092606677e-08 2.735790874686625510e-06
2.452560305903680157e+06 6.177375325046584105e-08 2.750842765475917325e-06
2.452560305949979927e+06 3.785223634644943522e-08 2.763917386001265557e-06
2.452560305996279698e+06 4.227917969821950728e-08 2.773894971863077338e-06
2.452560306042579468e+06 1.823386350451720042e-07 2.793089116924843407e-06
2.452560306088879239e+06 1.768721420088746383e-07 2.821465257427927052e-06
2.452560306135179009e+06 1.359536147052971808e-07 2.845957853029288965e-06
2.452560306181478780e+06 1.532245765242115066e-07 2.868056602541557744e-06
2.452560306227778550e+06 2.206156644174680434e-07 2.895871933986459891e-06
2.452560306274078321e+06 2.490064625985554697e-07 2.930699709290983195e-06
2.452560306320378091e+06 1.381562038465235942e-07 2.959513944036062821e-06
2.452560306366677862e+06 1.329495506607566294e-07 2.979356387287900664e-06
2.452560306412977632e+06 9.933356056390037911e-08 2.995498874392603895e-06
2.452560306459277403e+06 7.057665891646590631e-08 3.005934518869881610e-06
2.452560306505577173e+06 2.086575493840921654e-07 3.023372021757196817e-06
2.452560306551876944e+06 4.042724383865038429e-07 3.065436828904754100e-06
2.452560306598176714e+06 2.467798724436281617e-07 3.111441374415815172e-06
2.452560306644476485e+06 2.492560152253167662e-08 3.129919517695438461e-06
2.452560306690776255e+06 -1.040377306805810419e-07 3.121093503876675612e-06
2.452560306737076025e+06 -8.688289680043445316e-08 3.101255352286133333e-06
2.452560306783375796e+06 1.474643759066365513e-07 3.097351074295014756e-06
2.452560306829675566e+06 1.468029241689215406e-07 3.109263619101472730e-06
2.452560306875975337e+06 1.545952111202269698e-07 3.120964602359980936e-06
2.452560306922275107e+06 1.889107741099814221e-07 3.135158387063838328e-06
2.452560306968574878e+06 9.538203811506515656e-08 3.144373049434686596e-06
2.452560307014874648e+06 8.105515448326348740e-08 3.144609716216289461e-06
2.452560307061174419e+06 9.872626257295648900e-08 3.143752342450469905e-06
2.452560307107474189e+06 1.503852433022090878e-07 3.146818368308949993e-06
2.452560307153773960e+06 2.178303018856616655e-07 3.157949172261055917e-06
2.452560307200073730e+06 2.658920014945164825e-07 3.177513187883732922e-06
2.452560307246373501e+06 1.658911843938456692e-07 3.193427828780664883e-06
2.452560307292673271e+06 1.969880634511077847e-07 3.204186368431496220e-06
2.452560307338973042e+06 2.704424426567971253e-07 3.222664755949838418e-06
2.452560307385272812e+06 2.901121815853930648e-07 3.248595197543770542e-06
2.452560307431572583e+06 1.582652049207755763e-07 3.266929950590243920e-06
2.452560307477872353e+06 2.274206955051678697e-07 3.280922499385332003e-06
2.452560307524172124e+06 2.917997207945077418e-07 3.305229842037417436e-06
2.452560307570471894e+06 2.434477899352369757e-07 3.331688621731117677e-06
2.452560307616771664e+06 1.022930600920650905e-07 3.344843180623398965e-06
2.452560307663071435e+06 1.809633773598763157e-07 3.353434211827147639e-06
2.452560307709371205e+06 3.548479753925725510e-07 3.381143861345237802e-06
2.452560307755670976e+06 1.646462484362582351e-07 3.408922334361720342e-06
2.452560307801970746e+06 1.653199321530938918e-07 3.423614553393628798e-06
2.452560307848270517e+06 3.304493876143826932e-07 3.451336226079108015e-06
2.452560307894570287e+06 1.941855347800268107e-07 3.482627853285343845e-06
2.452560307940870058e+06 2.435598650525103568e-07 3.508948585407915755e-06
2.452560307987169828e+06 1.833388640836730192e-07 3.535734460921684021e-06
2.452560308033469599e+06 1.293416399404916064e-07 3.555165513420675538e-06
2.452560308079769369e+06 1.002512710320643322e-07 3.569096558734088156e-06
2.452560308126069140e+06 -1.603655115540801044e-09 3.573515848479015409e-06
2.452560308172368910e+06 1.219204090724616806e-07 3.579384439857421352e-06
2.452560308218668681e+06 2.758326000930919490e-07 3.606301196028892496e-06
2.452560308264968451e+06 3.439417222798341104e-07 3.651580123375229568e-06
2.452560308311268222e+06 3.037136268215714369e-07 3.701757495558536431e-06
2.452560308357567992e+06 2.045853418699292749e-07 3.744430482226980187e-06
2.452560308403867763e+06 1.587228136108863501e-07 3.778599815600786478e-06
2.452560308450167533e+06 1.042843970873815402e-07 3.807033308160074245e-06
2.452560308496467303e+06 1.114176551070467183e-07 3.833338606126632979e-06
2.452560308542767074e+06 2.265079129162384813e-07 3.870251175103521453e-06
2.452560308589066844e+06 1.579405660836914992e-07 3.912757278561447608e-06
2.452560308635366615e+06 9.663044221704962614e-08 3.947809531176221477e-06
2.452560308681666385e+06 9.365206097559674921e-08 3.979832803239288588e-06
2.452560308727966156e+06 6.028999373439232909e-08 4.010712733767746336e-06
2.452560308774265926e+06 -1.254966218781975363e-08 4.035032090862107228e-06
2.452560308820565697e+06 -2.562610624611949285e-08 4.053847669219768695e-06
2.452560308866865467e+06 -7.975244178470221135e-08 4.068181122372315228e-06
2.452560308913165238e+06 -1.232365609093146304e-08 4.083834989262061353e-06
2.452560308959465008e+06 1.027187491440740815e-07 4.113774135659912558e-06
2.452560309005764779e+06 5.543205788435266102e-08 4.150285341963366963e-06
2.452560309052064549e+06 3.739942544852085585e-08 4.183688530071729256e-06
2.452560309098364320e+06 -1.947723804539522144e-08 4.212999095630948852e-06
2.452560309144664090e+06 -3.638445588792043816e-08 4.237981546880265959e-06
2.452560309190963861e+06 1.393328466761873397e-08 4.266457675859777861e-06
2.452560309237263631e+06 1.161558753629991537e-07 4.307717667767565260e-06
2.452560309283563402e+06 -3.653256130913517200e-08 4.347199713952865248e-06
2.452560309329863172e+06 -7.764368297864797874e-09 4.379143176163847568e-06
2.452560309376162942e+06 -1.219224554697364618e-08 4.414246124262552308e-06
2.452560309422462713e+06 -6.131893892956006358e-08 4.446772891029499146e-06
2.452560309468762483e+06 -1.935134223360908176e-08 4.480029931809563316e-06
2.452560309515062254e+06 -9.664987350680520788e-09 4.518505994196121539e-06
2.452560309561362024e+06 1.012044451678718720e-09 4.560152170385958091e-06
2.452560309607661795e+06 -2.851035552094566004e-10 4.604309971287140749e-06
2.452560309653961565e+06 -8.104011368848511110e-08 4.644148818235788547e-06
2.452560309700261336e+06 -3.381875207438295957e-07 4.659842267404030434e-06
2.452560309746561106e+06 -1.735988420085404488e-07 4.668289469807748904e-06
2.452560309792860877e+06 -7.988772332400102917e-08 4.695652022965776398e-06
2.452560309839160647e+06 -1.322045816077836477e-07 4.726769340052433412e-06
2.452560309885460418e+06 -2.270227541593059483e-07 4.747534825898277893e-06
2.452560309931760188e+06 -1.351439581906035250e-07 4.768145445405324460e-06
2.452560309978059959e+06 -1.303560082370716397e-07 4.796145535347592913e-06
2.452560310024359729e+06 -1.336163734549093410e-07 4.824800729264233995e-06
2.452560310070659500e+06 -1.415652484764841276e-07 4.853155708626375171e-06
2.452560310116959270e+06 -1.146961644673100849e-07 4.883447008441445583e-06
2.452560310163259041e+06 4.856949286835000807e-09 4.925476939379493621e-06
2.452560310209558811e+06 -1.993518726423951436e-07 4.962463047058982951e-06
2.452560310255858582e+06 -1.189126476175621438e-07 4.991016578175369643e-06
2.452560310302158352e+06 -1.742065980447070776e-07 5.021819172831127805e-06
2.452560310348458122e+06 -3.580260780364205615e-07 5.034893854040749703e-06
2.452560310394757893e+06 -3.539924324008422385e-07 5.033458734170421105e-06
2.452560310441057663e+06 -1.812806301547067313e-07 5.043596344371046758e-06
2.452560310487357434e+06 -2.053899424923676158e-07 5.064000796174413459e-06
2.452560310533657204e+06 -2.534757755686115669e-07 5.078601401766499028e-06
2.452560310579956975e+06 -2.618930237771988183e-07 5.088161818609339441e-06
2.452560310626256745e+06 -2.459586192125672393e-07 5.097185782569593628e-06
2.452560310672556516e+06 -1.879247201511845553e-07 5.110689863084352847e-06
2.452560310718856286e+06 -1.070628369358027127e-07 5.133931865914079797e-06
2.452560310765156057e+06 -1.392158023507124206e-07 5.160736532608064148e-06
2.452560310811455827e+06 -2.309526545864999385e-07 5.178206840522511824e-06
2.452560310857755598e+06 -1.978524497008250066e-07 5.190618920509922233e-06
2.452560310904055368e+06 -2.235431997986608669e-07 5.202627455444226562e-06
2.452560310950355139e+06 -2.063874250193151440e-07 5.212988825160223391e-06
2.452560310996654909e+06 -2.160205627953319341e-07 5.222806856639158023e-06
2.452560311042954680e+06 -2.484938277266946416e-07 5.228270269756844294e-06
2.452560311089254450e+06 -2.470925053289050164e-07 5.229913728526091669e-06
2.452560311135554221e+06 -1.757838451354549425e-07 5.235372565678788694e-06
2.452560311181853991e+06 -1.632888709420029750e-07 5.245779657302646599e-06
2.452560311228153761e+06 -1.580591127871395474e-07 5.256472555651613191e-06
2.452560311274453532e+06 -1.346683499479326442e-07 5.268306336485287338e-06
2.452560311320753302e+06 -8.801730880732455109e-08 5.284518703958522549e-06
2.452560311367053073e+06 -9.459603459703011383e-08 5.303144928747219029e-06
2.452560311413352843e+06 -2.876355195337299832e-08 5.325813150980996668e-06
2.452560311459652614e+06 -4.286260879167950183e-08 5.352232107653201187e-06
2.452560311505952384e+06 -1.071334359610950791e-07 5.372758943409932050e-06
2.452560311552252155e+06 -6.725188214394241768e-08 5.391064174758333981e-06
2.452560311598551925e+06 -1.178368830655852820e-07 5.408022826907748418e-06
2.452560311644851696e+06 -1.427344979766101838e-07 5.418607113151889057e-06
2.452560311691151466e+06 -1.144441422346461270e-07 5.428362853834544522e-06
2.452560311737451237e+06 -9.217367244876083813e-08 5.440827722797484105e-06
2.452560311783751007e+06 -1.895161139389640278e-07 5.446647543076792707e-06
2.452560311830050778e+06 -1.607624545322763507e-07 5.445851163506476370e-06
2.452560311876350548e+06 -4.568286425524535418e-08 5.454146009574896019e-06
2.452560311922650319e+06 -5.631179291690793080e-09 5.473065188599232281e-06
2.452560311968950089e+06 -6.203898574178051647e-08 5.490332661247538153e-06
2.452560312015249860e+06 -1.373454005512735119e-07 5.497055337616530232e-06
2.452560312061549630e+06 -1.928259203884576310e-07 5.492558238082142778e-06
2.452560312107849400e+06 -2.044111232002338632e-07 5.480912450052244531e-06
2.452560312154149171e+06 -2.731077706382442282e-08 5.479341133474254828e-06
2.452560312200448941e+06 1.785163790229794549e-07 5.505146857257313429e-06
2.452560312246748712e+06 5.093859406579360844e-08 5.537129230729817396e-06
2.452560312293048482e+06 -5.920996394814133482e-08 5.551682377259069745e-06
2.452560312339348253e+06 -1.301218681461944222e-07 5.551863046243419630e-06
2.452560312385648023e+06 -1.562075922752956809e-07 5.543056415147487386e-06
2.452560312431947794e+06 -1.278622869492312730e-07 5.532208639708451419e-06
2.452560312478247564e+06 -3.567012005682685113e-08 5.528220340949943588e-06
2.452560312524547335e+06 1.173845552212099026e-08 5.533080281064352857e-06
2.452560312570847105e+06 -5.545848335464854370e-09 5.539130391368119525e-06
2.452560312617146876e+06 3.759355590606986595e-08 5.546159078735921221e-06
2.452560312663446646e+06 8.230478950849997451e-08 5.558978733217442981e-06
2.452560312709746417e+06 -4.638321780767080889e-08 5.564955144547093496e-06
2.452560312756046187e+06 6.273543907708851146e-08 5.568519296830773128e-06
2.452560312802345958e+06 2.369087406944908803e-08 5.576346900914066035e-06
2.452560312848645728e+06 8.601009695590996811e-09 5.579323732222796981e-06
2.452560312894945499e+06 1.002206141979867556e-08 5.580209353458037195e-06
2.452560312941245269e+06 -9.460262523934185785e-08 5.572078054479719431e-06
2.452560312987545040e+06 -1.267390872666385326e-08 5.560451644476134887e-06
2.452560313033844810e+06 6.616244232014606570e-09 5.554560063470360585e-06
2.452560313080144580e+06 4.178651564328035943e-08 5.551310961826888765e-06
2.452560313126444351e+06 7.023906267737952487e-08 5.551637947343421923e-06
2.452560313172744121e+06 7.807617942013041106e-09 5.548415594714356804e-06
2.452560313219043892e+06 1.610273560459671257e-07 5.550922945567451287e-06
2.452560313265343662e+06 2.798500749369431156e-09 5.552324646451122987e-06
2.452560313311643433e+06 4.672505619131760580e-09 5.541066329333434014e-06
2.452560313357943203e+06 1.563741009988490314e-07 5.539864534336958587e-06
2.452560313404242974e+06 1.275268697438224084e-07 5.547153642350213595e-06
2.452560313450542744e+06 8.368471535889921172e-08 5.548703468446394201e-06
2.452560313496842515e+06 1.435915762383425811e-07 5.550887261163671257e-06
2.452560313543142285e+06 2.721670300266547578e-07 5.566902868277181196e-06
2.452560313589442056e+06 4.678318392330097921e-07 5.608093610182278147e-06
2.452560313635741826e+06 7.333251294778440305e-07 5.686672262295939421e-06
2.452560313682041597e+06 3.014293115478716656e-07 5.757523585337324773e-06
2.452560313728341367e+06 1.834815673734052293e-07 5.790842245399789740e-06
2.452560313774641138e+06 2.448129380223770189e-07 5.821406103320474577e-06
2.452560313820940908e+06 2.982212927538013620e-07 5.862032281315384722e-06
2.452560313867240679e+06 1.329379369652365821e-07 5.896177283049286569e-06
2.452560313913540449e+06 1.243210250846890573e-07 5.918628109175213605e-06
2.452560313959840219e+06 9.016876372964314626e-08 5.938504775022172823e-06
2.452560314006139990e+06 5.257767691926698922e-08 5.953413158810888481e-06
2.452560314052439760e+06 2.017738175430677315e-08 5.963130750954188202e-06
2.452560314098739531e+06 -8.238112680143623934e-09 5.967991982418006739e-06
2.452560314145039301e+06 -7.121107658603471250e-08 5.965339992258542087e-06
2.452560314191339072e+06 1.139485513211724564e-07 5.970909522860412999e-06
2.452560314237638842e+06 1.923079710921147581e-07 5.996067778499427431e-06
2.452560314283938613e+06 1.316932994159849605e-07 6.023528707907607728e-06
2.452560314330238383e+06 1.139664774163515934e-07 6.046136136653955407e-06
2.452560314376538154e+06 1.381688574049293501e-07 6.069983404842571467e-06
2.452560314422837924e+06 -9.235017168052409856e-08 6.078964669471730651e-06
2.452560314469137695e+06 -1.493039004838100847e-07 6.065843564672022034e-06
2.452560314515437465e+06 -3.956421122252670617e-08 6.054950602562424588e-06
2.452560314561737236e+06 -5.388722616684986414e-08 6.049736867873847341e-06
2.452560314608037006e+06 -1.455430762647692440e-07 6.035332951105998805e-06
2.452560314654336777e+06 -6.022532899182113981e-09 6.022829366760003882e-06
2.452560314700636547e+06 1.214990146811139955e-08 6.020769878409080723e-06
2.452560314746936318e+06 -1.005365313646001324e-07 6.010762305247905436e-06
2.452560314793236088e+06 -1.253543837228550171e-07 5.989009204572194999e-06
2.452560314839535858e+06 7.129113619741286359e-08 5.978257226000939843e-06
2.452560314885835629e+06 1.428823342337694624e-07 5.986687939848703485e-06
2.452560314932135399e+06 1.514874902391246695e-07 6.001408230580612540e-06
2.452560314978435170e+06 8.755276030400602040e-08 6.012574913197776886e-06
2.452560315024734940e+06 -9.435749564859698833e-08 6.005453444120935584e-06
2.452560315071034711e+06 -1.111539010311102550e-08 5.989957289349381400e-06
2.452560315117334481e+06 8.477166893639062157e-08 5.986667360568131227e-06
2.452560315163634252e+06 1.729825691876413356e-07 5.996883288316990717e-06
2.452560315209934022e+06 1.804566647622444575e-07 6.014873887145724857e-06
2.452560315256233793e+06 1.153449996703035573e-08 6.021645429566684967e-06
2.452560315302533563e+06 -7.822332451546015216e-09 6.014363079706765108e-06
2.452560315348833334e+06 1.588234138411676823e-08 6.006701697207939106e-06
2.452560315395133104e+06 4.814308246736486398e-08 6.002601121486920351e-06
2.452560315441432875e+06 8.615342863519270181e-08 6.003442582635633507e-06
2.452560315487732645e+06 1.409672373357849902e-07 6.011326525373312748e-06
2.452560315534032416e+06 -5.156676023454721229e-08 6.009241313457341292e-06
2.452560315580332186e+06 -7.009038869165154810e-08 5.990915921132321099e-06
2.452560315626631957e+06 -2.661322298226487685e-08 5.973181462783002052e-06
2.452560315672931727e+06 2.183043026939842010e-09 5.959734366362719227e-06
2.452560315719231497e+06 -3.516728623785031088e-08 5.944784207692637707e-06
2.452560315765531268e+06 -1.184223534897003822e-07 5.919747993930878381e-06
2.452560315811831038e+06 -8.543056746180029498e-08 5.889310725111768044e-06
2.452560315858130809e+06 1.290083333403100679e-08 5.866967485849891268e-06
2.452560315904430579e+06 3.697448985211409718e-08 5.852687257101646212e-06
2.452560315950730350e+06 -1.914021445272449243e-07 5.822250255146789756e-06
2.452560315997030120e+06 -1.070176260168824179e-07 5.779146313051080365e-06
2.452560316043329891e+06 1.272290618219993023e-07 5.757740923479143092e-06
2.452560316089629661e+06 3.937795257101093240e-07 5.773521751692936999e-06
2.452560316135929432e+06 5.080478790535681457e-07 5.820055749032942669e-06
2.452560316182229202e+06 2.602558390757644729e-07 5.860394637217153587e-06
2.452560316228528973e+06 1.469043797941579758e-07 5.876729828690392190e-06
2.452560316274828743e+06 9.863905723707451206e-08 5.882489409784076398e-06
2.452560316321128514e+06 6.396207711162089204e-08 5.882896317498078366e-06
2.452560316367428284e+06 3.768019691554768231e-08 5.879246689494958442e-06
2.452560316413728055e+06 4.622067518640947858e-08 5.874551122840081333e-06
2.452560316460027825e+06 1.964358624413894795e-07 5.882177336144127035e-06
2.452560316506327596e+06 1.994258495454965866e-07 5.902593332889182140e-06
2.452560316552627366e+06 4.900880492146716132e-08 5.913833326844951792e-06
2.452560316598927137e+06 -9.467127923866003707e-08 5.904064252724439607e-06
2.452560316645226907e+06 2.054013846666708642e-08 5.891990055667690352e-06
2.452560316691526677e+06 4.300166148047851089e-08 5.890105263455161494e-06
2.452560316737826448e+06 -3.638375366181323861e-09 5.886843530525547784e-06
2.452560316784126218e+06 -1.272254320922094970e-07 5.871003910423240538e-06
2.452560316830425989e+06 -2.146769847519499044e-07 5.838598121367557828e-06
2.452560316876725759e+06 -8.947387148350577515e-08 5.807404078774087580e-06
2.452560316923025530e+06 -5.534344566903676301e-08 5.786809741546201455e-06
2.452560316969325300e+06 -4.348496991679794443e-08 5.768996385948510107e-06
2.452560317015625071e+06 -8.024754347586898761e-08 5.748803251699152808e-06
2.452560317061924841e+06 -1.184428650960004086e-07 5.722284103134297788e-06
2.452560317108224612e+06 -7.353923274905758801e-08 5.695235941631342733e-06
2.452560317154524382e+06 -2.246935555444327965e-07 5.659071706986121069e-06
2.452560317200824153e+06 -8.305599970178746546e-08 5.620547117144849772e-06
2.452560317247123923e+06 5.591304753993823813e-08 5.601621745122421115e-06
2.452560317293423694e+06 1.208985897915430455e-07 5.597915535401593922e-06
2.452560317339723464e+06 1.742534949887502255e-07 5.604024447024697259e-06
2.452560317386023235e+06 8.085279059744600925e-10 5.602511542761339346e-06
2.452560317432323005e+06 -8.718763924852877118e-08 5.582071330326326500e-06
2.452560317478622776e+06 -1.198844776814313620e-07 5.552066233974189929e-06
2.452560317524922546e+06 -9.286024998262807487e-08 5.520594412676525831e-06
2.452560317571222316e+06 1.531470741060586946e-08 5.498309222340022043e-06
2.452560317617522087e+06 1.360979597223639272e-07 5.493037312497764419e-06
2.452560317663821857e+06 9.920538428090437907e-08 5.494977845331594664e-06
2.452560317710121628e+06 1.152081293942279932e-07 5.496671606793772311e-06
2.452560317756421398e+06 1.205741189375981164e-07 5.501302566305678466e-06
2.452560317802721169e+06 -9.663006875776003638e-08 5.491325181868971968e-06
2.452560317849020939e+06 4.985252744278792362e-08 5.476418010087916614e-06
2.452560317895320710e+06 3.812970447264950275e-08 5.471863728739663687e-06
2.452560317941620480e+06 7.580843060978718237e-08 5.470128283723648774e-06
2.452560317987920251e+06 1.033347173513285913e-07 5.474388181252424136e-06
2.452560318034220021e+06 -8.576128743336146309e-08 5.467803613895844765e-06
2.452560318080519792e+06 -5.901670253955259833e-08 5.449521155931262602e-06
2.452560318126819562e+06 -1.475769111886359215e-08 5.436453337629940932e-06
2.452560318173119333e+06 7.586444363156067198e-08 5.433837683746673066e-06
2.452560318219419103e+06 1.359249671785302268e-07 5.443617048708492101e-06
2.452560318265718874e+06 3.627775583979745979e-08 5.452179165294327634e-06
2.452560318312018644e+06 9.043582223654307545e-08 5.458950333835533515e-06
2.452560318358318415e+06 -9.125135747653728741e-09 5.463772363772620160e-06
2.452560318404618185e+06 -7.675787529298599789e-08 5.457206662297153401e-06
2.452560318450917955e+06 -5.934135028320134409e-08 5.447310315000677378e-06
2.452560318497217726e+06 8.733050341521054466e-09 5.444153691932351344e-06
2.452560318543517496e+06 -5.945201557162601780e-08 5.441691445015000231e-06
2.452560318589817267e+06 -5.537722068701785957e-08 5.435081801633103986e-06
2.452560318636117037e+06 -1.753096969860268537e-08 5.432072047612839325e-06
2.452560318682416808e+06 1.912083975245290550e-08 5.435377285684224065e-06
2.452560318728716578e+06 2.289934084161833675e-08 5.442829422831037586e-06
2.452560318775016349e+06 2.062636299090249766e-08 5.451726625462268397e-06
2.452560318821316119e+06 7.098853614327030153e-08 5.465672694114463245e-06
2.452560318867615890e+06 -9.963157069034799887e-09 5.478995434731898862e-06
2.452560318913915660e+06 -1.384550494394765832e-07 5.477991744977254541e-06
2.452560318960215431e+06 -7.570572206410394361e-08 5.472523580901641268e-06
2.452560319006515201e+06 6.921057188299950381e-08 5.483040917145117013e-06
2.452560319052814972e+06 1.466626532378725998e-08 5.501730564476000858e-06
2.452560319099114742e+06 -1.442467140270505061e-08 5.515885822874982936e-06
2.452560319145414513e+06 3.089850548145875035e-08 5.532718792217408760e-06
2.452560319191714283e+06 8.967884323380808413e-08 5.559046936460357809e-06
2.452560319238014054e+06 4.921951737439393761e-08 5.588956814771106208e-06
2.452560319284313824e+06 -2.962219238713431874e-09 5.614184823531945236e-06
2.452560319330613595e+06 -6.930468881859495823e-08 5.632347052067580795e-06
2.452560319376913365e+06 -1.095993723615515405e-07 5.643770711387377201e-06
2.452560319423213135e+06 -6.594353337414363594e-08 5.656280434105755792e-06
2.452560319469512906e+06 -1.213833640708323288e-07 5.668747039851460912e-06
2.452560319515812676e+06 -1.344366048422482641e-07 5.676798295100858615e-06
2.452560319562112447e+06 -8.333238408838337296e-08 5.688170836297445467e-06
2.452560319608412217e+06 -3.583775791407907753e-08 5.707658416340102716e-06
2.452560319654711988e+06 -1.000694279487269236e-07 5.727010793471044392e-06
2.452560319701011758e+06 6.542062091623349948e-08 5.755129394692798276e-06
2.452560319747311529e+06 -5.773694983358220607e-08 5.788089112853786346e-06
2.452560319793611299e+06 -2.382982134565302304e-07 5.799831973549715679e-06
2.452560319839911070e+06 -2.967734005585018428e-07 5.793689043243512936e-06
2.452560319886210840e+06 -1.029659501882202509e-07 5.796819003898202769e-06
2.452560319932510611e+06 -7.168437305627261895e-08 5.816685563963586348e-06
2.452560319978810381e+06 -8.331032704450377732e-08 5.838813661255002878e-06
2.452560320025110152e+06 -1.992179974391629125e-07 5.852107021315038874e-06
2.452560320071409922e+06 -3.262805280039394347e-07 5.847095317530136058e-06
2.452560320117709693e+06 -2.906518545267646819e-07 5.833959973378163714e-06
2.452560320164009463e+06 -2.961171922877999965e-07 5.821357286679476415e-06
2.452560320210309234e+06 -2.162353389548897938e-07 5.812688569802175554e-06
2.452560320256609004e+06 -2.365153773632076633e-07 5.807104169456477108e-06
2.452560320302908774e+06 -2.868420991801362043e-07 5.794912016001387184e-06
2.452560320349208545e+06 -1.588816425638627172e-07 5.786910761118143298e-06
2.452560320395508315e+06 -1.047257155515879936e-07 5.791348061427552263e-06
2.452560320441808086e+06 -1.496840173587983532e-07 5.795949813137463308e-06
2.452560320488107856e+06 -1.695979522785613619e-07 5.795072582691371657e-06
2.452560320534407627e+06 -1.521568047792586194e-07 5.793054616756213412e-06
2.452560320580707397e+06 -1.483479385195697313e-07 5.791609488574331815e-06
2.452560320627007168e+06 -1.024920453300073780e-07 5.792932197594752503e-06
2.452560320673306938e+06 -3.901852289578867988e-08 5.801750736225027112e-06
2.452560320719606709e+06 -5.701152203205905330e-08 5.813729541426431362e-06
2.452560320765906479e+06 -1.573330007180496718e-08 5.827383216608569025e-06
2.452560320812206250e+06 3.199774660937427279e-07 5.869710491651275100e-06
2.452560320858506020e+06 -1.473829074036176286e-07 5.904025330068843359e-06
2.452560320904805791e+06 -1.028697299901246619e-07 5.907536117451964307e-06
2.452560320951105561e+06 3.446464270820603021e-08 5.923996907589331065e-06
2.452560320997405332e+06 4.146022958810754070e-08 5.951461215231114763e-06
2.452560321043705102e+06 -1.705551523309295287e-07 5.964104659946706129e-06
2.452560321090004873e+06 -1.399341543361841908e-07 5.962626940437539303e-06
2.452560321136304643e+06 -1.765697874557716144e-07 5.959345396981356052e-06
2.452560321182604413e+06 -1.042501132068634684e-07 5.957305488542880479e-06
2.452560321228904184e+06 1.835289881265475144e-08 5.968714000424214522e-06
2.452560321275203954e+06 -1.457321602970827217e-09 5.987521465220036393e-06
2.452560321321503725e+06 -1.827876933689098809e-07 5.991118050488888944e-06
2.452560321367803495e+06 -1.589691232555320741e-07 5.981718707417401781e-06
2.452560321414103266e+06 -1.373509191300384246e-07 5.973839786442615790e-06
2.452560321460403036e+06 -1.482642849266900510e-07 5.964969033399343281e-06
2.452560321506702807e+06 -1.270931360290068308e-07 5.955023392302017955e-06
2.452560321553002577e+06 -2.540662520034296440e-07 5.935122770279386565e-06
2.452560321599302348e+06 -1.985844265305295410e-07 5.907199344963702536e-06
2.452560321645602118e+06 -1.420689522706569220e-07 5.884687491026671591e-06
2.452560321691901889e+06 -1.230746908578762882e-07 5.865255491239243603e-06
2.452560321738201659e+06 -9.868829250274864071e-08 5.846731155126441590e-06
2.452560321784501430e+06 -7.389041746579475915e-08 5.829670474643471979e-06
2.452560321830801200e+06 1.362774887158375162e-07 5.828359294395721835e-06
2.452560321877100971e+06 1.134982558934077631e-07 5.840343867099193279e-06
2.452560321923400741e+06 -8.875366105649236246e-08 5.835219531013540102e-06
2.452560321969700512e+06 -1.497674654018220404e-07 5.808869102536909118e-06
2.452560322016000282e+06 -1.609425880572396311e-09 5.786474549200957187e-06
2.452560322062300052e+06 1.165372997093673087e-07 5.782011057600221583e-06
2.452560322108599823e+06 1.189290443864334306e-07 5.785722865715851022e-06
2.452560322154899593e+06 3.115929728879021883e-08 5.782559400343812811e-06
2.452560322201199364e+06 -5.113184517253649969e-08 5.765612485491602449e-06
2.452560322247499134e+06 5.036251977142399507e-08 5.748333989697047163e-06
2.452560322293798905e+06 1.218142821316136456e-07 5.742449747000395990e-06
2.452560322340098675e+06 1.106437158708091950e-07 5.740252940028117984e-06
2.452560322386398446e+06 4.961955636078005298e-08 5.731965812528805630e-06
2.452560322432698216e+06 2.225898005789851483e-08 5.715957441589738306e-06
2.452560322478997987e+06 1.080220359208860351e-07 5.702888481749674236e-06
2.452560322525297757e+06 1.653620517606184028e-07 5.699465090321647650e-06
2.452560322571597528e+06 1.056851249413661558e-07 5.695358186411041661e-06
2.452560322617897298e+06 1.846174970082014190e-09 5.678294080823413470e-06
2.452560322664197069e+06 1.152859972699446356e-08 5.652666679505714287e-06
2.452560322710496839e+06 5.702621011550860387e-08 5.629285825686938823e-06
2.452560322756796610e+06 1.132013482551041163e-07 5.611918594907362773e-06
2.452560322803096380e+06 1.295162374572657794e-07 5.598839519073195897e-06
2.452560322849396151e+06 1.431887887037045149e-07 5.587178264779763691e-06
2.452560322895695921e+06 2.278126012295566077e-07 5.582283344268392173e-06
2.452560322941995692e+06 1.089634982434252659e-07 5.574603194445890321e-06
2.452560322988295462e+06 2.758961889476579978e-08 5.551351655339407350e-06
2.452560323034595232e+06 2.692734190898880262e-07 5.538892217957608503e-06
2.452560323080895003e+06 5.314103944871931466e-07 5.564186744866763949e-06
2.452560323127194773e+06 2.297861611624914046e-07 5.588632437298689210e-06
2.452560323173494544e+06 3.816301936665683778e-08 5.577640769179029465e-06
2.452560323219794314e+06 5.417070697484851308e-08 5.552849289196017801e-06
2.452560323266094085e+06 1.741456955323413958e-07 5.537025793779296103e-06
2.452560323312393855e+06 2.615540989089345374e-07 5.536302511423759724e-06
2.452560323358693626e+06 1.784880865585137765e-07 5.536355802763079724e-06
2.452560323404993396e+06 2.396314490027341672e-07 5.535269062288520570e-06
2.452560323451293167e+06 1.808220446706378102e-07 5.534830779191000726e-06
2.452560323497592937e+06 1.740695127204369643e-07 5.529947335568433286e-06
2.452560323543892708e+06 2.080711034629121222e-07 5.527386786889976604e-06
2.452560323590192478e+06 1.738667562837664857e-07 5.525255085498062867e-06
2.452560323636492249e+06 1.064396414411959044e-07 5.515892231729263473e-06
2.452560323682792019e+06 1.733948361443328385e-07 5.506504215961781630e-06
2.452560323729091790e+06 1.748747830448863301e-07 5.502365239345343635e-06
2.452560323775391560e+06 1.694743787074876515e-07 5.498377255074757355e-06
2.452560323821691331e+06 3.300645113080972604e-07 5.506678813614756451e-06
2.452560323867991101e+06 1.339237018214396376e-07 5.513655408377608412e-06
2.452560323914290871e+06 1.557661874227359163e-07 5.508661845150840327e-06
2.452560323960590642e+06 1.683832645815163991e-07 5.506733201546951821e-06
2.452560324006890412e+06 1.811848796736351934e-07 5.507420882790077746e-06
2.452560324053190183e+06 3.153054123766495739e-07 5.520168959456427780e-06
2.452560324099489953e+06 2.391246723692454781e-07 5.539074571701382474e-06
2.452560324145789724e+06 2.348045548530002024e-07 5.554033826925262567e-06
2.452560324192089494e+06 2.261677539350824404e-07 5.569884099476825177e-06
2.452560324238389265e+06 2.300985912725618086e-07 5.587300142696278601e-06
2.452560324284689035e+06 3.017407759627066315e-07 5.612480717557876527e-06
2.452560324330988806e+06 2.019910869947792032e-07 5.638066688781330862e-06
2.452560324377288576e+06 2.482515483635170734e-07 5.662119444376449588e-06
2.452560324423588347e+06 2.645953810189737501e-07 5.693322435521208537e-06
2.452560324469888117e+06 2.195141924760924682e-07 5.725196454601208629e-06
2.452560324516187888e+06 1.640979706465134233e-07 5.752279702003975364e-06
2.452560324562487658e+06 1.889838056403831669e-07 5.779501509280857244e-06
2.452560324608787429e+06 1.289739426388024459e-07 5.806475237167252663e-06
2.452560324655087199e+06 8.729935546863705555e-08 5.828071797116079323e-06
2.452560324701386970e+06 1.177089124124750522e-07 5.850738968687763285e-06
2.452560324747686740e+06 2.314788961086828216e-07 5.886335508283570038e-06
2.452560324793986510e+06 1.223343836961258768e-07 5.925118351131003387e-06
2.452560324840286281e+06 -4.108890573734366722e-08 5.946162389967941573e-06
2.452560324886586051e+06 -6.938076569173081847e-08 5.954288879936995363e-06
2.452560324932885822e+06 -1.372599486321273043e-08 5.965202819301654090e-06
2.452560324979185592e+06 -4.143573046937039168e-08 5.979122342120088949e-06
2.452560325025485363e+06 9.251807778555604676e-08 6.002188372145254780e-06
2.452560325071785133e+06 8.224732893610210842e-08 6.036342717765222239e-06
2.452560325118084904e+06 -2.088268788121818315e-08 6.064288976920991139e-06
2.452560325164384674e+06 -1.511351239151400401e-07 6.076394205748316351e-06
2.452560325210684445e+06 -2.309993166203489022e-07 6.073248521010873229e-06
2.452560325256984215e+06 -1.384921112512111779e-07 6.070684061101478626e-06
2.452560325303283986e+06 -1.991491436360122591e-07 6.070196172828382986e-06
2.452560325349583756e+06 -2.431297653804826754e-07 6.061542640918544546e-06
2.452560325395883527e+06 -2.362155678711255223e-07 6.049274916874203967e-06
2.452560325442183297e+06 -2.164436781917590468e-07 6.037990299398385116e-06
2.452560325488483068e+06 -1.820332716404251769e-07 6.029860621167693730e-06
2.452560325534782838e+06 -1.266012267292823006e-07 6.027831905427927107e-06
2.452560325581082609e+06 -1.229905099284068582e-07 6.029999158857005476e-06
2.452560325627382379e+06 -1.316108427164550453e-07 6.031783600210586168e-06
2.452560325673682149e+06 -6.246187254117457047e-08 6.038133059388111777e-06
2.452560325719981920e+06 -4.783696924688791602e-08 6.051129625136032397e-06
2.452560325766281690e+06 -6.781379404686417052e-08 6.064447873235085767e-06
2.452560325812581461e+06 -1.260368859445472566e-07 6.072541455623644965e-06
2.452560325858881231e+06 -1.914147390703534217e-07 6.071557938768696923e-06
2.452560325905181002e+06 -2.148909798118719395e-07 6.063476686344967693e-06
2.452560325951480772e+06 -1.740531978648652177e-07 6.055868435776863749e-06
2.452560325997780543e+06 -1.604834069882073054e-07 6.051590694925251487e-06
2.452560326044080313e+06 -1.928033309017696874e-07 6.045320315324637721e-06
2.452560326090380084e+06 -2.429570705755139011e-07 6.032069579236607745e-06
2.452560326136679854e+06 -2.606199206360419516e-07 6.012463016831191018e-06
2.452560326182979625e+06 -2.742692546795966894e-07 5.988842938408802513e-06
2.452560326229279395e+06 -1.950601994429697846e-07 5.968320519536361267e-06
2.452560326275579166e+06 -7.825260074244790746e-08 5.961072885773442921e-06
2.452560326321878936e+06 -4.283437227265131403e-08 5.964739633505994533e-06
2.452560326368178707e+06 -2.159206738772437504e-07 5.958051732168440549e-06
2.452560326414478477e+06 -2.434843126427615075e-07 5.935475781646447383e-06
2.452560326460778248e+06 -1.734357180324623804e-07 5.914388174401410770e-06
2.452560326507078018e+06 -1.614413930382826259e-07 5.897936994601603502e-06
2.452560326553377789e+06 -1.511499449387074643e-07 5.881936978442345648e-06
2.452560326599677559e+06 4.007134759474931910e-09 5.877334822947706137e-06
2.452560326645977329e+06 -5.076301444745944360e-09 5.883488726994914366e-06
2.452560326692277100e+06 -7.546624151270422181e-08 5.884010134000566276e-06
2.452560326738576870e+06 -1.112421166585994783e-07 5.876457687829830463e-06
2.452560326784876641e+06 -1.336389125759864489e-07 5.863906638583117416e-06
2.452560326831176411e+06 -2.112229728585093595e-07 5.842831912137095588e-06
2.452560326877476182e+06 -1.167375496688639489e-07 5.821537812553917645e-06
2.452560326923775952e+06 -8.526466273617365327e-08 5.808335848668233989e-06
2.452560326970075723e+06 -1.042347165653454657e-07 5.795201363369863693e-06
2.452560327016375493e+06 -1.256413509731717494e-07 5.778136074231729569e-06
2.452560327062675264e+06 -8.881303125333897422e-08 5.761125080802479139e-06
2.452560327108975034e+06 -6.385199086127567233e-08 5.747724893680776925e-06
2.452560327155274805e+06 -2.960996671234800933e-08 5.738020293641755124e-06
2.452560327201574575e+06 -1.001692810467217836e-07 5.725027034989165765e-06
2.452560327247874346e+06 -2.063189562412011371e-07 5.697846563794498618e-06
2.452560327294174116e+06 -1.894120860225050003e-07 5.662145600353686861e-06
2.452560327340473887e+06 -5.008568416824051739e-08 5.636034766209710986e-06
2.452560327386773657e+06 -6.637531295439161117e-08 5.617724488141818212e-06
2.452560327433073428e+06 -5.798667699919194510e-08 5.597848533768395872e-06
2.452560327479373198e+06 -2.634343425124871847e-08 5.579970677035168150e-06
2.452560327525672968e+06 -6.077572455119539355e-08 5.561006256040567401e-06
2.452560327571972739e+06 -1.101389085214461894e-07 5.534743988096319963e-06
2.452560327618272509e+06 -2.072044396799479359e-09 5.511535467006902994e-06
2.452560327664572280e+06 2.490579089697774276e-08 5.497445098188225956e-06
2.452560327710872050e+06 -5.030991527178539670e-09 5.482657555505662912e-06
2.452560327757171821e+06 4.933227998752281215e-08 5.469227772425021258e-06
2.452560327803471591e+06 -7.846870211043495497e-08 5.449829589157745039e-06
2.452560327849771362e+06 -6.598910445293127054e-08 5.420873321928101780e-06
2.452560327896071132e+06 9.224563460909615144e-08 5.403468105637683506e-06
2.452560327942370903e+06 1.793731900767737183e-07 5.404154639884360162e-06
2.452560327988670673e+06 -8.569726769381755679e-08 5.392040518466806654e-06
2.452560328034970444e+06 -6.595093783769696584e-08 5.361088506922732948e-06
2.452560328081270214e+06 -2.765069574032584021e-08 5.333055387064216823e-06
2.452560328127569985e+06 1.124042174358920467e-07 5.317344830260613500e-06
2.452560328173869755e+06 2.007483873811348555e-07 5.318677581306988765e-06
2.452560328220169526e+06 -1.637413455517164299e-10 5.312345805093654715e-06
2.452560328266469296e+06 -4.199226500368732452e-08 5.287897114692139555e-06
2.452560328312769067e+06 5.944113456201924373e-08 5.267050276158543795e-06
2.452560328359068837e+06 1.923481669984737722e-07 5.263384967375810384e-06
2.452560328405368607e+06 2.486242459152148697e-07 5.274710725843265687e-06
2.452560328451668378e+06 1.473808752446515284e-07 5.284277598955740106e-06
2.452560328497968148e+06 2.748370679014190198e-07 5.297349155792150920e-06
2.452560328544267919e+06 2.276229497886807149e-07 5.318258916338952956e-06
2.452560328590567689e+06 9.382462937425428043e-08 5.327657850910816254e-06
2.452560328636867460e+06 6.344651055859186971e-09 5.321621797481809476e-06
2.452560328683167230e+06 1.026274610313994860e-07 5.316530378525346480e-06
2.452560328729467001e+06 1.670286983420997157e-07 5.323999777931782524e-06
2.452560328775766771e+06 1.192862123840327491e-07 5.333958853681440350e-06
2.452560328822066542e+06 5.502203174396591991e-08 5.336770537281640617e-06
2.452560328868366312e+06 4.879692513941512748e-08 5.335055470533838705e-06
2.452560328914666083e+06 1.481752612875851909e-07 5.340920695408387807e-06
2.452560328960965853e+06 1.321110824383974567e-07 5.354141995950654818e-06
2.452560329007265624e+06 -8.719892668149313772e-08 5.350973470680942279e-06
2.452560329053565394e+06 -1.548277770148983833e-07 5.326293439132407090e-06
2.452560329099865165e+06 -4.429515479878233419e-08 5.303655898147635767e-06
2.452560329146164935e+06 9.725243311111685116e-08 5.299140314281659767e-06
2.452560329192464706e+06 1.008316446261152319e-07 5.305916093562050542e-06
2.452560329238764476e+06 1.092301583375220328e-07 5.314647280859736212e-06
2.452560329285064247e+06 9.690584096882530965e-08 5.324236566407211585e-06
2.452560329331364017e+06 2.299886758262628602e-08 5.328454294613963683e-06
2.452560329377663787e+06 -1.430626642639859582e-07 5.315193880958553500e-06
2.452560329423963558e+06 -1.400393232567593317e-07 5.289045354364129807e-06
2.452560329470263328e+06 5.984265094600781029e-08 5.276936751808883691e-06
2.452560329516563099e+06 1.145631727343534051e-07 5.283822046789464200e-06
2.452560329562862869e+06 1.990857868988675699e-08 5.288647415625151197e-06
2.452560329609162640e+06 -5.873889420559578762e-08 5.281096229315313004e-06
2.452560329655462410e+06 1.371660624180446396e-08 5.272980341615479449e-06
2.452560329701762181e+06 1.554305476879111147e-09 5.269314309446656375e-06
2.452560329748061951e+06 -6.272961149112505360e-08 5.260010506440652193e-06
2.452560329794361722e+06 -7.604912573327159010e-08 5.244572874976076095e-06
2.452560329840661492e+06 6.633843537285748235e-08 5.238288478425653771e-06
2.452560329886961263e+06 -1.211224323241545289e-07 5.228570605500368829e-06
2.452560329933261033e+06 -1.664189337838353141e-07 5.200896062232586724e-06
2.452560329979560804e+06 -3.193751888996026242e-08 5.178484111530532432e-06
2.452560330025860574e+06 9.519200945957071150e-08 5.174855673617537660e-06
2.452560330072160345e+06 -4.751376123272912260e-08 5.170281380137121163e-06
2.452560330118460115e+06 -9.474981653861807914e-08 5.151425220642207606e-06
2.452560330164759886e+06 -2.854207874411399737e-08 5.133162573190193530e-06
2.452560330211059656e+06 -1.095572607058796643e-08 5.120485518065270369e-06
2.452560330257359426e+06 -2.347434518183207285e-08 5.107820070700147055e-06
2.452560330303659197e+06 2.574250016678820586e-08 5.097583155729220934e-06
2.452560330349958967e+06 -6.428712149626375344e-08 5.084061033524518959e-06
2.452560330396258738e+06 -1.218024279913788310e-07 5.058908468983989469e-06
2.452560330442558508e+06 -1.615092388280083857e-07 5.025140938499791392e-06
2.452560330488858279e+06 -1.179688492976251536e-07 4.989865758525425500e-06
2.452560330535158049e+06 7.740670257243547073e-08 4.970903547017539907e-06
2.452560330581457820e+06 -9.019107518262630959e-08 4.953398277187406332e-06
2.452560330627757590e+06 3.779585180559361252e-08 4.932350061389730442e-06
2.452560330674057361e+06 1.142428170566990460e-07 4.926092345506195165e-06
2.452560330720357131e+06 7.366556426882598247e-08 4.922877517018552126e-06
2.452560330766656902e+06 -1.215690414193313464e-09 4.911412631824552560e-06
2.452560330812956672e+06 1.079025740242137206e-07 4.902497122950257896e-06
2.452560330859256443e+06 5.763987703476839545e-08 4.898194319301477025e-06
2.452560330905556213e+06 5.401921550818098472e-08 4.890260986371055634e-06
2.452560330951855984e+06 8.867086145692399477e-08 4.884896874422129785e-06
2.452560330998155754e+06 6.326186969016026387e-08 4.880629920216432611e-06
2.452560331044455525e+06 1.303480005706763485e-07 4.880003843609509173e-06
2.452560331090755295e+06 8.397200721382318869e-08 4.881678344980296214e-06
2.452560331137055065e+06 4.320641354440801938e-08 4.877602710343037741e-06
2.452560331183354836e+06 6.240946926380476569e-08 4.872343842674172508e-06
2.452560331229654606e+06 1.508715725986753550e-07 4.875642639784856222e-06
2.452560331275954377e+06 1.058986484375797959e-07 4.883220211098868060e-06
2.452560331322254147e+06 2.006369620203996964e-07 4.895839407966656979e-06
2.452560331368553918e+06 1.387201759242750599e-07 4.912543364491482552e-06
2.452560331414853688e+06 8.006359562079289027e-09 4.916437863139480784e-06
2.452560331461153459e+06 5.461074169225310003e-08 4.914828467473981819e-06
2.452560331507453229e+06 3.800586061606676733e-08 4.915983437649780975e-06
2.452560331553753000e+06 -7.793952368792544986e-09 4.913056690813501281e-06
2.452560331600052770e+06 9.340103773059159825e-08 4.914702096484598258e-06
2.452560331646352541e+06 1.963493627118030484e-07 4.932547455049034399e-06
2.452560331692652311e+06 4.301665652719647962e-08 4.948361079133792961e-06
2.452560331738952082e+06 2.919881310667377648e-08 4.953071960311906321e-06
2.452560331785251852e+06 -6.002346085702135359e-08 4.950727633374051084e-06
2.452560331831551623e+06 3.351781435100451637e-09 4.946675099208032130e-06
2.452560331877851393e+06 1.225915116213157297e-07 4.956636973612694801e-06
2.452560331924151164e+06 6.828121978419334779e-08 4.972643925008188725e-06
2.452560331970450934e+06 -9.505681399908039259e-09 4.980104123404209840e-06
2.452560332016750704e+06 5.742133616195370176e-08 4.987591110966274485e-06
2.452560332063050475e+06 6.968484820292984681e-08 5.001927192999354758e-06
2.452560332109350245e+06 5.059100663182204676e-08 5.017024821355692567e-06
2.452560332155650016e+06 1.122524679140676822e-07 5.036654901508346165e-06
2.452560332201949786e+06 8.818883072804100625e-08 5.060718538694372841e-06
2.452560332248249557e+06 -5.532017164088828229e-08 5.073873551956487512e-06
2.452560332294549327e+06 -1.468709068925368759e-07 5.070156198694546581e-06
2.452560332340849098e+06 -1.152127564421670298e-07 5.061655479245171286e-06
2.452560332387148868e+06 4.037032301084778940e-08 5.066818932598729462e-06
2.452560332433448639e+06 -1.390706268114430811e-09 5.081026358265737358e-06
2.452560332479748409e+06 6.905114038889216127e-09 5.093689931733869386e-06
2.452560332526048180e+06 -1.729504196203375042e-08 5.105996762817727952e-06
2.452560332572347950e+06 -1.114670210105661122e-07 5.110090377543717786e-06
2.452560332618647721e+06 -2.681935713644937933e-07 5.095271756524199662e-06
2.452560332664947491e+06 -1.507543192090615423e-07 5.076274824859821605e-06
2.452560332711247262e+06 2.481396717602390444e-08 5.078089009124842463e-06
2.452560332757547032e+06 5.779342504678860437e-08 5.095781301010248484e-06
2.452560332803846803e+06 -3.265879726849395247e-08 5.110225811241613963e-06
2.452560332850146573e+06 -1.198923456279842780e-07 5.112007130557984395e-06
2.452560332896446344e+06 -8.902328039825159747e-08 5.109420634293897396e-06
2.452560332942746114e+06 5.073069597323086885e-08 5.119407964318979208e-06
2.452560332989045884e+06 -7.426905920351184545e-08 5.130996178541455634e-06
2.452560333035345655e+06 -3.082333014877324349e-07 5.115843762030692593e-06
2.452560333081645425e+06 -2.767514771295382285e-07 5.083929211101283878e-06
2.452560333127945196e+06 -6.738619951937925465e-08 5.067801557984437395e-06
2.452560333174244966e+06 -2.288568360382406886e-07 5.053944635750677268e-06
2.452560333220544737e+06 -1.853647860236064745e-07 5.029920384377221194e-06
2.452560333266844507e+06 2.075942138238363157e-09 5.021564979807399042e-06
2.452560333313144278e+06 8.172750945694418022e-09 5.027177649379595740e-06
2.452560333359444048e+06 2.615887901961248937e-08 5.034867486170474558e-06
2.452560333405743819e+06 -1.920467513961179182e-07 5.027706637259379690e-06
2.452560333452043589e+06 -1.073050789791991363e-07 5.009704242236320930e-06
2.452560333498343360e+06 1.695551946154577932e-07 5.017758093872084765e-06
2.452560333544643130e+06 2.429061527743070824e-07 5.052874207861645612e-06
2.452560333590942901e+06 4.966298413429899378e-08 5.081195454811378337e-06
2.452560333637242671e+06 3.042533343200960656e-08 5.095137842198888824e-06
2.452560333683542442e+06 7.603062195658501489e-08 5.111801422196372933e-06
2.452560333729842212e+06 4.460349771858871434e-08 5.130424944235712222e-06
2.452560333776141983e+06 -1.823446587092793565e-07 5.130383500288060562e-06
2.452560333822441753e+06 -1.557909414887431387e-07 5.114730078820010452e-06
2.452560333868741523e+06 -1.085093097715683120e-07 5.103213654568954030e-06
2.452560333915041294e+06 -4.166817170256847167e-08 5.099213324079845428e-06
2.452560333961341064e+06 6.247567241907939516e-08 5.107602912929001594e-06
2.452560334007640835e+06 2.046898314361929678e-07 5.134998483455346773e-06
2.452560334053940605e+06 2.505222839702645935e-08 5.161145535878543551e-06
2.452560334100240376e+06 1.125055744765689578e-07 5.181744458039134611e-06
2.452560334146540146e+06 1.630982393576841093e-07 5.213870957164130168e-06
2.452560334192839917e+06 9.600058876216215327e-08 5.246550164224710157e-06
2.452560334239139687e+06 -4.897691063031318867e-08 5.264890379375882010e-06
2.452560334285439458e+06 3.212796963228907806e-09 5.276893547994996713e-06
2.452560334331739228e+06 -1.319974072204635730e-07 5.282820637266633962e-06
2.452560334378038999e+06 -5.275204013077761317e-08 5.284276669628692762e-06
2.452560334424338769e+06 9.448255067510144049e-08 5.302417555062934218e-06
2.452560334470638540e+06 -2.882527658646819920e-08 5.323013936650668106e-06
2.452560334516938310e+06 1.079229598160671861e-07 5.345411877454095513e-06
2.452560334563238081e+06 1.486326882509636131e-09 5.370988373663729910e-06
2.452560334609537851e+06 -6.001649225508097854e-08 5.384851464225857111e-06
2.452560334655837622e+06 -4.487658026560623610e-08 5.395377262302417805e-06
2.452560334702137392e+06 -3.228520778135343421e-08 5.407942715192666511e-06
2.452560334748437162e+06 -9.928212836879890260e-09 5.423224648652375100e-06
2.452560334794736933e+06 -6.193747138151496381e-08 5.436482261330809018e-06
2.452560334841036703e+06 -5.893594640491689912e-09 5.450111473069931179e-06
2.452560334887336474e+06 8.345169567048805760e-08 5.474871829367149891e-06
2.452560334933636244e+06 4.013145896162958738e-08 5.503974576713959248e-06
2.452560334979936015e+06 7.988207935242921592e-08 5.533918246427622024e-06
2.452560335026235785e+06 -1.872350961664623422e-09 5.561795343497672932e-06
2.452560335072535556e+06 6.667042589732705771e-08 5.589604794470295612e-06
2.452560335118835326e+06 1.653687339701687085e-07 5.631027116053073032e-06
2.452560335165135097e+06 4.042466092654086331e-08 5.672268118155695308e-06
2.452560335211434867e+06 4.881405221013029202e-08 5.706382744901791288e-06
2.452560335257734638e+06 -5.000047972360653703e-09 5.738214150870061492e-06
2.452560335304034408e+06 -1.017047025030771674e-07 5.759555331881982952e-06
2.452560335350334179e+06 -1.320358308595199043e-07 5.771402188014193963e-06
2.452560335396633949e+06 6.064359973011809283e-09 5.790913381510864259e-06
2.452560335442933720e+06 -2.360931639064704445e-07 5.802505787201985865e-06
2.452560335489233490e+06 -8.544950938798850367e-08 5.806547946413412514e-06
2.452560335535533261e+06 -1.928945512786444518e-08 5.825947071722506990e-06
2.452560335581833031e+06 -8.203572298858469105e-08 5.845562311118453918e-06
2.452560335628132802e+06 -1.300721663927733813e-07 5.856701720695672043e-06
2.452560335674432572e+06 -1.265173030645097989e-07 5.863787829963906003e-06
2.452560335720732342e+06 4.218410714241578543e-08 5.883014503409550626e-06
2.452560335767032113e+06 2.614515638030677887e-08 5.913753835091217362e-06
2.452560335813331883e+06 -1.582376734313711645e-07 5.929947212514250983e-06
2.452560335859631654e+06 -3.203077609540462046e-07 5.919421315429304198e-06
2.452560335905931424e+06 -1.482167012883085056e-07 5.907388275784508683e-06
2.452560335952231195e+06 -1.316320202746580202e-07 5.907364986042102845e-06
2.452560335998530965e+06 -1.480792038046768337e-07 5.905899143747779776e-06
2.452560336044830736e+06 -8.651945342210475840e-08 5.906330162275636837e-06
2.452560336091130506e+06 1.162063786347956701e-07 5.925488501202821151e-06
2.452560336137430277e+06 -4.919846257639342348e-08 5.947459001763206388e-06
2.452560336183730047e+06 -1.341905736118192563e-07 5.950547951007763920e-06
2.452560336230029818e+06 -1.696902899503695860e-07 5.943287481497332991e-06
2.452560336276329588e+06 -1.984264675841162558e-07 5.929242929772799083e-06
2.452560336322629359e+06 -2.538752470789056830e-07 5.906453292709416017e-06
2.452560336368929129e+06 -1.679374332181724328e-07 5.883071270691543763e-06
2.452560336415228900e+06 -1.657701612090487734e-07 5.863502681065462669e-06
2.452560336461528670e+06 -1.315483427491230632e-07 5.844151543305291820e-06
2.452560336507828441e+06 -9.276596112589667991e-08 5.827881458788004074e-06
2.452560336554128211e+06 -1.267828620085796299e-07 5.809783865419780283e-06
2.452560336600427981e+06 -1.393789139738839089e-07 5.785880928653819872e-06
2.452560336646727752e+06 -1.240222402936181685e-07 5.759580660260694322e-06
2.452560336693027522e+06 -1.026109498606589066e-07 5.733373951471218066e-06
2.452560336739327293e+06 -8.998052597768414075e-08 5.707138797271069158e-06
2.452560336785627063e+06 -9.608633348877538047e-08 5.678859498466518850e-06
2.452560336831926834e+06 -1.129853584233841815e-07 5.646225221472960484e-06
2.452560336878226604e+06 -5.917494071059104002e-08 5.613569208197424777e-06
2.452560336924526375e+06 9.394643542921216238e-10 5.586839986490556187e-06
2.452560336970826145e+06 5.607421242812368878e-08 5.566650843075779890e-06
2.452560337017125916e+06 1.150502202045282864e-07 5.553462083475056792e-06
2.452560337063425686e+06 1.483507101139165177e-07 5.546181905408212545e-06
2.452560337109725457e+06 1.601305486781449681e-08 5.530737721578139139e-06
2.452560337156025227e+06 4.613517319239891639e-08 5.506360483188245694e-06
2.452560337202324998e+06 2.301763111415607510e-07 5.496546999584585441e-06
2.452560337248624768e+06 3.998455547028515177e-07 5.513022171233429201e-06
2.452560337294924539e+06 2.492054339780644405e-07 5.532244677459633446e-06
2.452560337341224309e+06 2.953212002767280317e-07 5.545021319078560822e-06
2.452560337387524080e+06 3.138655944247069743e-07 5.563768943130708712e-06
2.452560337433823850e+06 2.481903347111889215e-07 5.580419902186685591e-06
2.452560337480123620e+06 1.320570486083030023e-07 5.584582654384315619e-06
2.452560337526423391e+06 2.160405438627081972e-07 5.586759664179369211e-06
2.452560337572723161e+06 3.296975317976670578e-07 5.604311828811325415e-06
2.452560337619022932e+06 3.179973889459377187e-07 5.631074661318461152e-06
2.452560337665322702e+06 2.421730986733427192e-07 5.653285999702277848e-06
2.452560337711622473e+06 2.453759092639603749e-07 5.671738931939424896e-06
2.452560337757922243e+06 3.069978782405796591e-07 5.696609945740475130e-06
2.452560337804222014e+06 1.168908326999986655e-07 5.713641570456917146e-06
2.452560337850521784e+06 4.142213395935552270e-08 5.711830663787258729e-06
2.452560337896821555e+06 8.129956191783155006e-08 5.707328009446533572e-06
2.452560337943121325e+06 9.272932761570239067e-08 5.706574273439085661e-06
2.452560337989421096e+06 1.024157439744399535e-07 5.707563886770771042e-06
2.452560338035720866e+06 4.273998066426901001e-08 5.705030522995871016e-06
2.452560338082020637e+06 6.613504607375921650e-08 5.699782949747885967e-06
2.452560338128320407e+06 8.818991127033072955e-08 5.697866692435550262e-06
2.452560338174620178e+06 -3.511322464770164671e-08 5.688383707985713324e-06
2.452560338220919948e+06 6.889374404755461919e-08 5.677050709724892551e-06
2.452560338267219719e+06 1.092905285489444945e-07 5.676219684653417104e-06
2.452560338313519489e+06 1.794652078913155476e-07 5.684095010434603110e-06
2.452560338359819259e+06 2.616423181319958937e-07 5.704488244284620327e-06
2.452560338406119030e+06 2.852384549035046689e-07 5.734745094226188093e-06
2.452560338452418800e+06 9.353218269541351217e-08 5.754711401132945525e-06
2.452560338498718571e+06 1.442172143500891816e-07 5.765681479573308283e-06
2.452560338545018341e+06 5.818972326186709924e-08 5.775034502008181263e-06
2.452560338591318112e+06 -5.852340947007509080e-08 5.769913706828244035e-06
2.452560338637617882e+06 5.643291401728563846e-08 5.764574848860955699e-06
2.452560338683917653e+06 6.057624929252070006e-08 5.768211646389149166e-06
2.452560338730217423e+06 4.018384808436510579e-08 5.771180674209580405e-06
2.452560338776517194e+06 -5.953394805271597780e-09 5.769611229465324925e-06
2.452560338822816964e+06 -6.453000530370063351e-08 5.760278939071728951e-06
2.452560338869116735e+06 -1.136792523504988282e-07 5.742413183653420201e-06
2.452560338915416505e+06 -1.096468596539216052e-07 5.720192551225472197e-06
2.452560338961716276e+06 -2.701433037068867864e-08 5.703367284258977582e-06
2.452560339008016046e+06 4.617462395795712341e-08 5.697622107003347608e-06
2.452560339054315817e+06 7.562035957997602233e-08 5.699729775389934102e-06
2.452560339100615587e+06 5.227832748707845632e-08 5.702919248257179116e-06
2.452560339146915358e+06 -2.136107396651619427e-08 5.699427823604543336e-06
2.452560339193215128e+06 -4.223790277364188933e-09 5.691860671531429993e-06
2.452560339239514899e+06 3.346535034013306927e-08 5.688406909391488468e-06
2.452560339285814669e+06 6.935592785762121878e-08 5.690800095361387273e-06
2.452560339332114439e+06 1.007230420404655183e-07 5.698982136481115119e-06
2.452560339378414210e+06 1.242869157052959753e-07 5.712423989802526686e-06
2.452560339424713980e+06 4.263859835190563788e-09 5.719970714615338667e-06
2.452560339471013751e+06 -5.555121089212458709e-08 5.714840714221839618e-06
2.452560339517313521e+06 -5.003201292249702973e-08 5.705672272543922697e-06
2.452560339563613292e+06 -4.124852339375371890e-08 5.697403971461545687e-06
2.452560339609913062e+06 1.116810154581982186e-07 5.701325567067122324e-06
2.452560339656212833e+06 1.942780175328042873e-08 5.710626484353034803e-06
2.452560339702512603e+06 2.401901120905322228e-08 5.714395294424210993e-06
2.452560339748812374e+06 9.921966311104340501e-08 5.724959290761846584e-06
2.452560339795112144e+06 8.916012971891589574e-08 5.741675206793672910e-06
2.452560339841411915e+06 1.172327360532119301e-07 5.761372020566604216e-06
2.452560339887711685e+06 1.583828467029359339e-07 5.788123400192339877e-06
2.452560339934011456e+06 9.220235812819025310e-08 5.815220826007265618e-06
2.452560339980311226e+06 1.889132748907073096e-08 5.833930613115882726e-06
2.452560340026610997e+06 9.401436927678789347e-08 5.854353633148836453e-06
2.452560340072910767e+06 4.358423571484876457e-08 5.878310905089348603e-06
2.452560340119210538e+06 8.157825140649806625e-10 5.897040740500837467e-06
2.452560340165510308e+06 2.274521266780311581e-08 5.915625910883696688e-06
2.452560340211810078e+06 1.013559225987547057e-07 5.943245848164023263e-06
2.452560340258109849e+06 1.808869363731454391e-07 5.984878825837822973e-06
2.452560340304409619e+06 -2.628839144802792210e-08 6.019720177136750896e-06
2.452560340350709390e+06 -1.236785018805585593e-07 6.033748396755806803e-06
2.452560340397009160e+06 -1.401417807641774627e-07 6.039923019006515525e-06
2.452560340443308931e+06 -9.546672712467859725e-08 6.048454534981979076e-06
2.452560340489608701e+06 -1.565650543635628232e-08 6.066806624184716263e-06
2.452560340535908472e+06 -1.997797913061469256e-08 6.091918188189701052e-06
2.452560340582208242e+06 -9.185514352787546755e-10 6.119601475799796655e-06
2.452560340628508013e+06 9.164155761200148963e-09 6.151077818966141098e-06
2.452560340674807783e+06 -2.038096324493353416e-09 6.184253101211654308e-06
2.452560340721107554e+06 -4.364431452077840600e-08 6.215248488906935050e-06
2.452560340767407324e+06 -2.003229913787135198e-07 6.232773014576929817e-06
2.452560340813707095e+06 -1.739276505257662891e-07 6.240977493104540418e-06
2.452560340860006865e+06 -1.182788991327472822e-07 6.255307145445546147e-06
2.452560340906306636e+06 -8.476326648644227481e-08 6.276707799248425867e-06
2.452560340952606406e+06 -9.051811770434715484e-08 6.300970788027248012e-06
2.452560340998906177e+06 -2.374485067816975694e-07 6.314523064312446820e-06
2.452560341045205947e+06 -2.334962643237969457e-07 6.317289837551344692e-06
2.452560341091505717e+06 -1.614568411192551914e-07 6.325126768571033530e-06
2.452560341137805488e+06 -1.217038657303727694e-07 6.341098247338495797e-06
2.452560341184105258e+06 -2.006685654260793228e-07 6.354269002234444619e-06
2.452560341230405029e+06 -2.507243032671616590e-07 6.357571499558208235e-06
2.452560341276704799e+06 -2.116386384491685658e-07 6.359253806725480093e-06
2.452560341323004570e+06 -2.035839000768667441e-07 6.363605812479957515e-06
2.452560341369304340e+06 -2.484030225473157169e-07 6.364422440114035708e-06
2.452560341415604111e+06 -3.159697654880152641e-07 6.355685767145861318e-06
2.452560341461903881e+06 -2.517977719674319895e-07 6.345001140786127604e-06
2.452560341508203652e+06 -2.923964389540885354e-07 6.334290234988249016e-06
2.452560341554503422e+06 -3.104466751524454291e-07 6.317309683465550624e-06
2.452560341600803193e+06 -3.007498231444171947e-07 6.297455424748957896e-06
2.452560341647102963e+06 -3.101644095986199141e-07 6.275206645155766751e-06
2.452560341693402734e+06 -4.235058112272986543e-07 6.241066575732068379e-06
2.452560341739702504e+06 -2.741399384978652986e-07 6.206308063670313400e-06
2.452560341786002275e+06 -1.158572893107215885e-07 6.191607414997658423e-06
2.452560341832302045e+06 -1.155320559348030632e-07 6.187110262532484486e-06
2.452560341878601816e+06 -3.286918126016188314e-07 6.165315547757520028e-06
2.452560341924901586e+06 9.111702002877781302e-09 6.150683335027379113e-06
2.452560341971201357e+06 -3.959325025360514802e-08 6.156274232674054792e-06
2.452560342017501127e+06 -6.506446525668654399e-08 6.155920871485962084e-06
2.452560342063800897e+06 -5.445601447114130397e-08 6.153714531799554563e-06
2.452560342110100668e+06 -1.253562465747129863e-07 6.146078520989093415e-06
2.452560342156400438e+06 -1.222205079033937301e-07 6.132073075609485067e-06
2.452560342202700209e+06 -3.913166539741501938e-08 6.122982861186696281e-06
2.452560342248999979e+06 2.167783721971325835e-09 6.122092514467528263e-06
2.452560342295299750e+06 4.625987389454171620e-08 6.127042733042538695e-06
2.452560342341599520e+06 1.643847705560218200e-07 6.144104441050140627e-06
2.452560342387899291e+06 1.779006396601574912e-09 6.158416713480665091e-06
2.452560342434199061e+06 8.831721789068010736e-08 6.167365931539574174e-06
2.452560342480498832e+06 8.211765352976917964e-08 6.182457313293487752e-06
2.452560342526798602e+06 8.166933424592461657e-09 6.191914375205344620e-06
2.452560342573098373e+06 1.516089397029876177e-08 6.196327534127015561e-06
2.452560342619398143e+06 2.668058958088071345e-08 6.201835793225863233e-06
2.452560342665697914e+06 1.256390046025766369e-07 6.215515345602948659e-06
2.452560342711997684e+06 9.699917484178153136e-08 6.234891937354779842e-06
2.452560342758297455e+06 2.604662175672188731e-08 6.247432989210163084e-06
2.452560342804597225e+06 7.668962673202207291e-08 6.258663886623176932e-06
2.452560342850896996e+06 -1.789058507620517323e-08 6.266684227533615646e-06
2.452560342897196766e+06 -4.247180866560824051e-08 6.265536221445686268e-06
2.452560342943496536e+06 -1.537310042706096922e-07 6.253298504802481123e-06
2.452560342989796307e+06 -2.019784456037150669e-07 6.227397110698090439e-06
2.452560343036096077e+06 2.075503485975443300e-08 6.212300393432444894e-06
2.452560343082395848e+06 1.272803703997427778e-07 6.220601092430765739e-06
2.452560343128695618e+06 2.135552431931365518e-07 6.243615045840623527e-06
2.452560343174995389e+06 2.793850084103679407e-07 6.279290052389240522e-06
2.452560343221295159e+06 3.040302970791739914e-07 6.323812192839494873e-06
2.452560343267594930e+06 2.661461054822769393e-07 6.369874932197790564e-06
2.452560343313894700e+06 2.034421596711318623e-07 6.410883461933493768e-06
2.452560343360194471e+06 1.320130743768528556e-07 6.443864712489658039e-06
2.452560343406494241e+06 4.970395348318420858e-08 6.466702402238118208e-06
2.452560343452794012e+06 -2.394331545539764486e-08 6.478465127150616137e-06
2.452560343499093782e+06 -5.068577493782517352e-08 6.482567135589602154e-06
2.452560343545393553e+06 1.289347585151155480e-07 6.497721355519541341e-06
2.452560343591693323e+06 1.230344470873143221e-07 6.526299884310078106e-06
2.452560343637993094e+06 -3.923102232676059764e-08 6.543234058502758918e-06
2.452560343684292864e+06 -2.141156510677899668e-07 6.534809420955329037e-06
2.452560343730592635e+06 -2.432540641257474238e-07 6.509339205434161456e-06
2.452560343776892405e+06 -2.922604679450395275e-07 6.475215918802593150e-06
2.452560343823192175e+06 -1.449933737033544110e-07 6.445299305141940127e-06
2.452560343869491946e+06 9.008537818982742592e-09 6.435400010834452891e-06
2.452560343915791716e+06 -2.567695897131066393e-10 6.435095085393633446e-06
2.452560343962091487e+06 -2.575457060158408010e-07 6.413813343182441706e-06
2.452560344008391257e+06 -1.049137036580712955e-07 6.382403255251349964e-06
2.452560344054691028e+06 -3.189565746152885364e-08 6.365327058291398357e-06
2.452560344100990798e+06 -3.242529913079200698e-10 6.354463833583771176e-06
2.452560344147290569e+06 2.333485731739638849e-08 6.346549472944926265e-06
2.452560344193590339e+06 7.046005880318171632e-08 6.343016965386005307e-06
2.452560344239890110e+06 1.753321536385784537e-07 6.350391046972615037e-06
2.452560344286189880e+06 1.890779132618612708e-08 6.353990868222046273e-06
2.452560344332489651e+06 1.614917219769801576e-08 6.345373817676540935e-06
2.452560344378789421e+06 5.515790352211566364e-08 6.338557993173824026e-06
2.452560344425089192e+06 -1.032556299679062420e-07 6.321868165006035126e-06
2.452560344471388962e+06 3.629058218955654666e-08 6.302286869704720725e-06
2.452560344517688733e+06 4.301692069150830299e-08 6.292221747240632620e-06
2.452560344563988503e+06 6.953154092998713462e-08 6.283805082074480764e-06
2.452560344610288274e+06 8.820222108029167475e-08 6.278103191231893385e-06
2.452560344656588044e+06 3.275272627411835836e-08 6.269111923043701804e-06
2.452560344702887814e+06 1.285128142782376385e-07 6.262495909840365161e-06
2.452560344749187585e+06 9.920169208992269679e-08 6.260450623874469783e-06
2.452560344795487355e+06 4.980793903904136531e-08 6.252293372055851169e-06
2.452560344841787126e+06 8.291971693304209496e-08 6.242366526475543418e-06
2.452560344888086896e+06 2.481823415601748218e-07 6.246909666817565073e-06
2.452560344934386667e+06 8.372954141263592375e-08 6.251959295870850525e-06
2.452560344980686437e+06 3.298328364866119580e-07 6.263716220363421843e-06
2.452560345026986208e+06 3.923425837838278558e-07 6.299934227606831543e-06
2.452560345073285978e+06 2.815776883002366399e-07 6.335203150163640540e-06
2.452560345119585749e+06 2.212756518710071099e-07 6.360075396457782768e-06
2.452560345165885519e+06 2.754815721889202837e-07 6.386324385531171819e-06
2.452560345212185290e+06 1.475606026457107047e-07 6.408880566161400197e-06
2.452560345258485060e+06 1.127297779180174608e-07 6.420682468347432300e-06
2.452560345304784831e+06 1.545373912156451568e-07 6.433856603174360621e-06
2.452560345351084601e+06 1.532937063733715822e-07 6.451049434166697047e-06
2.452560345397384372e+06 5.711152010915359690e-08 6.462040825544997404e-06
2.452560345443684142e+06 1.194379386367966870e-08 6.463034619940746241e-06
2.452560345489983913e+06 -1.853021108388937440e-08 6.458314454471717502e-06
2.452560345536283683e+06 -3.202818157634948252e-08 6.449894135756368524e-06
2.452560345582583454e+06 -1.701949307082144717e-08 6.440990141637055553e-06
2.452560345628883224e+06 -3.567945891607444742e-09 6.433643288844058187e-06
2.452560345675182994e+06 -3.503115656675727690e-08 6.424455078758694144e-06
2.452560345721482765e+06 4.993578704351480843e-08 6.418758839557445660e-06
2.452560345767782535e+06 8.639733554374299368e-08 6.421995831564956898e-06
2.452560345814082306e+06 -1.267497650088214656e-07 6.412143748715708820e-06
2.452560345860382076e+06 1.003298190101287978e-08 6.395912956693598036e-06
2.452560345906681847e+06 8.927432465398158521e-08 6.395120249558549675e-06
2.452560345952981617e+06 8.690688038755263265e-08 6.400312931808062603e-06
2.452560345999281388e+06 7.013097611218054069e-08 6.404624606655038694e-06
2.452560346045581158e+06 1.128230046522918457e-07 6.411423491831249248e-06
2.452560346091880929e+06 2.034307569692721086e-08 6.415131129821546941e-06
2.452560346138180699e+06 8.481766397381353735e-08 6.417184643453672999e-06
2.452560346184480470e+06 1.194136622564644716e-08 6.418961591067245080e-06
2.452560346230780240e+06 -4.138142949633639857e-08 6.411487538462813558e-06
2.452560346277080011e+06 1.647389760789742775e-07 6.415335112265934155e-06
2.452560346323379781e+06 8.797235769224134206e-08 6.429543576364429694e-06
2.452560346369679552e+06 3.671778091010916247e-08 6.435271063235497808e-06
2.452560346415979322e+06 -7.852305935204825072e-08 6.428974205864099929e-06
2.452560346462279093e+06 -1.201718513752329101e-07 6.410528619376253329e-06
2.452560346508578863e+06 6.023536121549178167e-08 6.401578498727318787e-06
2.452560346554878633e+06 -4.010150809287314524e-08 6.398368067283760175e-06
2.452560346601178404e+06 -5.955082602906762879e-08 6.386121909796437448e-06
2.452560346647478174e+06 -1.046621307993107366e-07 6.368411443734714672e-06
2.452560346693777945e+06 -8.105876134669936470e-08 6.348149469040066382e-06
2.452560346740077715e+06 1.064585978375096974e-07 6.342884551284473734e-06
2.452560346786377486e+06 -1.083090331654667161e-07 6.335585383966736467e-06
2.452560346832677256e+06 -5.037269435083814059e-09 6.319713348555603172e-06
2.452560346878977027e+06 1.243280440204982643e-08 6.312343289378297106e-06
2.452560346925276797e+06 7.094728292976896877e-09 6.305846187602098740e-06
2.452560346971576568e+06 1.605109489994859047e-07 6.310641167869205860e-06
2.452560347017876338e+06 1.996342210655507751e-07 6.330924828712666931e-06
2.452560347064176109e+06 2.402836420420036834e-07 6.359212386789962267e-06
2.452560347110475879e+06 2.407728003071140269e-07 6.393101621494958293e-06
2.452560347156775650e+06 1.860758969099837722e-07 6.425691642454628116e-06
2.452560347203075420e+06 7.789179343094242186e-08 6.448567963337341368e-06
2.452560347249375191e+06 -3.796898579926298819e-08 6.456333992052170432e-06
2.452560347295674961e+06 6.757890535264649615e-08 6.464135449922108681e-06
2.452560347341974732e+06 1.079725632348872785e-07 6.483842650768636654e-06
2.452560347388274502e+06 6.989376141521343015e-09 6.500570451824353352e-06
2.452560347434574272e+06 -1.940987579122605343e-07 6.495700412676328416e-06
2.452560347480874043e+06 -8.683187913522477742e-08 6.483508509674309487e-06
2.452560347527173813e+06 -7.703591399247183070e-08 6.479517153371954439e-06
2.452560347573473584e+06 -9.592254752740326723e-08 6.474723266181920165e-06
2.452560347619773354e+06 -8.151452519176204860e-08 6.469419827785130381e-06
2.452560347666073125e+06 9.144646554438696652e-09 6.471903981920373049e-06
2.452560347712372895e+06 8.666242955944935976e-08 6.487529524796808220e-06
2.452560347758672666e+06 1.520417198954974120e-07 6.515293560342206016e-06
2.452560347804972436e+06 2.062296734778252544e-07 6.554248932641322433e-06
2.452560347851272207e+06 1.682153620851155259e-07 6.597270752497066166e-06
2.452560347897571977e+06 -3.696020221087079737e-08 6.624845735167535567e-06
2.452560347943871748e+06 -2.148722074002687046e-07 6.625157158731414990e-06
2.452560347990171518e+06 -2.096519736330406725e-07 6.612220422236847089e-06
2.452560348036471289e+06 -1.497946001309944167e-07 6.603169961331174137e-06
2.452560348082771059e+06 -1.119976699803574404e-07 6.600767938689948070e-06
2.452560348129070830e+06 -1.338388226883393404e-07 6.599274225693859386e-06
2.452560348175370600e+06 -6.881503864309142494e-08 6.600817463489225800e-06
2.452560348221670371e+06 -1.984908235419354584e-07 6.597402280308030673e-06
2.452560348267970141e+06 -2.344290776454575047e-07 6.580984853620589039e-06
2.452560348314269911e+06 -1.801775586755273028e-07 6.564630343520960270e-06
2.452560348360569682e+06 -1.323801916648468570e-07 6.554729985380583692e-06
2.452560348406869452e+06 -9.056625587149080228e-08 6.550813058457533067e-06
2.452560348453169223e+06 -1.722302170613197002e-07 6.543464095576680355e-06
2.452560348499468993e+06 -1.628544106977299324e-07 6.529971433384609898e-06
2.452560348545768764e+06 -9.153945906825990439e-08 6.521541222898873881e-06
2.452560348592068534e+06 -6.608121263624197840e-08 6.519770734369979502e-06
2.452560348638368305e+06 -1.321161537737987854e-07 6.514691561172862328e-06
2.452560348684668075e+06 -7.757653703338151062e-08 6.508278346324165462e-06
2.452560348730967846e+06 -3.300160793635620165e-08 6.508852752582536934e-06
2.452560348777267616e+06 -2.783250542670223024e-08 6.513159234698598779e-06
2.452560348823567387e+06 -5.572473763206517347e-08 6.515943502185940028e-06
2.452560348869867157e+06 -1.206546152864319439e-07 6.511752917256247213e-06
2.452560348916166928e+06 -6.161040577135312812e-09 6.510913872435305607e-06
2.452560348962466698e+06 1.747783369831912366e-08 6.520402081593394542e-06
2.452560349008766469e+06 -3.435831903482051344e-08 6.528292894974002852e-06
2.452560349055066239e+06 -4.435424627681492690e-08 6.531893628097929137e-06
2.452560349101366010e+06 1.259677964620787946e-07 6.547780563703317843e-06
2.452560349147665780e+06 -3.142526384042753249e-08 6.565600363659649799e-06
2.452560349193965551e+06 -8.316663535089824031e-08 6.568566327729545691e-06
2.452560349240265321e+06 -3.636464802246278636e-08 6.571122890216076718e-06
2.452560349286565091e+06 -2.368577551294603573e-08 6.578129486098904845e-06
2.452560349332864862e+06 6.925380397089967653e-08 6.593400058076592370e-06
2.452560349379164632e+06 -1.726011965477567065e-08 6.609956914006452286e-06
2.452560349425464403e+06 -3.128740978452148779e-08 6.619723140251711929e-06
2.452560349471764173e+06 1.537858468919076430e-08 6.632314450609080763e-06
2.452560349518063944e+06 2.383794881817345419e-08 6.649618667461410919e-06
2.452560349564363714e+06 -7.426662328421820779e-08 6.660930081413825780e-06
2.452560349610663485e+06 -1.243869503431377235e-07 6.661332958145074281e-06
2.452560349656963255e+06 -1.433503073856887483e-07 6.656048859307197447e-06
2.452560349703263026e+06 -1.305435188946437488e-07 6.649453878722123765e-06
2.452560349749562796e+06 -8.268769123539120689e-08 6.646540117682495486e-06
2.452560349795862567e+06 -9.993578423256596145e-09 6.652129102029559036e-06
2.452560349842162337e+06 -1.686427930528057018e-07 6.651115112002209399e-06
2.452560349888462108e+06 -1.644292183229090430e-07 6.637807901840546337e-06
2.452560349934761878e+06 -4.231243975632083351e-08 6.632691268368292595e-06
2.452560349981061649e+06 1.789908251499323937e-08 6.640623673417289304e-06
2.452560350027361419e+06 -1.974502278697706343e-08 6.650383405334075447e-06
2.452560350073661190e+06 -1.027769766131577273e-07 6.651189394559097876e-06
2.452560350119960960e+06 -1.002507954406294770e-07 6.645445512333801144e-06
2.452560350166260730e+06 -7.187133821420486902e-08 6.641159743591920407e-06
2.452560350212560501e+06 -1.114147877533097611e-07 6.635243767415980066e-06
2.452560350258860271e+06 -4.793066626380380594e-08 6.630259174713965972e-06
2.452560350305160042e+06 3.321741703340960938e-08 6.635462733484697301e-06
2.452560350351459812e+06 8.669539805611905377e-08 6.650824552075697682e-06
2.452560350397759583e+06 7.975807533174535003e-08 6.670357409662531059e-06
2.452560350444059353e+06 -3.899862269215825948e-09 6.683902349288556617e-06
2.452560350490359124e+06 -1.039668802224073024e-07 6.683920957019400624e-06
2.452560350536658894e+06 -1.376693248944928890e-07 6.673234129970232556e-06
2.452560350582958665e+06 -1.882560001945414071e-08 6.667736623949419002e-06
2.452560350629258435e+06 8.915821634286167816e-08 6.678593306080306305e-06
2.452560350675558206e+06 3.005206283376097324e-09 6.691381529194745813e-06
2.452560350721857976e+06 5.778852334296181294e-08 6.702177437272972638e-06
2.452560350768157747e+06 3.871537325229828853e-08 6.715925441933020984e-06
2.452560350814457517e+06 4.614537014174081862e-08 6.729218977891273904e-06
2.452560350860757288e+06 4.908776239569715163e-08 6.743682112580061534e-06
2.452560350907057058e+06 4.556575937027172957e-09 6.755427573841729369e-06
2.452560350953356829e+06 1.418830817214956533e-07 6.774465617366508828e-06
2.452560350999656599e+06 1.980516581534647237e-07 6.808958154256711102e-06
2.452560351045956369e+06 2.278212237033061474e-07 6.851792390884094781e-06
2.452560351092256140e+06 2.108494561966343815e-07 6.897944369996810361e-06
2.452560351138555910e+06 1.146427786623340034e-07 6.938000943093868225e-06
2.452560351184855681e+06 -1.014964566280646179e-08 6.963256783758215118e-06
2.452560351231155451e+06 3.552279485858448517e-08 6.983392797319695587e-06
2.452560351277455222e+06 1.235823960566587567e-07 7.014198341829655563e-06
2.452560351323754992e+06 1.755405878616210854e-07 7.056877395688209602e-06
2.452560351370054763e+06 1.466959050432515454e-07 7.103331741433407360e-06
2.452560351416354533e+06 1.198676329422816833e-07 7.147769676461207847e-06
2.452560351462654304e+06 9.497086869361525097e-08 7.190276103636700935e-06
2.452560351508954074e+06 3.390822988330684718e-08 7.228040539127282655e-06
2.452560351555253845e+06 -2.240684407184363387e-08 7.258270600592074868e-06
2.452560351601553615e+06 -1.723694981101576735e-08 7.285411858161274415e-06
2.452560351647853386e+06 3.209146833478442841e-08 7.317235423718008093e-06
2.452560351694153156e+06 1.439978201422629544e-08 7.352293823789830310e-06
2.452560351740452927e+06 -5.542733892950773716e-08 7.381705437392291570e-06
2.452560351786752697e+06 -4.744101406709353163e-08 7.406971786646826882e-06
2.452560351833052468e+06 1.257071392648979108e-07 7.446239851902953845e-06
2.452560351879352238e+06 -8.607628527245335954e-08 7.483750469553928242e-06
2.452560351925652009e+06 -1.683900453207365087e-07 7.499890955191030794e-06
2.452560351971951779e+06 -2.217589192121775095e-07 7.505144584670072824e-06
2.452560352018251549e+06 -1.932165190739765004e-07 7.507155246995143815e-06
2.452560352064551320e+06 -3.352336089259761302e-08 7.521902241117317357e-06
2.452560352110851090e+06 -1.067280990245310168e-07 7.542557706113737149e-06
2.452560352157150861e+06 -1.950959598943564652e-07 7.550661403409569484e-06
2.452560352203450631e+06 -2.280439339844000081e-07 7.548368163616662260e-06
2.452560352249750402e+06 -1.774421654776938901e-07 7.545515796988831478e-06
2.452560352296050172e+06 -5.810218473782542496e-08 7.553670800252547266e-06
2.452560352342349943e+06 -1.015553094707008619e-07 7.566483473159377693e-06
2.452560352388649713e+06 -6.610788938807861999e-08 7.577911054281427098e-06
2.452560352434949484e+06 -1.291985048978734977e-07 7.586363962531280496e-06
2.452560352481249254e+06 -1.695275599213892542e-07 7.585872892386825548e-06
2.452560352527549025e+06 -4.078512382167794946e-08 7.590407742243253165e-06
2.452560352573848795e+06 -1.678179862560334991e-07 7.593756490150633340e-06
2.452560352620148566e+06 -1.427660835901885026e-07 7.587967967002134074e-06
2.452560352666448336e+06 -6.570985816005143994e-08 7.587942560972142287e-06
2.452560352712748107e+06 -4.635041987158040810e-09 7.596868212400337785e-06
2.452560352759047877e+06 -1.127081135840531545e-08 7.609044416976178034e-06
2.452560352805347648e+06 -1.065758437758494503e-07 7.612824043548965713e-06
2.452560352851647418e+06 -1.872691616108604243e-07 7.601991955539320229e-06
2.452560352897947188e+06 -1.544475640169222237e-07 7.585286290560744346e-06
2.452560352944246959e+06 -6.301691135174961780e-08 7.575435696325844497e-06
2.452560352990546729e+06 -2.895079911317516847e-09 7.575065315315080348e-06
2.452560353036846500e+06 5.464719236771726624e-08 7.582322128142787765e-06
2.452560353083146270e+06 1.047456403000082386e-07 7.597022765317238145e-06
2.452560353129446041e+06 3.470445514549230864e-08 7.610016547807856801e-06
2.452560353175745811e+06 -7.174170547206681072e-08 7.609289415266163555e-06
2.452560353222045582e+06 -8.192309512906726633e-08 7.598439860026820583e-06
2.452560353268345352e+06 4.453740116173103743e-08 7.594506840804376494e-06
2.452560353314645123e+06 -9.231375554559158986e-08 7.588401670807802165e-06
2.452560353360944893e+06 -7.440213898833191743e-08 7.571759494063614607e-06
2.452560353407244664e+06 -9.432877679975778709e-09 7.559235567402688288e-06
2.452560353453544434e+06 -9.666190967956680080e-08 7.543191524679195280e-06
2.452560353499844205e+06 4.965996040216120781e-08 7.529627788272071518e-06
2.452560353546143975e+06 -1.650870439634368719e-07 7.509087951911055768e-06
2.452560353592443746e+06 -1.009276277956936971e-07 7.474891983658389850e-06
2.452560353638743516e+06 7.100812663385468958e-08 7.455561923418946174e-06
2.452560353685043287e+06 1.767683090163989625e-08 7.443312609277633530e-06
2.452560353731343057e+06 1.514409663376701824e-07 7.435817515381120073e-06
2.452560353777642827e+06 1.709636879047789661e-07 7.439019370437837275e-06
2.452560353823942598e+06 2.212450237025247036e-07 7.447382039165409241e-06
2.452560353870242368e+06 2.653211881601605541e-07 7.463177325700801796e-06
2.452560353916542139e+06 2.307624905100051974e-07 7.480507537413909763e-06
2.452560353962841909e+06 2.002201062835253164e-07 7.493821435703339819e-06
2.452560354009141680e+06 2.316138125523716832e-07 7.507863447140760578e-06
2.452560354055441450e+06 1.896966422330002411e-07 7.521837348552163926e-06
2.452560354101741221e+06 1.067813967683510267e-07 7.527058235954687989e-06
2.452560354148040991e+06 7.246314563901745951e-08 7.523497901050863434e-06
2.452560354194340762e+06 2.167022343508557166e-07 7.527840254082138336e-06
2.452560354240640532e+06 2.338521280074588494e-07 7.544601095088700439e-06
2.452560354286940303e+06 1.994678252631838804e-07 7.561100543660366659e-06
2.452560354333240073e+06 1.499118523374863730e-07 7.572252483129618078e-06
2.452560354379539844e+06 1.151588492802071419e-07 7.577655645730609359e-06
2.452560354425839614e+06 1.755314104226720780e-07 7.585277857610827295e-06
2.452560354472139385e+06 6.281508700304067120e-08 7.589367554673156947e-06
2.452560354518439155e+06 7.176069994608934414e-08 7.585779797692435618e-06
2.452560354564738926e+06 1.771270213763080107e-07 7.590581733580761707e-06
2.452560354611038696e+06 2.462171033036238471e-07 7.608977028056783829e-06
2.452560354657338466e+06 7.760553415465761890e-08 7.621108298880297627e-06
2.452560354703638237e+06 5.370320138840507438e-08 7.619455183641875863e-06
2.452560354749938007e+06 -8.374462315597265888e-11 7.611781367766710056e-06
2.452560354796237778e+06 -4.620326704689127671e-08 7.595997697395092802e-06
2.452560354842537548e+06 -6.421941585789337289e-09 7.578683769793130158e-06
2.452560354888837319e+06 2.221899908669066396e-08 7.565467701745190225e-06
2.452560354935137089e+06 1.641316987398272627e-07 7.564460979353732148e-06
2.452560354981436860e+06 1.929541543245202371e-07 7.576588211032493163e-06
2.452560355027736630e+06 1.336949280236554173e-07 7.587503027736614430e-06
2.452560355074036401e+06 7.467428575167048308e-08 7.590440889648766021e-06
2.452560355120336171e+06 -2.482858410449235334e-08 7.581779305243293889e-06
2.452560355166635942e+06 9.247052833545282689e-09 7.567793613336149481e-06
2.452560355212935712e+06 7.041297414371808682e-08 7.560361885229334362e-06
2.452560355259235483e+06 1.389599583661473835e-07 7.562612659004179782e-06
2.452560355305535253e+06 2.063472789105286188e-07 7.575736373069825868e-06
2.452560355351835024e+06 1.477555884335928346e-07 7.590847179937133918e-06
2.452560355398134794e+06 1.463829250488061316e-07 7.602851597146064213e-06
2.452560355444434565e+06 6.595401965732894595e-08 7.609859862102485970e-06
2.452560355490734335e+06 8.319260061610437037e-08 7.612928726049158201e-06
2.452560355537034106e+06 3.516712304863001837e-07 7.638321506304350875e-06
2.452560355583333876e+06 1.887328299534658813e-07 7.673922084932342273e-06
2.452560355629633646e+06 1.582635510869778224e-07 7.697684030468322710e-06
2.452560355675933417e+06 1.860319110369508090e-07 7.723227057232476045e-06
2.452560355722233187e+06 1.384061829075623986e-07 7.749341747363360614e-06
2.452560355768532958e+06 -5.754393101300761711e-08 7.759016048112870887e-06
2.452560355814832728e+06 8.578233845101013275e-08 7.765572882080293130e-06
2.452560355861132499e+06 4.163148868335105056e-08 7.780326468515917339e-06
2.452560355907432269e+06 1.585081303165817478e-08 7.790986773367308862e-06
2.452560355953732040e+06 3.166036332411989045e-08 7.801803545386024296e-06
2.452560356000031810e+06 3.929049159885334997e-08 7.815314000103772883e-06
2.452560356046331581e+06 -1.488216976586076029e-07 7.816181017702342651e-06
2.452560356092631351e+06 -4.571404278904204263e-08 7.810750105840528993e-06
2.452560356138931122e+06 -4.013157475242100304e-09 7.816054875280949296e-06
2.452560356185230892e+06 -7.287173175755002686e-08 7.819783820148569831e-06
2.452560356231530663e+06 -1.896841314243018238e-07 7.809758869690402097e-06
2.452560356277830433e+06 -1.622992824614924880e-07 7.792319736469323525e-06
2.452560356324130204e+06 -1.884783185842021615e-07 7.773850647497260462e-06
2.452560356370429974e+06 -1.253115636638015695e-07 7.757028055989921724e-06
2.452560356416729745e+06 -7.085052360650129944e-08 7.748132402381756898e-06
2.452560356463029515e+06 -1.356598177001284065e-07 7.738018006553795813e-06
2.452560356509329285e+06 -8.961496493764882364e-09 7.732108115018709212e-06
2.452560356555629056e+06 9.340103248508360337e-09 7.737039294696837298e-06
2.452560356601928826e+06 1.562533255406059513e-08 7.744429961371120360e-06
2.452560356648228597e+06 2.045526941173486067e-08 7.753421405411881412e-06
2.452560356694528367e+06 1.251858621199771703e-08 7.763032285488639069e-06
2.452560356740828138e+06 4.883120105530101115e-09 7.772341948472129619e-06
2.452560356787127908e+06 5.965869442038463560e-10 7.781588554165275553e-06
2.452560356833427679e+06 7.378685380012706218e-08 7.796897396850949760e-06
2.452560356879727449e+06 7.146256836281469524e-08 7.818828304779158262e-06
2.452560356926027220e+06 -1.330880642530852399e-07 7.826693954159735005e-06
2.452560356972326990e+06 -2.902329884188025749e-08 7.827549079813607191e-06
2.452560357018626761e+06 1.458322067530586499e-07 7.849737867203136107e-06
2.452560357064926531e+06 1.246677835816854194e-07 7.885237869904357971e-06
2.452560357111226302e+06 -3.304484148283262395e-08 7.909651597573744033e-06
2.452560357157526072e+06 -1.658058249757312848e-07 7.913638722637541785e-06
2.452560357203825843e+06 -7.705302482332988451e-08 7.914450460808903403e-06
2.452560357250125613e+06 1.994109818617961974e-08 7.929321837395289055e-06
2.452560357296425384e+06 6.080417390752971483e-09 7.951432084905797268e-06
2.452560357342725154e+06 -5.139777965897857055e-08 7.969509641308236374e-06
2.452560357389024924e+06 -5.806995530907457217e-08 7.983769158292929237e-06
2.452560357435324695e+06 -1.196464277800787501e-07 7.993587906813451446e-06
2.452560357481624465e+06 -7.967522546363225776e-08 8.002164651944826296e-06
2.452560357527924236e+06 -4.823992046468747765e-08 8.016459033006595182e-06
2.452560357574224006e+06 -1.059443414626060831e-07 8.029420883911422900e-06
2.452560357620523777e+06 -2.674936323236609917e-07 8.026241324906339543e-06
2.452560357666823547e+06 -1.735452463996111150e-07 8.017279741972719483e-06
2.452560357713123318e+06 -1.836842697968539895e-07 8.013637434822683158e-06
2.452560357759423088e+06 -1.784099555096623346e-07 8.008949869376208883e-06
2.452560357805722859e+06 -1.557477855481579413e-07 8.005633975881305760e-06
2.452560357852022629e+06 -1.441821266116855781e-07 8.004263723473829781e-06
2.452560357898322400e+06 -1.432398050153845915e-07 8.003321401877528795e-06
2.452560357944622170e+06 -1.665287421675512024e-07 8.000179988861674663e-06
2.452560357990921941e+06 -1.923351994304887611e-07 7.992642616607942586e-06
2.452560358037221711e+06 -1.881700545085606272e-07 7.982483773557022124e-06
2.452560358083521482e+06 -1.319016424185924963e-07 7.975766182894214671e-06
2.452560358129821252e+06 -7.965305626116649906e-08 7.976401477723880015e-06
2.452560358176121023e+06 -1.154542143094204919e-07 7.977912545954396459e-06
2.452560358222420793e+06 -1.362703086642766893e-07 7.974797503165407975e-06
2.452560358268720564e+06 -1.154624797265152026e-07 7.971027308264968804e-06
2.452560358315020334e+06 -6.011215859788207697e-08 7.972349740899409553e-06
2.452560358361320104e+06 -4.920448107885494205e-08 7.978374517777366519e-06
2.452560358407619875e+06 1.159785883839372248e-08 7.989843649941006572e-06
2.452560358453919645e+06 -5.498600833267273538e-08 8.001235017287904819e-06
2.452560358500219416e+06 -1.142711744345768451e-07 8.003386194713972541e-06
2.452560358546519186e+06 -1.000166132099986125e-08 8.008616545259274300e-06
2.452560358592818957e+06 -3.263172884912767624e-08 8.019925293757434041e-06
2.452560358639118727e+06 -1.272882289240934384e-07 8.022599472968090740e-06
2.452560358685418498e+06 -1.100217932747203209e-07 8.019040361263749951e-06
2.452560358731718268e+06 -1.870227774294040325e-08 8.022945307402255108e-06
2.452560358778018039e+06 4.304854207521288294e-08 8.038229951120968463e-06
2.452560358824317809e+06 -4.041128630387188749e-08 8.052397089767836323e-06
2.452560358870617580e+06 -2.191833266471575266e-07 8.047044736719275669e-06
2.452560358916917350e+06 -1.827131268384820803e-07 8.029887176645770342e-06
2.452560358963217121e+06 -1.045199659447822080e-07 8.019640953301155001e-06
2.452560359009516891e+06 -2.070195569428776511e-07 8.006251169374045627e-06
2.452560359055816662e+06 -1.224130352103863018e-07 7.989999196242182595e-06
2.452560359102116432e+06 -1.938497157682875802e-07 7.973067290112870192e-06
2.452560359148416203e+06 -1.587993291915077639e-07 7.951665407948266951e-06
2.452560359194715973e+06 -4.357985470647140002e-08 7.939705023006214351e-06
2.452560359241015743e+06 4.759655879454581353e-08 7.942162591011366643e-06
2.452560359287315514e+06 3.908727931395086680e-08 7.950671870491960743e-06
2.452560359333615284e+06 -2.064484580525419605e-08 7.954183426379161408e-06
2.452560359379915055e+06 4.544384214865735513e-08 7.958008674480383508e-06
2.452560359426214825e+06 1.006076474427007508e-07 7.970908753703486360e-06
2.452560359472514596e+06 -2.700961113586471346e-08 7.978790690951812254e-06
2.452560359518814366e+06 -1.925541238720610117e-07 7.964494068780262839e-06
2.452560359565114137e+06 -8.751694980603896373e-08 7.944136321872092237e-06
2.452560359611413907e+06 -9.933804785393200179e-10 7.936489810976859636e-06
2.452560359657713678e+06 2.877374810624648008e-09 7.934798292626684928e-06
2.452560359704013448e+06 -6.458383506555397239e-08 7.927789316933700015e-06
2.452560359750313219e+06 -1.315656194555533733e-07 7.909705986536597235e-06
2.452560359796612989e+06 -4.695801664393505437e-08 7.891349282077903302e-06
2.452560359842912760e+06 1.411792206662207221e-08 7.882477533224704338e-06
2.452560359889212530e+06 1.540106794125605412e-07 7.888006241920506907e-06
2.452560359935512301e+06 4.229275480123865220e-07 7.924789166621340811e-06
2.452560359981812071e+06 1.371331858441209313e-08 7.953272370277449964e-06
2.452560360028111842e+06 -3.506460113287370624e-08 7.948650730349300734e-06
2.452560360074411612e+06 4.409609832906361600e-08 7.945688948966343616e-06
2.452560360120711382e+06 6.457869039182591303e-08 7.949787314166630050e-06
2.452560360167011153e+06 -8.030608885529672593e-08 7.944415505642969511e-06
2.452560360213310923e+06 -9.362306554855819196e-08 7.926332083443177217e-06
2.452560360259610694e+06 -4.372224725677230925e-08 7.909469175290987928e-06
2.452560360305910464e+06 -3.999959596483613305e-08 7.895246611481137599e-06
2.452560360352210235e+06 -4.592952801064613552e-08 7.879640643346018952e-06
2.452560360398510005e+06 1.670407010298238256e-10 7.865808981113655310e-06
2.452560360444809776e+06 6.831551353357531054e-08 7.859547613263290572e-06
2.452560360491109546e+06 -4.287943444085634554e-08 7.849461254957901336e-06
2.452560360537409317e+06 -3.844374699290079726e-08 7.830453489483987830e-06
2.452560360583709087e+06 1.977584777032159242e-08 7.814806430761368213e-06
2.452560360630008858e+06 5.179149926965372682e-09 7.801352648503345660e-06
2.452560360676308628e+06 2.932033167648180466e-09 7.785685246586391490e-06
2.452560360722608399e+06 7.692375671994267739e-08 7.774420036544234651e-06
2.452560360768908169e+06 6.217667048873379743e-08 7.766955954229790319e-06
2.452560360815207940e+06 3.258620994199348196e-08 7.755714051542919704e-06
2.452560360861507710e+06 9.056557885230621335e-08 7.745983479556315922e-06
2.452560360907807481e+06 1.126859435823183287e-07 7.741835621062724142e-06
2.452560360954107251e+06 7.356259947327474540e-08 7.736308069975635727e-06
2.452560361000407021e+06 3.282025336207624065e-08 7.724540389964397181e-06
2.452560361046706792e+06 9.332452898776987223e-08 7.713689819859163266e-06
2.452560361093006562e+06 2.793673924671276147e-07 7.721103238558313045e-06
2.452560361139306333e+06 4.965600081432535705e-08 7.726028424589932188e-06
2.452560361185606103e+06 9.730086635885797126e-08 7.717761087835928361e-06
2.452560361231905874e+06 7.569475108960990567e-08 7.711199162887609314e-06
2.452560361278205644e+06 5.043077889408178815e-08 7.700941081164684043e-06
2.452560361324505415e+06 1.319745307005069987e-07 7.694591866271385884e-06
2.452560361370805185e+06 1.302359936108816936e-08 7.685328374121426132e-06
2.452560361417104956e+06 -1.024775079342814151e-07 7.657975248375391649e-06
2.452560361463404726e+06 3.758885709120434609e-09 7.628404190596608340e-06
2.452560361509704497e+06 1.233874519940900561e-07 7.614397146035036585e-06
2.452560361556004267e+06 2.396608797123122335e-08 7.601470720049379126e-06
2.452560361602304038e+06 2.383154597502812748e-08 7.580624045320942243e-06
2.452560361648603808e+06 1.284110918683036222e-07 7.566844273077187679e-06
2.452560361694903579e+06 6.078281595504747508e-08 7.555541321762356108e-06
2.452560361741203349e+06 -4.999943238243067926e-08 7.530540345564439323e-06
2.452560361787503120e+06 -1.553924040174688791e-08 7.498663424274707370e-06
2.452560361833802890e+06 6.605339614073264130e-08 7.474105699254276503e-06
2.452560361880102661e+06 1.390097827694725775e-07 7.460374314657712155e-06
2.452560361926402431e+06 1.972957504402854380e-07 7.456512103079847317e-06
2.452560361972702201e+06 -1.134189169145233920e-08 7.441829069970510808e-06
2.452560362019001972e+06 -6.016747729013808703e-07 7.366233598046757907e-06
2.452560362065301742e+06 -4.855819205643986076e-07 7.250140745709775644e-06
2.452560362111601513e+06 -3.124356611432009191e-07 7.148885008240413470e-06
2.452560362157901283e+06 -4.588957301984467387e-08 7.075158377156169723e-06
2.452560362204201054e+06 2.610932339751063329e-07 7.041267124092249930e-06
2.452560362250500824e+06 5.006591826725168252e-07 7.048114051224770096e-06
2.452560362296800595e+06 3.584161762294871141e-07 7.064482811141607272e-06
2.452560362343100365e+06 5.616137081825434502e-07 7.088282660339438880e-06
2.452560362389400136e+06 5.538009513709954062e-07 7.130248897347701693e-06
2.452560362435699906e+06 3.458090591376584434e-07 7.160358869135525975e-06
2.452560362481999677e+06 1.469050641184677996e-07 7.163172099298514729e-06
2.452560362528299447e+06 4.588513983807856714e-07 7.176255811889344907e-06
2.452560362574599218e+06 3.041260727403060046e-07 7.203691284640398723e-06
2.452560362620898988e+06 2.082090158978838919e-07 7.215445069739294056e-06
2.452560362667198759e+06 2.448292163605184685e-07 7.224910333876879170e-06
2.452560362713498529e+06 3.477887149511822786e-07 7.247025365733153422e-06
2.452560362759798300e+06 3.603755491627057670e-07 7.280833039640598227e-06
2.452560362806098070e+06 1.218767801914113369e-07 7.301140731134519752e-06
2.452560362852397840e+06 1.684951736396233973e-07 7.309512160934568003e-06
2.452560362898697611e+06 1.419433201704449049e-07 7.321175182708242643e-06
2.452560362944997381e+06 -2.857561927593587271e-07 7.300252275449748237e-06
2.452560362991297152e+06 1.259354511769634375e-07 7.277733187740509244e-06
2.452560363037596922e+06 1.066392667420448595e-07 7.284585878696872971e-06
2.452560363083896693e+06 1.794487863537330544e-07 7.297131750898790218e-06
