2.452579253353899810e+06 0.000000000000000000e+00 0.000000000000000000e+00
2.452579253400099464e+06 6.097290408527125210e-08 4.627669862276678774e-09
2.452579253446299117e+06 -7.414071020592405470e-08 3.955525652404730826e-09
2.452579253492498770e+06 -5.710077397939558309e-08 -5.733068222369572049e-09
2.452579253538698424e+06 -7.069441639606605275e-08 -1.585178967544305512e-08
2.452579253584898077e+06 1.128045075566743427e-08 -2.148718230681936893e-08
2.452579253631097730e+06 -1.878438635621190924e-08 -2.355576391184496347e-08
2.452579253677297384e+06 6.968412381208159513e-09 -2.606273290584098608e-08
2.452579253723497037e+06 -4.202102744866602157e-08 -3.047136007230176387e-08
2.452579253769696690e+06 8.806550818001945361e-08 -2.899273382655883532e-08
2.452579253815896343e+06 3.832205206378693511e-08 -2.125992200062636902e-08
2.452579253862095997e+06 5.751021146854483235e-08 -1.524911056689739518e-08
2.452579253908295650e+06 6.535871637200548704e-08 -6.722838494678220885e-09
2.452579253954495303e+06 -6.808559103722113273e-08 -7.097012023181033043e-09
2.452579254000694957e+06 2.154490095945330001e-07 3.908993441812530755e-09
2.452579254046894610e+06 -1.270861522647206388e-07 1.123080714026848845e-08
2.452579254093094263e+06 1.097224395330164320e-07 1.104344359869781007e-08
2.452579254139293917e+06 3.161557546989219356e-09 2.071311667900269255e-08
2.452579254185493570e+06 4.323755946279177160e-08 2.600479028243575730e-08
2.452579254231693223e+06 -2.540809200594554378e-08 2.947004860486999356e-08
2.452579254277892876e+06 4.407793664471334298e-08 3.320216930773478507e-08
2.452579254324092530e+06 9.371381883619057099e-08 4.619040477687482464e-08
2.452579254370292183e+06 -1.153584682909155668e-07 4.794024147911979779e-08
2.452579254416491836e+06 4.970630932141781987e-08 4.639542519488980002e-08
2.452579254462691490e+06 1.745903168302217637e-07 6.666485137914839539e-08
2.452579254508891143e+06 3.774004665051065261e-07 1.131568960967833663e-07
2.452579254555090796e+06 9.995115076170563506e-08 1.571560161498131950e-07
2.452579254601290450e+06 2.007853446875901501e-07 1.906694143056304956e-07
2.452579254647490103e+06 1.748310895244040178e-07 2.319690946325891935e-07
2.452579254693689756e+06 -1.442483432415708146e-07 2.496769172039442880e-07
2.452579254739889409e+06 2.004183690257351872e-08 2.564918199541756502e-07
2.452579254786089063e+06 -5.349787626376250672e-08 2.702447286816894837e-07
2.452579254832288716e+06 -2.735367909676697110e-08 2.809245647915878539e-07
2.452579254878488369e+06 -9.419092671410856554e-08 2.887952555940685012e-07
2.452579254924688023e+06 -1.769849620135848342e-07 2.853678537256951740e-07
2.452579254970887676e+06 -2.425437456027664654e-07 2.699231972440610833e-07
2.452579255017087329e+06 -1.467281073574455543e-07 2.551689605469162177e-07
2.452579255063286982e+06 -2.387820030270734341e-07 2.391649158680245617e-07
2.452579255109486636e+06 -4.179807941353777386e-08 2.295231302357398886e-07
2.452579255155686289e+06 -1.922657104655249298e-07 2.222853798676383802e-07
2.452579255201885942e+06 -2.589163483211357921e-07 1.976287666368768473e-07
2.452579255248085596e+06 -3.394950132728893502e-07 1.596390487539549383e-07
2.452579255294285249e+06 -2.736288209254957302e-08 1.361638802144767252e-07
2.452579255340484902e+06 -1.019143761632883606e-07 1.287519189766148077e-07
2.452579255386684556e+06 4.216059805414817633e-08 1.258270913562812663e-07
2.452579255432884209e+06 -1.400534879646432171e-07 1.195535593423350904e-07
2.452579255479083862e+06 -2.619238190623209142e-07 8.952123002406699718e-08
2.452579255525283515e+06 -2.094370204666841225e-07 5.187981141059351825e-08
2.452579255571483169e+06 -2.499770110283356633e-07 1.231921607118561043e-08
2.452579255617682822e+06 3.688134768716175108e-08 -1.143955932508801939e-08
2.452579255663882475e+06 -2.128620781313762946e-08 -1.954405710098221363e-08
2.452579255710082129e+06 1.477001926754436638e-08 -2.987387900909184437e-08
2.452579255756281782e+06 -5.556947166225520202e-09 -3.969066394828912821e-08
2.452579255802481435e+06 1.336419353802268190e-07 -4.110277495716930118e-08
2.452579255848681089e+06 -1.099877364570697520e-08 -4.292475952083426095e-08
2.452579255894880742e+06 1.559070788938603294e-07 -4.307029263686181359e-08
2.452579255941080395e+06 1.180970270250154577e-07 -3.330008444525894982e-08
2.452579255987280048e+06 -1.285312373603037687e-08 -3.550992598379382573e-08
2.452579256033479702e+06 -9.118891355751643627e-08 -5.362988459769777511e-08
2.452579256079679355e+06 -1.639423180192580504e-07 -8.435673511998704489e-08
2.452579256125879008e+06 -6.979934730487185730e-08 -1.154547007957191429e-07
2.452579256172078662e+06 -6.766056746515308336e-08 -1.412087431351650955e-07
2.452579256218278315e+06 2.451119423773714019e-08 -1.613321880290644785e-07
2.452579256264477968e+06 2.383753499630162464e-08 -1.755900358228440361e-07
2.452579256310677622e+06 7.666649663752946486e-08 -1.865120669312077702e-07
2.452579256356877275e+06 1.210268106722799799e-07 -1.904125027399366351e-07
2.452579256403076928e+06 1.839811884436748008e-09 -1.998240673689419370e-07
2.452579256449276581e+06 8.208030419833405706e-08 -2.123987996285388203e-07
2.452579256495476235e+06 5.523308867502515660e-08 -2.213293917585779832e-07
2.452579256541675888e+06 -7.822585467211803796e-08 -2.425500390199376143e-07
2.452579256587875541e+06 8.380338388915911086e-08 -2.625736474029304455e-07
2.452579256634075195e+06 1.212101107493568004e-07 -2.683070346137909763e-07
2.452579256680274848e+06 6.887607280545033691e-08 -2.749709076112532145e-07
2.452579256726474501e+06 -4.594038491351590460e-08 -2.941692992427882743e-07
2.452579256772674154e+06 -4.807693012124242845e-08 -3.229629209414627536e-07
2.452579256818873808e+06 1.986868075969375483e-07 -3.345520377087223324e-07
2.452579256865073461e+06 1.664295717225489562e-07 -3.299554527799655045e-07
2.452579256911273114e+06 8.920560924039441829e-08 -3.325953416662415874e-07
2.452579256957472768e+06 2.414730938682408003e-07 -3.289822788451898333e-07
2.452579257003672421e+06 1.691956512101801149e-07 -3.182918976938750165e-07
2.452579257049872074e+06 6.603910365531982755e-08 -3.194138687881521682e-07
2.452579257096071728e+06 1.728910903477091276e-08 -3.314145344912288272e-07
2.452579257142271381e+06 3.787307354922105776e-08 -3.456705454870234200e-07
2.452579257188471034e+06 -3.442087920183822910e-08 -3.641104349535791392e-07
2.452579257234670687e+06 2.638408632580198603e-07 -3.659339573118767396e-07
2.452579257280870341e+06 3.309757363829682723e-07 -3.393561741438527509e-07
2.452579257327069994e+06 3.627473170911725857e-08 -3.273721313228595783e-07
2.452579257373269647e+06 1.386109040867082932e-07 -3.283880657924721799e-07
2.452579257419469301e+06 3.798794551287710102e-08 -3.286174535676175957e-07
2.452579257465668954e+06 1.927065553314545671e-09 -3.385128956750254883e-07
2.452579257511868607e+06 2.457160836228744506e-07 -3.326241808995306653e-07
2.452579257558068261e+06 4.991510734620706679e-08 -3.219500370481924916e-07
2.452579257604267914e+06 1.373051448290034512e-08 -3.274180276904504824e-07
2.452579257650467567e+06 -8.095050128883344182e-08 -3.425202320968188507e-07
2.452579257696667220e+06 -6.279308033104299252e-09 -3.595244665539101881e-07
2.452579257742866874e+06 5.020890046196929883e-08 -3.670768057285604402e-07
2.452579257789066527e+06 1.338998295604275867e-07 -3.638060009214056912e-07
2.452579257835266180e+06 1.181434363833516746e-07 -3.544266870486051633e-07
2.452579257881465834e+06 6.322602476395727353e-08 -3.490414328368460135e-07
2.452579257927665487e+06 4.800238774674769026e-08 -3.479173146522407328e-07
2.452579257973865140e+06 1.085273000111160560e-07 -3.426133753697654925e-07
2.452579258020064794e+06 7.311146887794830215e-08 -3.343797681820625977e-07
2.452579258066264447e+06 1.078223690177565496e-07 -3.249889032349164797e-07
2.452579258112464100e+06 1.713630130504598088e-07 -3.068740831774177035e-07
2.452579258158663753e+06 3.648290288367062786e-08 -2.923179907037036179e-07
2.452579258204863407e+06 7.568041345521684316e-08 -2.834626780520557317e-07
2.452579258251063060e+06 -4.128684050199465820e-08 -2.793896983432641571e-07
2.452579258297262713e+06 4.289520294192420157e-08 -2.770524579191371844e-07
2.452579258343462367e+06 1.670710600947885258e-07 -2.582937152715123830e-07
2.452579258389662020e+06 7.763669183359417371e-08 -2.351486439387049529e-07
2.452579258435861673e+06 2.065011199659591248e-08 -2.211027928927037242e-07
2.452579258482061327e+06 3.663761954264099817e-08 -2.088521620474534079e-07
2.452579258528260980e+06 -8.307705144704323370e-08 -2.033244009776202250e-07
2.452579258574460633e+06 -2.881609157750716003e-08 -2.021273204742068594e-07
2.452579258620660286e+06 -8.908840073326733522e-08 -2.010822614558902258e-07
2.452579258666859940e+06 -1.157887442986062883e-07 -2.063642303887626006e-07
2.452579258713059593e+06 -1.141851717549219901e-07 -2.137434680297330143e-07
2.452579258759259246e+06 -1.124831345126332188e-07 -2.212211703693061804e-07
2.452579258805458900e+06 -1.106857193701158000e-07 -2.287942506091097411e-07
2.452579258851658553e+06 -1.087964426202738021e-07 -2.364591924562378543e-07
2.452579258897858206e+06 -1.068191904630289455e-07 -2.442121097107688131e-07
2.452579258944057859e+06 -1.047581639656924691e-07 -2.520488013053914049e-07
2.452579258990257513e+06 -1.026178282965874591e-07 -2.599648020717825038e-07
2.452579259036457166e+06 -1.004028659733983143e-07 -2.679554294922577640e-07
2.452579259082656819e+06 -9.811813388273312107e-08 -2.760158266802073786e-07
2.452579259128856473e+06 -9.576862384138125001e-08 -2.841410018188454180e-07
2.452579259175056126e+06 -9.335942648275953874e-08 -2.923258642747531917e-07
2.452579259221255779e+06 -9.089569826427876464e-08 -3.005652575905201341e-07
2.452579259267455433e+06 -8.838263140268506434e-08 -3.088539895493982558e-07
2.452579259313655086e+06 -8.582542655513450069e-08 -3.171868594942366156e-07
2.452579259359854739e+06 -8.322926807367778755e-08 -3.255586830729777633e-07
2.452579259406054392e+06 -8.059930167029924417e-08 -3.339643145736424089e-07
2.452579259452254046e+06 -7.794061433828980414e-08 -3.423986670029379643e-07
2.452579259498453699e+06 -7.525821638415146511e-08 -3.508567300543624187e-07
2.452579259544653352e+06 -7.255702543189900665e-08 -3.593335861039009926e-07
2.452579259590853006e+06 -6.984185226900568990e-08 -3.678244243640804115e-07
2.452579259637052659e+06 -6.711738841014111797e-08 -3.763245533202310988e-07
2.452579259683252312e+06 -6.438819526138502356e-08 -3.848294115662733086e-07
2.452579259729451966e+06 -6.165869477377805537e-08 -3.933345771511646981e-07
2.452579259775651619e+06 -5.893316148093391626e-08 -4.018357755412949526e-07
2.452579259821851272e+06 -5.621571582094839930e-08 -4.103288862985649041e-07
2.452579259868050925e+06 -5.351031864817491917e-08 -4.188099485686244930e-07
2.452579259914250579e+06 -5.082076684534533381e-08 -4.272751654687418746e-07
2.452579259960450232e+06 -4.815068995135302439e-08 -4.357209074600186120e-07
2.452579260006649885e+06 -4.550354772451760501e-08 -4.441437147841401468e-07
2.452579260052849539e+06 -4.288262856540833081e-08 -4.525402990405355297e-07
2.452579260099049192e+06 -4.029104872752345607e-08 -4.609075439757065132e-07
2.452579260145248845e+06 -3.773175224795269283e-08 -4.692425055525633919e-07
2.452579260191448499e+06 -3.520751153394814231e-08 -4.775424113638541041e-07
2.452579260237648152e+06 -3.272092854489445782e-08 -4.858046594501922232e-07
2.452579260283847805e+06 -3.027443651260602622e-08 -4.940268165797667635e-07
2.452579260330047458e+06 -2.787030214611918318e-08 -5.022066160435397187e-07
2.452579260376247112e+06 -2.551062827034163260e-08 -5.103419550166033813e-07
2.452579260422446765e+06 -2.319735685085932945e-08 -5.184308915333717966e-07
2.452579260468646418e+06 -2.093227236011047152e-08 -5.264716411214067136e-07
2.452579260514846072e+06 -1.871700544287393898e-08 -5.344625731359294112e-07
2.452579260561045725e+06 -1.655303684165422943e-08 -5.424022068344351799e-07
2.452579260607245378e+06 -1.444170154506392331e-08 -5.502892072283099702e-07
2.452579260653445031e+06 -1.238419312473173972e-08 -5.581223807459282113e-07
2.452579260699644685e+06 -1.038156822854114533e-08 -5.659006707394049707e-07
2.452579260745844338e+06 -8.434751200275035098e-09 -5.736231528649571401e-07
2.452579260792043991e+06 -6.544538797798802343e-09 -5.812890303647195370e-07
2.452579260838243645e+06 -4.711604983974206210e-09 -5.888976292758285115e-07
2.452579260884443298e+06 -2.936505766431085201e-09 -5.964483935906577971e-07
2.452579260930642951e+06 -1.219684064139441289e-09 -6.039408803902354997e-07
2.452579260976842605e+06 4.385254194496626272e-10 -6.113747549711107683e-07
2.452579261023042258e+06 2.037891335303180857e-09 -6.187497859842503452e-07
2.452579261069241911e+06 3.578280856710111500e-09 -6.260658406029417601e-07
2.452579261115441564e+06 5.059654891626354197e-09 -6.333228797351457419e-07
2.452579261161641218e+06 6.482063353483905327e-09 -6.405209532942894580e-07
2.452579261207840871e+06 7.845640503010172250e-09 -6.476601955411018883e-07
2.452579261254040524e+06 9.150600372408413295e-09 -6.547408205077845077e-07
2.452579261300240178e+06 1.039723228189638136e-08 -6.617631175145586408e-07
2.452579261346439831e+06 1.158589645750092299e-08 -6.687274467874492416e-07
2.452579261392639484e+06 1.271701975781853050e-08 -6.756342351850530141e-07
2.452579261438839138e+06 1.379109151645712912e-08 -6.824839720409776702e-07
2.452579261485038791e+06 1.480865950584528944e-08 -6.892772051276503147e-07
2.452579261531238444e+06 -5.013289664232328478e-08 -7.010164037550444692e-07
2.452579261577438097e+06 -1.111937387597872158e-07 -7.227590765169846317e-07
2.452579261623637751e+06 -1.400089642420045873e-07 -7.524589620881767611e-07
2.452579261669837404e+06 -1.414020749081351131e-07 -7.861220745313787149e-07
2.452579261716037057e+06 -4.392458388409067245e-08 -8.144020035887060566e-07
2.452579261762236711e+06 4.575400880381493393e-08 -8.299574378792353089e-07
2.452579261808436364e+06 3.396700053383879834e-08 -8.401407419988525839e-07
2.452579261854636017e+06 -5.261672237768457102e-08 -8.579291676770847887e-07
2.452579261900835671e+06 -7.497295295009863612e-08 -8.846507214570254597e-07
2.452579261947035324e+06 8.708496629278993258e-08 -9.020419208379769203e-07
2.452579261993234977e+06 1.040439175852468586e-07 -9.064205789208625808e-07
2.452579262039434630e+06 7.514008570387052271e-08 -9.113361865184634028e-07
2.452579262085634284e+06 2.928860882314785150e-08 -9.215911306411293015e-07
2.452579262131833937e+06 -8.435719596035830406e-08 -9.439916299973974991e-07
2.452579262178033590e+06 1.129995181163309669e-07 -9.609266256613087996e-07
2.452579262224233244e+06 1.316893094659273254e-07 -9.619352751175624645e-07
2.452579262270432897e+06 9.382600490568628350e-08 -9.637220632549152758e-07
2.452579262316632550e+06 7.367951595223909426e-08 -9.692935655651376635e-07
2.452579262362832204e+06 7.716200082113123528e-08 -9.757828061684800754e-07
2.452579262409031857e+06 8.028363687785086053e-09 -9.869705873246475733e-07
2.452579262455231510e+06 4.780525591435279869e-08 -1.000431412777745870e-06
2.452579262501431163e+06 5.705605891503397331e-08 -1.010366562671847194e-06
2.452579262547630817e+06 -4.934408034483930864e-10 -1.023899742768834409e-06
2.452579262593830470e+06 -8.584862422423631846e-09 -1.042593668033529255e-06
2.452579262640030123e+06 -1.355823268358998050e-07 -1.072070705538246670e-06
2.452579262686229777e+06 2.174971037117925055e-08 -1.100516560328056310e-06
2.452579262732429430e+06 1.302760355378734812e-07 -1.109943625592830226e-06
2.452579262778629083e+06 7.010528930837050465e-08 -1.115476960923927674e-06
2.452579262824828736e+06 8.823908821239880727e-08 -1.123694294284763356e-06
2.452579262871028390e+06 3.987432040006380521e-08 -1.133888667246094973e-06
2.452579262917228043e+06 6.750958956780732357e-08 -1.145474288300637606e-06
2.452579262963427696e+06 9.059250352844382449e-08 -1.153119673983962517e-06
2.452579263009627350e+06 8.312705025998462334e-08 -1.159201169656354987e-06
2.452579263055827003e+06 1.367332457730205314e-07 -1.161289168753846079e-06
2.452579263102026656e+06 4.856608509758774140e-08 -1.165226894368704569e-06
2.452579263148226310e+06 4.111221882769890521e-08 -1.175786981800828917e-06
2.452579263194425963e+06 5.907342851906525737e-08 -1.185388089563290891e-06
2.452579263240625616e+06 6.621425929209612195e-08 -1.192849738776952240e-06
2.452579263286825269e+06 1.044318950650621835e-07 -1.196480068900592547e-06
2.452579263333024923e+06 6.776857992443521272e-08 -1.199333335152149571e-06
2.452579263379224576e+06 7.833854013851495029e-08 -1.203460094075718897e-06
2.452579263425424229e+06 2.660953245152263642e-08 -1.210102718413148131e-06
2.452579263471623883e+06 -9.766641487858908242e-08 -1.229680854101807495e-06
2.452579263517823536e+06 -2.867944726689252965e-08 -1.253950935401243298e-06
2.452579263564023189e+06 3.898987315015486359e-08 -1.268659784930788032e-06
2.452579263610222843e+06 3.353070267655846954e-08 -1.278756898478162243e-06
2.452579263656422496e+06 6.231191256183618046e-08 -1.286858146809084728e-06
2.452579263702622149e+06 1.444568266412400841e-07 -1.286171517640678972e-06
2.452579263748821802e+06 1.236369382992063061e-08 -1.288286983003374280e-06
2.452579263795021456e+06 2.422135645793663347e-08 -1.298753329003545851e-06
2.452579263841221109e+06 -6.236551023240655754e-09 -1.310459433270430202e-06
2.452579263887420762e+06 -4.965114314626038181e-09 -1.324295619631880712e-06
2.452579263933620416e+06 6.477635428085367646e-08 -1.332805031210313737e-06
2.452579263979820069e+06 3.579101893769110044e-08 -1.337901425852970771e-06
2.452579264026019722e+06 9.383547372352184682e-08 -1.340233906522478786e-06
2.452579264072219376e+06 6.853024837389390060e-08 -1.339336159009318862e-06
2.452579264118419029e+06 4.360565316197360939e-08 -1.341290145175473157e-06
2.452579264164618682e+06 7.627944407783361953e-08 -1.341916025952726163e-06
2.452579264210818335e+06 6.001496743191858333e-09 -1.344576946590880046e-06
2.452579264257017989e+06 9.387266848042430984e-10 -1.352298324637215065e-06
2.452579264303217642e+06 1.452630275846348892e-08 -1.359087403234820170e-06
2.452579264349417295e+06 4.211654407769940372e-08 -1.362406664969251229e-06
2.452579264395616949e+06 6.677484399831968908e-08 -1.361178783197357826e-06
2.452579264441816602e+06 -1.549835127187652293e-08 -1.363434526393921176e-06
2.452579264488016255e+06 1.504394086410576615e-08 -1.368995248848953234e-06
2.452579264534215908e+06 -4.094117834498882958e-08 -1.376115827073138085e-06
2.452579264580415562e+06 -2.313853545253031365e-08 -1.385884714315638324e-06
2.452579264626615215e+06 1.755895798111314367e-07 -1.379165988904296754e-06
2.452579264672814868e+06 1.095823593920563201e-07 -1.361159178600141613e-06
2.452579264719014522e+06 4.271045854454272857e-08 -1.351255360774798343e-06
2.452579264765214175e+06 -1.109216462131091934e-08 -1.349151023103636849e-06
2.452579264811413828e+06 -4.793125697488917894e-08 -1.353155872865559923e-06
2.452579264857613482e+06 -5.842887685933320251e-08 -1.360440660289518439e-06
2.452579264903813135e+06 2.001098380372378625e-08 -1.362503722749433609e-06
2.452579264950012788e+06 7.272051005679151015e-08 -1.354188880644565172e-06
2.452579264996212441e+06 3.200787855561091629e-08 -1.343824078302436338e-06
2.452579265042412095e+06 -1.754721183738236603e-08 -1.339061126529222198e-06
2.452579265088611748e+06 1.422111709167036537e-08 -1.334833866907437769e-06
2.452579265134811401e+06 1.638691861096980487e-08 -1.327284800356509503e-06
2.452579265181011055e+06 2.880060956700516056e-08 -1.317677269695330747e-06
2.452579265227210708e+06 1.289445568108326698e-08 -1.307271972580933033e-06
2.452579265273410361e+06 6.010964885658438703e-10 -1.297925760625960473e-06
2.452579265319610015e+06 2.963993330157182809e-08 -1.286341818501437940e-06
2.452579265365809668e+06 3.124298379814879829e-08 -1.271345087757257597e-06
2.452579265412009321e+06 1.254731715177938541e-08 -1.256358650108995864e-06
2.452579265458208974e+06 4.492305385530211799e-08 -1.239094740707753098e-06
2.452579265504408628e+06 8.987690546707674854e-08 -1.214608659963927042e-06
2.452579265550608281e+06 7.950096986222123899e-08 -1.185685314894183056e-06
2.452579265596807934e+06 -2.556709198159741624e-09 -1.161713363966538405e-06
2.452579265643007588e+06 -3.776406446226815859e-08 -1.144997653754594447e-06
2.452579265689207241e+06 -1.876313969627957043e-08 -1.128443689093490044e-06
2.452579265735406894e+06 6.246180900783628634e-09 -1.107543424296299916e-06
2.452579265781606548e+06 -1.971371761431594837e-08 -1.085452154657926172e-06
2.452579265827806201e+06 -1.477663507715235336e-08 -1.063666011683678544e-06
2.452579265874005854e+06 2.360155433024376836e-08 -1.037382121708098216e-06
2.452579265920205507e+06 -4.567268919808747399e-08 -1.011972737557978405e-06
2.452579265966405161e+06 -1.133161825024274316e-07 -9.956112717405197826e-07
2.452579266012604814e+06 2.446716456351265324e-09 -9.749569732872833682e-07
2.452579266058804467e+06 -2.565740598274711820e-09 -9.450010389727448242e-07
2.452579266105004121e+06 -8.905766278426643663e-08 -9.204907502538513538e-07
2.452579266151203774e+06 -1.130097740943676146e-07 -9.033175806118560769e-07
2.452579266197403427e+06 -8.537320952189770602e-08 -8.853981873669143589e-07
2.452579266243603081e+06 -8.349821870351276429e-08 -8.647670176026841244e-07
2.452579266289802734e+06 -1.017701159507899116e-08 -8.378127021062147192e-07
2.452579266336002387e+06 -4.689292358334717068e-08 -8.070682446768990437e-07
2.452579266382202040e+06 -1.107745637231405489e-07 -7.827395198251815440e-07
2.452579266428401694e+06 -1.633681827797402387e-07 -7.665513842629745435e-07
2.452579266474601347e+06 -1.916407881410132647e-07 -7.564320848319016504e-07
2.452579266520801000e+06 -2.477514050979958286e-07 -7.531189476650793135e-07
2.452579266567000654e+06 -3.571470416972361813e-07 -7.632805592780938925e-07
2.452579266613200307e+06 -3.306180965803837002e-07 -7.816156017161746264e-07
2.452579266659399960e+06 -2.203482723616506061e-07 -7.920246358181400175e-07
2.452579266705599613e+06 -2.215389860064368795e-07 -7.960302992026079395e-07
2.452579266751799267e+06 -2.725876581669185449e-07 -8.054131870149370328e-07
2.452579266797998920e+06 -1.591262559024960726e-07 -8.118500540751832708e-07
2.452579266844198573e+06 -9.191348804282824296e-08 -8.061448972019279101e-07
2.452579266890398227e+06 -1.403435730417681629e-07 -7.997172693568876013e-07
2.452579266936597880e+06 -2.722984892003490152e-07 -8.076415060302785772e-07
2.452579266982797533e+06 -1.755025231298946433e-07 -8.199196039170997658e-07
2.452579267028997187e+06 -2.146616780944693365e-07 -8.298017316517036671e-07
2.452579267075196840e+06 -2.130802401473124199e-07 -8.443216874502118927e-07
2.452579267121396493e+06 -1.292842682741156651e-07 -8.544545284889095799e-07
2.452579267167596146e+06 -2.760976675867580246e-08 -8.522633924082349990e-07
2.452579267213795800e+06 -9.748741870845406793e-08 -8.485159023244333003e-07
2.452579267259995453e+06 -1.170392385915257067e-07 -8.522971035393096379e-07
2.452579267306195106e+06 -6.720265598122333676e-08 -8.550495779461187797e-07
2.452579267352394760e+06 -9.335321378086035505e-09 -8.508080268312629599e-07
2.452579267398594413e+06 -8.117250835900065774e-08 -8.482966290282817353e-07
2.452579267444794066e+06 -9.759839955135027870e-08 -8.532708976970374295e-07
2.452579267490993720e+06 -2.259685721849306247e-07 -8.705420617737458273e-07
2.452579267537193373e+06 -1.168742981140294156e-07 -8.914315923658978914e-07
2.452579267583393026e+06 1.411131097000769655e-07 -8.868297374059863920e-07
2.452579267629592679e+06 -6.605416236479271910e-09 -8.743759030250822200e-07
2.452579267675792333e+06 -7.314832267785614628e-08 -8.781362731262574409e-07
2.452579267721991986e+06 -4.632107309964045781e-08 -8.860128406079098911e-07
2.452579267768191639e+06 -2.832892814195601713e-08 -8.918574767321221246e-07
2.452579267814391293e+06 -7.354872743211096756e-08 -9.009641663721017460e-07
2.452579267860590946e+06 -1.832993448208644032e-07 -9.232309711154545258e-07
2.452579267906790599e+06 3.928678653360507210e-08 -9.392290362573929018e-07
2.452579267952990253e+06 5.992543188238503595e-08 -9.385631988805103514e-07
2.452579267999189906e+06 -1.185217745995944682e-08 -9.423497413607897444e-07
2.452579268045389559e+06 -4.509969257510044557e-08 -9.549727627645324092e-07
2.452579268091589212e+06 1.068482278203668888e-07 -9.600491786541768926e-07
2.452579268137788866e+06 8.310583054791131726e-08 -9.562815669702111257e-07
2.452579268183988519e+06 1.670876582451509463e-07 -9.481722314493578004e-07
2.452579268230188172e+06 2.489165852999151841e-07 -9.273849213267617466e-07
2.452579268276387826e+06 2.472156387037374375e-07 -8.995166519100753581e-07
2.452579268322587479e+06 1.340036862359119761e-07 -8.788809431652018901e-07
2.452579268368787132e+06 1.856101197454333178e-07 -8.619667399412873967e-07
2.452579268414986786e+06 2.805210894255545470e-07 -8.332538891843307267e-07
2.452579268461186439e+06 3.723571190633029662e-07 -7.888618923265579012e-07
2.452579268507386092e+06 4.067576272769408023e-07 -7.323011191305772182e-07
2.452579268553585745e+06 2.913498253530315521e-07 -6.784928681979428221e-07
2.452579268599785399e+06 2.159037168789439087e-07 -6.360423166049523142e-07
2.452579268645985052e+06 2.209755839685988005e-07 -5.966791660692256326e-07
2.452579268692184705e+06 1.617765096855905311e-07 -5.594421824047667768e-07
2.452579268738384359e+06 2.202765504107435773e-08 -5.355224659679238869e-07
2.452579268784584012e+06 6.562896771939288835e-08 -5.181058379426086096e-07
2.452579268830783665e+06 3.765251812865960459e-08 -4.991941363466432906e-07
2.452579268876983318e+06 -1.484141796655639052e-09 -4.849756543484569700e-07
2.452579268923182972e+06 1.014110087105693583e-08 -4.727929846459581372e-07
2.452579268969382625e+06 7.227388482203515733e-08 -4.551123796755589664e-07
2.452579269015582278e+06 4.539448926997267028e-08 -4.344718858922386265e-07
2.452579269061781932e+06 1.359250015822530666e-07 -4.085195250488228521e-07
2.452579269107981585e+06 4.505501234201047612e-08 -3.817533229657880987e-07
2.452579269154181238e+06 -7.320428461577641842e-08 -3.699874588978470725e-07
2.452579269200380892e+06 -1.034441373442253128e-07 -3.697073837669661813e-07
2.452579269246580545e+06 -1.332331023370106518e-07 -3.750126704540301127e-07
2.452579269292780198e+06 -1.522239831312670169e-07 -3.854272670076226248e-07
2.452579269338979851e+06 -4.492941335662566716e-08 -3.908808578860609452e-07
2.452579269385179505e+06 -2.375111690248360774e-08 -3.879370353277399795e-07
2.452579269431379158e+06 -1.629003394120228669e-07 -3.946761589633359945e-07
2.452579269477578811e+06 -2.276790692660111361e-08 -4.027370105127501488e-07
2.452579269523778465e+06 -3.606458411248845570e-08 -4.026272518200226878e-07
2.452579269569978118e+06 1.164915757252558595e-08 -4.007463572289243706e-07
2.452579269616177771e+06 4.381312450516176414e-08 -3.934939639751886494e-07
2.452579269662377425e+06 2.112944274334724920e-08 -3.858107229213460696e-07
2.452579269708577078e+06 1.747830622805436887e-07 -3.684312366124118167e-07
2.452579269754776731e+06 9.512960669798256360e-08 -3.449799690824237730e-07
2.452579269800976384e+06 5.036944227361136975e-08 -3.300883938377521201e-07
2.452579269847176038e+06 8.176347266053197287e-09 -3.215305290950773385e-07
2.452579269893375691e+06 -6.767620739028677532e-08 -3.221125775858314862e-07
2.452579269939575344e+06 -3.389889312311979276e-08 -3.267033156401220568e-07
2.452579269985774998e+06 2.850985263726186065e-08 -3.250660906307140099e-07
2.452579270031974651e+06 -8.840673845870875498e-08 -3.281643288181513190e-07
2.452579270078174304e+06 -8.413860888370794260e-08 -3.407217501065942177e-07
2.452579270124373958e+06 2.329622247214586821e-07 -3.304348666081917295e-07
2.452579270170573611e+06 1.585873005909354661e-07 -3.016096540433071810e-07
2.452579270216773264e+06 1.368037155389688482e-07 -2.786443770053478033e-07
2.452579270262972917e+06 7.533010046311549453e-08 -2.609933081325881240e-07
2.452579270309172571e+06 -1.847838344117147723e-08 -2.545092864969630426e-07
2.452579270355372224e+06 -8.913921683979629913e-08 -2.606819529163386281e-07
2.452579270401571877e+06 7.461395813376619802e-08 -2.608432517618075485e-07
2.452579270447771531e+06 7.920076219498990194e-08 -2.488217158085146018e-07
2.452579270493971184e+06 7.612400819338593650e-08 -2.363917411474620605e-07
2.452579270540170837e+06 3.689578397692043563e-08 -2.268434211336583649e-07
2.452579270586370490e+06 -6.168781464043800143e-08 -2.276238010163058541e-07
2.452579270632570144e+06 6.876476325164284238e-08 -2.265753038393754150e-07
2.452579270678769797e+06 8.586750073640780509e-09 -2.206276400561187648e-07
2.452579270724969450e+06 3.417812283909935467e-08 -2.173698000235267729e-07
2.452579270771169104e+06 7.995598955600428956e-08 -2.089349492262355765e-07
2.452579270817368757e+06 2.960732222088784422e-08 -2.007012143660813669e-07
2.452579270863568410e+06 1.031262185097322149e-07 -1.905664517617329265e-07
2.452579270909768064e+06 1.582949399128569027e-07 -1.703768993050693138e-07
2.452579270955967717e+06 1.402806086769541227e-07 -1.463611980129903352e-07
2.452579271002167370e+06 6.579723291563258195e-08 -1.280982264747437153e-07
2.452579271048367023e+06 -1.355282635778851334e-08 -1.206662038593137853e-07
2.452579271094566677e+06 5.523238366735996198e-08 -1.139652037080412697e-07
2.452579271140766330e+06 -1.984636931635043391e-08 -1.077137392439533640e-07
2.452579271186965983e+06 -6.237205745830331530e-08 -1.103818253157692398e-07
2.452579271233165637e+06 -3.269983700117910888e-08 -1.146394571689413981e-07
2.452579271279365290e+06 3.610781441520828651e-08 -1.121245208256474422e-07
2.452579271325564943e+06 -1.376250523980904437e-07 -1.177686541512239315e-07
2.452579271371764597e+06 -5.671275441396576754e-08 -1.312136581307357268e-07
2.452579271417964250e+06 3.521496962889188181e-08 -1.328188651522802778e-07
2.452579271464163903e+06 6.950753442203949280e-08 -1.252432130562573181e-07
2.452579271510363556e+06 5.753745230982444852e-08 -1.156997028557310373e-07
2.452579271556563210e+06 1.265024848915178857e-07 -1.014093322312390599e-07
2.452579271602762863e+06 1.277449498704668387e-07 -8.102905827587505994e-08
2.452579271648962516e+06 5.468764904435119803e-08 -6.491103072668570639e-08
2.452579271695162170e+06 -1.107489775667156938e-09 -5.769998030496314243e-08
2.452579271741361823e+06 7.102650394327803375e-08 -4.901460630539338078e-08
2.452579271787561476e+06 -1.259308475049587101e-07 -4.945930278383558417e-08
2.452579271833761130e+06 -8.201816613011477608e-08 -6.181928084526134058e-08
2.452579271879960783e+06 1.651291623785378673e-08 -6.449381895454929752e-08
2.452579271926160436e+06 6.707842449198631874e-08 -5.625738910518180550e-08
2.452579271972360089e+06 2.419922542863289286e-08 -4.705072690554162989e-08
2.452579272018559743e+06 1.990791583577107978e-07 -2.736755160907730133e-08
2.452579272064759396e+06 1.842124002720107117e-07 5.659479232268479618e-09
2.452579272110959049e+06 7.377450237903251737e-08 3.130210318065361309e-08
2.452579272157158703e+06 -3.404545265066248332e-08 4.194366349962457764e-08
2.452579272203358356e+06 -3.864307287642475937e-08 4.452725067680981066e-08
2.452579272249558009e+06 8.946317516303680704e-08 5.638326282379738446e-08
2.452579272295757663e+06 -3.194668062377930159e-09 7.149057832521355460e-08
2.452579272341957316e+06 -3.408510463107889027e-08 7.800333735301584881e-08
2.452579272388156969e+06 2.291059383837439956e-08 8.665794304738656920e-08
2.452579272434356622e+06 2.208144925516431630e-08 9.988662837712204411e-08
2.452579272480556276e+06 -1.878631336772657655e-08 1.105808241873320693e-07
2.452579272526755929e+06 3.599944917626933259e-09 1.203111282987836580e-07
2.452579272572955582e+06 -5.056559796947178796e-09 1.314455934841226642e-07
2.452579272619155236e+06 -2.431927003849303935e-08 1.409151627138728500e-07
2.452579272665354889e+06 5.479384653817114259e-08 1.552536873930078006e-07
2.452579272711554542e+06 -4.600774935088529116e-08 1.686093886909410829e-07
2.452579272757754195e+06 -9.761493652738229766e-08 1.709758280495684938e-07
2.452579272803953849e+06 -5.871596176489393091e-08 1.721642775078439815e-07
2.452579272850153502e+06 -2.663999177516289926e-08 1.784456288556132148e-07
2.452579272896353155e+06 -2.253904726910025435e-07 1.721479579872515393e-07
2.452579272942552809e+06 -8.376268992359952817e-08 1.606930941716165168e-07
2.452579272988752462e+06 -1.198065546000700414e-07 1.560821760803135307e-07
2.452579273034952115e+06 -1.740231238655023605e-07 1.439606738367965337e-07
2.452579273081151769e+06 -1.711219121724816768e-07 1.267682312853751191e-07
2.452579273127351422e+06 -1.232350826523388619e-07 1.119228240271976316e-07
2.452579273173551075e+06 -1.402125014641432999e-07 9.811748694416003864e-08
2.452579273219750728e+06 -1.056626754489976039e-07 8.444605300281680239e-08
2.452579273265950382e+06 -8.311794676432063610e-08 7.394881184657832740e-08
2.452579273312150035e+06 -1.212651826543050454e-07 6.136397346531368575e-08
2.452579273358349688e+06 -2.545534955699251511e-07 3.474294064368789452e-08
2.452579273404549342e+06 -1.179948157607784004e-07 6.382505111914005826e-09
2.452579273450748995e+06 -1.717530059572292944e-07 -1.775182856744833262e-08
2.452579273496948648e+06 -2.122995144494623625e-07 -5.074725990330601544e-08
2.452579273543148302e+06 -1.800417629714369958e-07 -8.665265834875533923e-08
2.452579273589347955e+06 -2.273802960832095292e-07 -1.261253816341751080e-07
2.452579273635547608e+06 -1.461736687741228749e-07 -1.656335267040120567e-07
2.452579273681747261e+06 -1.200517175800109468e-07 -1.995288337310370684e-07
2.452579273727946915e+06 -1.205686143769604478e-07 -2.335410882336338039e-07
2.452579273774146568e+06 -1.374545212446843052e-07 -2.708755341915870472e-07
2.452579273820346221e+06 -2.035865897053284114e-07 -3.166796624022336514e-07
2.452579273866545875e+06 4.435120811514482475e-09 -3.544097930017000997e-07
2.452579273912745528e+06 1.344741471449462839e-07 -3.685196805800210285e-07
2.452579273958945181e+06 1.505719826675178873e-07 -3.718317974396366972e-07
2.452579274005144835e+06 9.150956152366821915e-08 -3.778994408567441759e-07
2.452579274051344488e+06 9.418835667936933033e-08 -3.879190893419052987e-07
2.452579274097544141e+06 9.074119550456160280e-09 -4.041276783173971691e-07
2.452579274143743794e+06 9.863654540945712195e-09 -4.270814415395110939e-07
2.452579274189943448e+06 7.555034381649367564e-08 -4.457783906352659705e-07
2.452579274236143101e+06 1.500886185211226267e-07 -4.542766047819772483e-07
2.452579274282342754e+06 1.281569956690731870e-07 -4.584688208022081850e-07
2.452579274328542408e+06 2.547026969191798886e-07 -4.540846064582270693e-07
2.452579274374742061e+06 2.788632037267695374e-07 -4.370086735015123502e-07
2.452579274420941714e+06 2.249680045487019556e-07 -4.200431153943192660e-07
2.452579274467141367e+06 1.601227185985842806e-07 -4.099777722682089993e-07
2.452579274513341021e+06 2.017487772771282433e-07 -4.000793838132015563e-07
2.452579274559540674e+06 2.199897562090794305e-07 -3.840730608578848754e-07
2.452579274605740327e+06 1.346736503075825246e-07 -3.711819709336363140e-07
2.452579274651939981e+06 4.563159212130468379e-08 -3.698007048948845934e-07
2.452579274698139634e+06 2.232630302764484410e-08 -3.760650945138420518e-07
2.452579274744339287e+06 2.561258619700343523e-08 -3.835194657412488560e-07
2.452579274790538941e+06 1.433196514980758277e-07 -3.815451391734180524e-07
2.452579274836738594e+06 1.240281368260762645e-08 -3.796591744932612932e-07
2.452579274882938247e+06 -6.953863112472586256e-08 -3.930344197578671210e-07
2.452579274929137900e+06 7.251000421087241909e-08 -4.020472780424893459e-07
2.452579274975337554e+06 7.075653978943944314e-08 -4.002938136210563700e-07
2.452579275021537207e+06 1.480962150221406907e-07 -3.919216589216839302e-07
2.452579275067736860e+06 1.122008222642852276e-07 -3.790694684010513018e-07
2.452579275113936514e+06 5.879296842036382907e-08 -3.713705844074375884e-07
2.452579275160136167e+06 8.406774257016569580e-08 -3.645816864129147191e-07
2.452579275206335820e+06 1.747686441160507140e-07 -3.478572399248929398e-07
2.452579275252535474e+06 3.583637357025063197e-08 -3.329842780322514296e-07
2.452579275298735127e+06 1.112524898457892742e-07 -3.212972354687774414e-07
2.452579275344934780e+06 1.912567191728165486e-07 -2.964461149058727490e-07
2.452579275391134433e+06 9.012580902262510152e-08 -2.709363926066915878e-07
2.452579275437334087e+06 9.108205558020982208e-08 -2.507797849494823600e-07
2.452579275483533740e+06 3.602665880492752089e-08 -2.329186542438714643e-07
2.452579275529733393e+06 -4.570512766093328602e-08 -2.238441738743565308e-07
2.452579275575933047e+06 -1.038631877024853174e-07 -2.244631298459544967e-07
2.452579275622132700e+06 -1.011734301892678711e-07 -2.290898397173111685e-07
2.452579275668332353e+06 -6.199227862171951590e-08 -2.306405257129240781e-07
2.452579275714532007e+06 -3.509900487747980143e-08 -2.270744318142373807e-07
2.452579275760731660e+06 -1.495361653939714742e-07 -2.297071063271394974e-07
2.452579275806931313e+06 -1.672578553747306363e-07 -2.423891176657205835e-07
2.452579275853130966e+06 7.528294993788501312e-08 -2.387533756586100489e-07
2.452579275899330620e+06 -1.118906286618843859e-08 -2.228631066105713015e-07
2.452579275945530273e+06 -1.311649291431746184e-07 -2.213904165350666094e-07
2.452579275991729926e+06 -8.085348156491675305e-08 -2.250177083750444936e-07
2.452579276037929580e+06 -1.519693018974727790e-09 -2.189999103049136300e-07
2.452579276084129233e+06 -6.566815053197171466e-08 -2.113548803025843791e-07
2.452579276130328886e+06 -1.551478558980585933e-07 -2.148077806487615888e-07
2.452579276176528540e+06 -2.118058946005011461e-07 -2.296051435030411540e-07
2.452579276222728193e+06 -2.174169916158176103e-07 -2.501960119567362467e-07
2.452579276268927846e+06 -1.398617474228244418e-07 -2.667970027172624811e-07
2.452579276315127499e+06 1.070967500347101057e-08 -2.672551717240722761e-07
2.452579276361327153e+06 -1.025939268440466614e-07 -2.649029198044325340e-07
2.452579276407526806e+06 -2.421857878700637637e-07 -2.815775210970727995e-07
2.452579276453726459e+06 -1.000798107167008934e-07 -2.992573454206085020e-07
2.452579276499926113e+06 6.954436601307475567e-08 -2.945317103569957339e-07
2.452579276546125766e+06 -6.615621651092057555e-08 -2.868852440818761661e-07
2.452579276592325419e+06 1.564822966925164621e-08 -2.827962722794346280e-07
2.452579276638525072e+06 4.639900090728476729e-08 -2.699074998278924310e-07
2.452579276684724726e+06 -3.536612886101167917e-08 -2.600297422736315024e-07
2.452579276730924379e+06 -1.009830130537333937e-07 -2.607226953089604061e-07
2.452579276777124032e+06 -4.184238294223604526e-09 -2.592094662756871732e-07
2.452579276823323686e+06 -1.490606986146002808e-07 -2.613606696767425821e-07
2.452579276869523339e+06 -5.144726273453049592e-08 -2.673878269378916463e-07
2.452579276915722992e+06 -3.606754096362675754e-09 -2.629463508915346322e-07
2.452579276961922646e+06 -4.849570661860711891e-08 -2.581127330465309484e-07
2.452579277008122299e+06 -1.284946387256532555e-07 -2.625794510586389591e-07
2.452579277054321952e+06 -2.278480557042678245e-07 -2.811558819010802650e-07
2.452579277100521605e+06 -1.651069351287641221e-07 -3.040090387182744481e-07
2.452579277146721259e+06 -1.143610794352417881e-07 -3.200287155607025502e-07
2.452579277192920912e+06 -9.071382775160629017e-08 -3.316702941827225950e-07
2.452579277239120565e+06 -5.230226835720151657e-08 -3.395416912726396048e-07
2.452579277285320219e+06 -2.509887925159106802e-07 -3.602384139286062588e-07
2.452579277331519872e+06 -1.441159854007529562e-07 -3.894645036884134522e-07
2.452579277377719525e+06 -9.470045727336680540e-08 -4.089648536952057383e-07
2.452579277423919179e+06 -1.286563978222160150e-07 -4.286975120059462722e-07
2.452579277470118832e+06 -1.055186451503274530e-07 -4.506451909368995404e-07
2.452579277516318485e+06 -1.063596650762410087e-07 -4.724220176252688182e-07
2.452579277562518138e+06 -5.329161399765743217e-08 -4.917108908084523960e-07
2.452579277608717792e+06 -1.387574640947226509e-08 -5.052467030485390699e-07
2.452579277654917445e+06 1.934595346579056278e-08 -5.140985262684611942e-07
2.452579277701117098e+06 9.080583138885782602e-08 -5.154815272498506729e-07
2.452579277747316752e+06 -1.104505997475803261e-08 -5.191049644440586541e-07
2.452579277793516405e+06 -4.845172654924467892e-08 -5.333877746168060691e-07
2.452579277839716058e+06 -2.596527910991808665e-08 -5.496413959983630281e-07
2.452579277885915712e+06 2.430094920523194455e-09 -5.629884739779648191e-07
2.452579277932115365e+06 -4.681600713779533248e-08 -5.786418141216791560e-07
2.452579277978315018e+06 8.183754509118717168e-08 -5.891336577213225770e-07
2.452579278024514671e+06 9.152478668750598989e-08 -5.896007270451096154e-07
2.452579278070714325e+06 4.523561005495339688e-08 -5.925944771731737972e-07
2.452579278116913978e+06 3.017454616091422198e-08 -6.001708114841427350e-07
2.452579278163113631e+06 1.524727631163010436e-07 -5.998536985379312842e-07
2.452579278209313285e+06 2.650768187797991050e-08 -5.994903164064460713e-07
2.452579278255512938e+06 9.705766990447091150e-08 -6.030058251106675482e-07
2.452579278301712591e+06 3.805486784065910332e-08 -6.055936102968145104e-07
2.452579278347912244e+06 -1.456126492809222015e-07 -6.264778642759176105e-07
2.452579278394111898e+06 -1.581583480689910694e-07 -6.634235778422650512e-07
2.452579278440311551e+06 -1.971483481046366580e-07 -7.065537326821996167e-07
2.452579278486511204e+06 -9.197822464357116993e-08 -7.473127821782128928e-07
2.452579278532710858e+06 3.063057785885022794e-09 -7.752908941854548096e-07
2.452579278578910511e+06 2.013320120251073500e-08 -7.962039347031449981e-07
2.452579278625110164e+06 -2.458102417614361944e-08 -8.201122059214031888e-07
2.452579278671309818e+06 -5.520284127879946555e-08 -8.508111616500552329e-07
2.452579278717509471e+06 -5.816228120718439971e-08 -8.855710817548253231e-07
2.452579278763709124e+06 1.994996063011516852e-08 -9.163746594201564053e-07
2.452579278809908777e+06 1.538187057316998537e-07 -9.324985566833424754e-07
2.452579278856108431e+06 2.283970166808346362e-07 -9.331202437919940848e-07
2.452579278902308084e+06 1.488178996198784379e-07 -9.333144541490620702e-07
2.452579278948507737e+06 -3.308845255427255600e-08 -9.525138085624460701e-07
2.452579278994707391e+06 6.017964304657843664e-08 -9.789418111973921425e-07
2.452579279040907044e+06 3.813990229669012514e-07 -9.748923367767308208e-07
2.452579279087106697e+06 3.223961346195484124e-07 -9.497241699585098870e-07
2.452579279133306351e+06 2.038818381741929809e-07 -9.353247098867388037e-07
2.452579279179506004e+06 1.038084103541720738e-07 -9.356141785422006787e-07
2.452579279225705657e+06 9.822134217720535384e-08 -9.430865478596818267e-07
2.452579279271905310e+06 1.584613807572290921e-07 -9.460861746760738140e-07
2.452579279318104964e+06 9.912779394465949264e-08 -9.483688582043252063e-07
2.452579279364304617e+06 1.145356313476236307e-07 -9.532870746901133791e-07
2.452579279410504270e+06 1.509909034177363712e-07 -9.537593838456923295e-07
2.452579279456703924e+06 1.496921926942540874e-07 -9.507379881435312244e-07
2.452579279502903577e+06 1.132417961031807001e-07 -9.495154166370939151e-07
2.452579279549103230e+06 1.475388437316821953e-07 -9.475297647964339578e-07
2.452579279595302884e+06 1.090641834722952665e-07 -9.448910145548505847e-07
2.452579279641502537e+06 1.756706160527348107e-07 -9.391129263244508050e-07
2.452579279687702190e+06 1.488170693600511410e-07 -9.291052642466610354e-07
2.452579279733901843e+06 -1.630025518417975620e-08 -9.321755152875865946e-07
2.452579279780101497e+06 -3.196656141362060755e-08 -9.484263171580069657e-07
2.452579279826301150e+06 -8.269377912238415580e-08 -9.701144306510744942e-07
2.452579279872500803e+06 2.350577013871119904e-08 -9.883606240829736843e-07
2.452579279918700457e+06 7.822797165339543662e-08 -9.948946911940939008e-07
2.452579279964900110e+06 -1.582770710476211729e-08 -1.004068832383475812e-06
2.452579280011099763e+06 -6.711983020633296455e-08 -1.024116229465538169e-06
2.452579280057299417e+06 -1.136728103549998070e-07 -1.052196759063544684e-06
2.452579280103499070e+06 -4.934176613348352270e-08 -1.080081905656345657e-06
2.452579280149698723e+06 4.004730487459375045e-08 -1.097405912864260034e-06
2.452579280195898376e+06 8.217697505180927039e-08 -1.105072453038589484e-06
2.452579280242098030e+06 6.937833207417194968e-08 -1.110136462738016939e-06
2.452579280288297683e+06 1.513387968621694829e-07 -1.109388597980080385e-06
2.452579280334497336e+06 1.156046200709576108e-07 -1.104160961710169470e-06
2.452579280380696990e+06 9.908604131337842839e-08 -1.101623273397072530e-06
2.452579280426896643e+06 1.829320853487804311e-07 -1.092910116045840160e-06
2.452579280473096296e+06 1.908649822870294190e-07 -1.075745620407425840e-06
2.452579280519295949e+06 1.781242287657187312e-07 -1.056890062183803975e-06
2.452579280565495603e+06 1.886581962921899086e-07 -1.036068182629076238e-06
2.452579280611695256e+06 2.255886354107892696e-07 -1.009416584738924483e-06
2.452579280657894909e+06 2.441609107428192572e-07 -9.759627089836480212e-07
2.452579280704094563e+06 4.405750668058379108e-08 -9.532759304212507431e-07
2.452579280750294216e+06 1.299735244841739755e-07 -9.370787950353079799e-07
2.452579280796493869e+06 1.183497691942444874e-07 -9.135813980416403459e-07
2.452579280842693523e+06 8.603842050458245744e-08 -8.912871259529774286e-07
2.452579280888893176e+06 1.398458889449691840e-07 -8.653737265970203624e-07
2.452579280935092829e+06 2.445676705178134131e-07 -8.252422288875277185e-07
2.452579280981292482e+06 9.336344247191129302e-08 -7.855106827945638452e-07
2.452579281027492136e+06 2.674168655245039089e-08 -7.592990216388683787e-07
2.452579281073691789e+06 -1.527155994783738978e-08 -7.393635123879498305e-07
2.452579281119891442e+06 -1.088990663070166895e-07 -7.282641044743884211e-07
2.452579281166091096e+06 -8.523329641351870025e-08 -7.216973235266236113e-07
2.452579281212290749e+06 -1.416146800270562094e-07 -7.171989648586117194e-07
2.452579281258490402e+06 -2.992223990302350750e-08 -7.082686558804019890e-07
2.452579281304690056e+06 4.769075862660672680e-08 -6.844535037868334350e-07
2.452579281350889709e+06 -1.058790416064117926e-07 -6.648702513157349799e-07
2.452579281397089362e+06 -2.275767740955849162e-07 -6.650053985523892337e-07
2.452579281443289015e+06 -6.216211481005266765e-08 -6.620965849840951361e-07
2.452579281489488669e+06 6.986569806851930892e-09 -6.414650024646425844e-07
2.452579281535688322e+06 6.652213014100751706e-09 -6.144622552175412338e-07
2.452579281581887975e+06 2.744705639665151231e-08 -5.843604194195264827e-07
2.452579281628087629e+06 -5.416676971627069455e-08 -5.571719521721743151e-07
2.452579281674287282e+06 -2.769144753500647376e-08 -5.327394115728029853e-07
2.452579281720486935e+06 -1.141110562937115595e-07 -5.116853754310371760e-07
2.452579281766686589e+06 -1.671747332301853036e-07 -5.003438326732170976e-07
2.452579281812886242e+06 -1.499734384821026883e-08 -4.813452536378113536e-07
2.452579281859085895e+06 2.054329437420681635e-08 -4.474595965642387967e-07
2.452579281905285548e+06 -5.281300604565033753e-08 -4.147991245768284120e-07
2.452579281951485202e+06 -1.207185655250005176e-07 -3.913727601281884273e-07
2.452579281997684855e+06 -1.388919769166445132e-07 -3.737141630450405960e-07
2.452579282043884508e+06 -9.359824692612587401e-08 -3.536934112986614065e-07
2.452579282090084162e+06 -3.082015046616016425e-08 -3.250431850085619318e-07
2.452579282136283815e+06 -7.046358595030432080e-08 -2.936463120172582976e-07
2.452579282182483468e+06 -1.177901468275516773e-07 -2.677248279327377571e-07
2.452579282228683122e+06 -1.026549601478608660e-07 -2.435718864829096982e-07
2.452579282274882775e+06 5.746584175275277755e-09 -2.095473665564588980e-07
2.452579282321082428e+06 -5.805741020365798133e-08 -1.709949326816212250e-07
2.452579282367282081e+06 -9.979462238026025450e-08 -1.390550102488842533e-07
2.452579282413481735e+06 -7.519950055954177039e-08 -1.075582321121229131e-07
2.452579282459681388e+06 -8.198994291777378695e-08 -7.394470407355308834e-08
2.452579282505881041e+06 -2.351977309154186414e-07 -5.161910265135389051e-08
2.452579282552080695e+06 -1.483878598184379187e-07 -3.433787545250572231e-08
2.452579282598280348e+06 -1.884264742036839960e-07 -1.391170544460819061e-08
2.452579282644480001e+06 -2.557387817474097603e-07 -1.849397425502993899e-09
2.452579282690679654e+06 -2.543918230273782611e-07 4.361248541776508628e-09
2.452579282736879308e+06 -1.140970125684577834e-07 2.004065207398899846e-08
2.452579282783078961e+06 -1.508037255053395784e-07 4.295876193292255230e-08
2.452579282829278614e+06 -9.331254463348820884e-08 6.731797459183129650e-08
2.452579282875478268e+06 -1.635339955046644755e-07 9.064133190058266841e-08
2.452579282921677921e+06 -2.856724729286414585e-07 9.918582551812505042e-08
2.452579282967877574e+06 -2.455382579813717810e-07 1.002484147942488501e-07
2.452579283014077228e+06 -1.825193543594142461e-07 1.073442958656612892e-07
2.452579283060276881e+06 -2.478782039759663567e-07 1.128986296908328338e-07
2.452579283106476534e+06 -1.630194399389082451e-07 1.184572955015382645e-07
2.452579283152676187e+06 -1.935981388245071269e-08 1.398859215856827750e-07
2.452579283198875841e+06 -1.080798023518695387e-07 1.651356828546766404e-07
2.452579283245075494e+06 -1.461089139382141948e-07 1.806661550821571313e-07
2.452579283291275147e+06 -1.779856567325922706e-07 1.900780632065555288e-07
2.452579283337474801e+06 -1.699818502479444950e-07 1.964227822840138146e-07
2.452579283383674454e+06 -1.205461900860269696e-07 2.056561366664483708e-07
2.452579283429874107e+06 -5.369623968713626797e-08 2.224563375538224557e-07
2.452579283476073761e+06 -1.981999099546961838e-07 2.326435273487445674e-07
2.452579283522273414e+06 -2.878246969979456647e-07 2.238676503360165450e-07
2.452579283568473067e+06 -2.854786506519897534e-07 2.059384104275225218e-07
2.452579283614672720e+06 -2.704122726352138634e-07 1.861913042246410988e-07
2.452579283660872374e+06 -4.069871277025636174e-07 1.540077298756031648e-07
2.452579283707072027e+06 -2.892911041314117086e-07 1.163561831955638555e-07
2.452579283753271680e+06 -2.149395941869673830e-07 8.893942753354148776e-08
2.452579283799471334e+06 -1.855843139450909868e-07 6.586829046495280699e-08
2.452579283845670987e+06 -1.616875474294633161e-07 4.369840483267167074e-08
2.452579283891870640e+06 -6.794290174682124675e-08 2.745293376047890824e-08
2.452579283938070294e+06 -5.774810379306046951e-08 1.658336539588808287e-08
2.452579283984269947e+06 -3.712888171090157028e-08 5.984078717915421274e-09
2.452579284030469600e+06 -6.968538760379999108e-08 -7.513990806272319370e-09
2.452579284076669253e+06 -9.956909988488372446e-08 -2.789209620487159430e-08
2.452579284122868907e+06 5.029072492308774592e-08 -4.172985201499414704e-08
2.452579284169068560e+06 -4.879471581052274978e-08 -5.374319418007344329e-08
2.452579284215268213e+06 -1.378328636412954142e-07 -8.187076499282459884e-08
2.452579284261467867e+06 -9.294245555601298912e-08 -1.162632202482854383e-07
2.452579284307667520e+06 9.004762982804069932e-08 -1.366295850176240060e-07
2.452579284353867173e+06 2.901767355390386220e-07 -1.300970282387928278e-07
2.452579284400066826e+06 1.014901740690665902e-07 -1.228954493635021020e-07
2.452579284446266480e+06 -4.765155762214739701e-08 -1.414521939858936760e-07
2.452579284492466133e+06 -3.695941338087692398e-08 -1.724243714919394031e-07
2.452579284538665786e+06 8.614637248225853482e-08 -1.959542246555702560e-07
2.452579284584865440e+06 7.070869189461292418e-08 -2.134055192231024175e-07
2.452579284631065093e+06 1.753606836735936795e-08 -2.376457783182963449e-07
2.452579284677264746e+06 8.582041397360388891e-08 -2.627288404743865178e-07
2.452579284723464400e+06 1.587609613577278668e-07 -2.790599000067877183e-07
2.452579284769664053e+06 1.876982570930288578e-07 -2.889222233210364319e-07
2.452579284815863706e+06 2.320271511159429904e-07 -2.939599136939890444e-07
2.452579284862063359e+06 1.904200191011565622e-07 -2.991267967509560417e-07
2.452579284908263013e+06 6.319077096297277823e-08 -3.174021836343161878e-07
2.452579284954462666e+06 4.663185282282821588e-08 -3.477621063503551690e-07
2.452579285000662319e+06 1.950948000184372901e-07 -3.700668238295863921e-07
2.452579285046861973e+06 3.286628237580494390e-07 -3.722634145499868266e-07
2.452579285093061626e+06 2.842740765205655443e-07 -3.674908080335906631e-07
2.452579285139261279e+06 2.108693766135019878e-07 -3.709217436884424509e-07
2.452579285185460933e+06 1.435694782547696899e-07 -3.848447031244553027e-07
2.452579285231660586e+06 1.276168921073080125e-07 -4.055989574071281933e-07
2.452579285277860239e+06 2.564062210282392389e-07 -4.187270203514575621e-07
2.452579285324059892e+06 3.380030045745223581e-07 -4.162177165569078349e-07
2.452579285370259546e+06 2.577039405752922675e-07 -4.127791872522822881e-07
2.452579285416459199e+06 1.918462105327125766e-07 -4.195080133300836782e-07
2.452579285462658852e+06 2.433308549698181253e-07 -4.270951416829623568e-07
2.452579285508858506e+06 3.370128317687881967e-07 -4.234517585668199639e-07
2.452579285555058159e+06 2.995178950846614314e-07 -4.144958365005335221e-07
2.452579285601257812e+06 2.390188649270465257e-07 -4.115316850354811026e-07
2.452579285647457466e+06 2.223204084541592596e-07 -4.133928313077438751e-07
2.452579285693657119e+06 2.630946733886078828e-07 -4.127143884127151395e-07
2.452579285739856772e+06 2.636567562555792263e-07 -4.079806294120483719e-07
2.452579285786056425e+06 3.404747718281157100e-07 -3.961483777065151568e-07
2.452579285832256079e+06 2.763598966467513858e-07 -3.816115257580331444e-07
2.452579285878455732e+06 2.416870868455806098e-07 -3.726406220437590059e-07
2.452579285924655385e+06 3.096038123587941870e-07 -3.596144568828386642e-07
2.452579285970855039e+06 1.656984677583947667e-07 -3.505354370517460688e-07
2.452579286017054692e+06 1.952454950017699494e-07 -3.486015755821747251e-07
2.452579286063254345e+06 2.232281000805848196e-07 -3.412742709529499332e-07
2.452579286109453999e+06 2.033258042319065375e-07 -3.319169345179043913e-07
2.452579286155653652e+06 1.684334562887189588e-07 -3.251595533879758193e-07
2.452579286201853305e+06 3.621548907129675906e-07 -3.049785874261400306e-07
2.452579286248052958e+06 2.572572333196265957e-07 -2.757410903781575313e-07
2.452579286294252612e+06 1.708335083666872547e-07 -2.580947558020534271e-07
2.452579286340452265e+06 1.224868768868239648e-07 -2.486093478737129641e-07
2.452579286386651918e+06 9.551068057762271452e-08 -2.433753846498150737e-07
2.452579286432851572e+06 1.190227413112519510e-07 -2.372531201084487241e-07
2.452579286479051225e+06 2.201922893189458690e-07 -2.204614390103937119e-07
2.452579286525250878e+06 1.853288601278676964e-07 -1.966861971106341149e-07
2.452579286571450531e+06 5.074722615508638936e-08 -1.833542338166435889e-07
2.452579286617650185e+06 -8.940888852223060068e-08 -1.892357768539451027e-07
2.452579286663849838e+06 -8.597200576249988177e-08 -2.052391692083742938e-07
2.452579286710049491e+06 -1.020387118502162048e-07 -2.226569432052259567e-07
2.452579286756249145e+06 -3.461136306635425617e-08 -2.367110806805412168e-07
2.452579286802448798e+06 -2.752028283096784061e-08 -2.453823474458882363e-07
2.452579286848648451e+06 -1.738224580838799258e-07 -2.644930960445285375e-07
2.452579286894848105e+06 -8.523757439278594810e-08 -2.885867320735908272e-07
2.452579286941047758e+06 6.676012417971157581e-08 -2.953493130397439013e-07
2.452579286987247411e+06 5.970000830923235759e-10 -2.952659116294110850e-07
2.452579287033447064e+06 -8.102062323597741377e-08 -3.055766906339420871e-07
2.452579287079646718e+06 3.663394629529048037e-08 -3.130706168431377022e-07
2.452579287125846371e+06 4.820776146785479759e-09 -3.137577071865290614e-07
2.452579287172046024e+06 3.218833216064490386e-08 -3.140033499172563773e-07
2.452579287218245678e+06 -8.200287908724918886e-09 -3.144329455373631343e-07
2.452579287264445331e+06 -4.943123249351718442e-08 -3.202732385086807016e-07
2.452579287310644984e+06 8.282207892722337414e-10 -3.250347628669252600e-07
2.452579287356844638e+06 6.842936277641113828e-08 -3.203811031655450110e-07
2.452579287403044291e+06 -1.076056025608238526e-07 -3.228237995345536437e-07
2.452579287449243944e+06 -1.511005242478168443e-07 -3.413146274800615671e-07
2.452579287495443597e+06 -1.607398441013632270e-07 -3.643671018114091688e-07
2.452579287541643251e+06 -3.150588538656875097e-07 -4.006974377879940113e-07
2.452579287587842904e+06 -2.583929403382966977e-07 -4.461873587874552954e-07
2.452579287634042557e+06 -2.652651734382077891e-07 -4.902475079964906885e-07
2.452579287680242211e+06 -2.459676760901056297e-07 -5.355514173910368427e-07
2.452579287726441864e+06 -2.073537719102690206e-07 -5.786748989063695764e-07
2.452579287772641517e+06 -1.862815492002317912e-07 -6.192667029239536636e-07
2.452579287818841171e+06 -1.830494257465977824e-07 -6.597739271335091104e-07
2.452579287865040824e+06 -1.442703531401177957e-07 -6.987913231073876385e-07
2.452579287911240477e+06 -9.970256248065404938e-08 -7.330210373348220506e-07
2.452579287957440130e+06 -7.013780721212317944e-08 -7.627710920522911400e-07
2.452579288003639784e+06 -6.253566928166847365e-08 -7.904854860014250966e-07
2.452579288049839437e+06 4.861498181432719806e-08 -8.097910220472094892e-07
2.452579288096039090e+06 1.011551771778189650e-07 -8.166492464871492563e-07
2.452579288142238744e+06 1.477650365958287814e-07 -8.150596034040629160e-07
2.452579288188438397e+06 2.162897139385679376e-07 -8.032139134541819884e-07
2.452579288234638050e+06 3.124355662662305749e-07 -7.766448369949377289e-07
2.452579288280837703e+06 2.673701035249098058e-07 -7.429682591350457179e-07
2.452579288327037357e+06 2.836030048469365606e-07 -7.078084479259737324e-07
2.452579288373237010e+06 2.095596252300253441e-07 -6.733355139055709131e-07
2.452579288419436663e+06 1.595233953643365798e-07 -6.447082730598642548e-07
2.452579288465636317e+06 3.481202769353351973e-07 -6.024883717894656341e-07
2.452579288511835970e+06 2.704519562010273795e-07 -5.478864419187943445e-07
2.452579288558035623e+06 2.345938592980271471e-07 -4.971607306185330387e-07
2.452579288604235277e+06 2.140497419897399741e-07 -4.463702405146648584e-07
2.452579288650434930e+06 1.853793726267023214e-07 -3.950814175022464587e-07
2.452579288696634583e+06 1.207545848108663855e-07 -3.467232460500775866e-07
2.452579288742834236e+06 -1.830157117403266876e-07 -3.225034535059392528e-07
2.452579288789033890e+06 -5.711844764485057264e-08 -3.097869557779908571e-07
2.452579288835233543e+06 1.345056299535552360e-08 -2.810562628763344073e-07
2.452579288881433196e+06 -5.910201817246684128e-08 -2.503026299025767810e-07
2.452579288927632850e+06 -1.065235384111418647e-07 -2.264255918222156668e-07
2.452579288973832503e+06 3.434034790402043379e-08 -1.938046411268408036e-07
2.452579289020032156e+06 -2.929864018469790408e-08 -1.531322693892036924e-07
2.452579289066231810e+06 -6.172289557129158115e-08 -1.170850563098840231e-07
2.452579289112431463e+06 -5.151532193869743814e-08 -8.049222415284799100e-08
2.452579289158631116e+06 -1.498211479162561648e-07 -4.841505097901899403e-08
2.452579289204830769e+06 -1.919405731498605076e-07 -2.524476322402022916e-08
2.452579289251030423e+06 -2.283368801736346635e-07 -7.005421160510646496e-09
2.452579289297230076e+06 -2.960293599365447309e-07 3.935232901395716696e-09
2.452579289343429729e+06 -3.629826685311618959e-07 4.672580759249460239e-09
2.452579289389629383e+06 -3.388592040710335884e-07 1.397238735442800820e-09
2.452579289435829036e+06 -5.234838402515641063e-07 -1.514401970777584300e-08
2.452579289482028689e+06 -4.539243649732561880e-07 -4.247114377370260462e-08
2.452579289528228343e+06 -4.134423389503297658e-07 -6.426892173735031601e-08
2.452579289574427996e+06 -4.340367864425186804e-07 -8.697603998980641865e-08
2.452579289620627649e+06 -3.054784749117406823e-07 -1.039656347975220072e-07
2.452579289666827302e+06 -2.962828772810861472e-07 -1.125622052601603479e-07
2.452579289713026956e+06 -2.487669918021734079e-07 -1.183199059636380335e-07
2.452579289759226609e+06 -2.671912408916651751e-07 -1.231426529740155354e-07
2.452579289805426262e+06 -3.139240714615165871e-07 -1.341289751401674735e-07
2.452579289851625916e+06 -1.876500828422129021e-07 -1.407441009934459522e-07
2.452579289897825569e+06 -3.548628374722790589e-07 -1.518232653054262941e-07
2.452579289944025222e+06 -3.247835888368857236e-07 -1.749888451806466105e-07
