2.453965538809999824e+06 -1.483999999999999986e+01 6.563064999999999600e+03
2.453965538960000034e+06 -1.451999999999999957e+01 6.563470999999999549e+03
2.453965539090000093e+06 -1.610999999999999943e+01 6.563234999999999673e+03
2.453965539239999838e+06 -1.477999999999999936e+01 6.563091000000000349e+03
2.453965539369999897e+06 -1.416999999999999993e+01 6.563453999999999724e+03
2.453965539489999879e+06 -1.458999999999999986e+01 6.563036000000000058e+03
2.453965539619999938e+06 -1.488000000000000078e+01 6.563529000000000451e+03
2.453965539749999996e+06 -1.623000000000000043e+01 6.563198000000000320e+03
2.453965539890000131e+06 -1.492999999999999972e+01 6.563015999999999622e+03
2.453965540020000190e+06 -1.494999999999999929e+01 6.563738999999999578e+03
2.453965540140000172e+06 -1.383000000000000007e+01 6.563454999999999927e+03
2.453965540270000231e+06 -1.421000000000000085e+01 6.563489999999999782e+03
2.453965540409999900e+06 -1.726999999999999957e+01 6.563548999999999978e+03
2.453965540539999958e+06 -1.422000000000000064e+01 6.563564999999999600e+03
2.453965540659999941e+06 -1.208999999999999986e+01 6.563582999999999629e+03
2.453965540789999999e+06 -1.826000000000000156e+01 6.563672999999999774e+03
2.453965540920000058e+06 -1.568999999999999950e+01 6.563371000000000095e+03
2.453965541050000116e+06 -1.669999999999999929e+01 6.563604000000000269e+03
2.453965541170000099e+06 -1.739000000000000057e+01 6.563320999999999913e+03
2.453965541309999768e+06 -1.552999999999999936e+01 6.563533999999999651e+03
2.453965541439999826e+06 -1.626000000000000156e+01 6.563100000000000364e+03
2.453965541569999885e+06 -1.546000000000000085e+01 6.563143000000000029e+03
2.453965541689999867e+06 -1.703000000000000114e+01 6.563018000000000029e+03
2.453965541819999926e+06 -1.378999999999999915e+01 6.563390999999999622e+03
2.453965541949999984e+06 -1.701000000000000156e+01 6.563552999999999884e+03
2.453965542080000043e+06 -1.689999999999999858e+01 6.563457999999999629e+03
2.453965542200000025e+06 -1.705000000000000071e+01 6.563548999999999978e+03
2.453965542340000160e+06 -1.564000000000000057e+01 6.563216999999999643e+03
2.453965542470000219e+06 -1.698000000000000043e+01 6.563395999999999731e+03
2.453965542599999812e+06 -1.639999999999999858e+01 6.563481999999999971e+03
2.453965542719999794e+06 -1.746000000000000085e+01 6.564199999999999818e+03
2.453965542849999852e+06 -1.598000000000000043e+01 6.563479999999999563e+03
2.453965542979999911e+06 -1.726999999999999957e+01 6.563792999999999665e+03
2.453965543109999970e+06 -1.547000000000000064e+01 6.563573000000000320e+03
2.453965543229999952e+06 -1.696000000000000085e+01 6.563532000000000153e+03
2.453965543360000011e+06 -1.516000000000000014e+01 6.563828999999999724e+03
2.453965543490000069e+06 -1.862999999999999901e+01 6.563756999999999607e+03
2.453965543620000128e+06 -1.642000000000000171e+01 6.563618000000000393e+03
2.453965543750000186e+06 -1.641000000000000014e+01 6.563663999999999760e+03
2.453965543879999779e+06 -1.457000000000000028e+01 6.563418999999999869e+03
2.453965544009999838e+06 -1.511999999999999922e+01 6.563372999999999593e+03
2.453965544139999896e+06 -1.737999999999999901e+01 6.563590000000000146e+03
2.453965544259999879e+06 -1.669000000000000128e+01 6.563313000000000102e+03
2.453965544400000013e+06 -1.434999999999999964e+01 6.563480999999999767e+03
2.453965544530000072e+06 -1.594999999999999929e+01 6.563876000000000204e+03
2.453965544660000131e+06 -1.480000000000000071e+01 6.563273000000000138e+03
2.453965544780000113e+06 -1.538000000000000078e+01 6.563627000000000407e+03
2.453965544910000172e+06 -1.584999999999999964e+01 6.563158000000000357e+03
2.453965545040000230e+06 -1.691000000000000014e+01 6.563560999999999694e+03
2.453965545169999823e+06 -1.635000000000000142e+01 6.563518000000000029e+03
2.453965545289999805e+06 -1.398000000000000043e+01 6.563137999999999920e+03
2.453965545419999864e+06 -1.667999999999999972e+01 6.563680999999999585e+03
2.453965545549999923e+06 -1.492999999999999972e+01 6.563872000000000298e+03
2.453965545679999981e+06 -1.516999999999999993e+01 6.563305999999999585e+03
2.453965545799999963e+06 -1.577999999999999936e+01 6.563578000000000429e+03
2.453965545940000098e+06 -1.522000000000000064e+01 6.563779000000000451e+03
2.453965546070000157e+06 -1.307000000000000028e+01 6.563733000000000175e+03
2.453965546200000215e+06 -1.648999999999999844e+01 6.564085000000000036e+03
2.453965546320000198e+06 -1.494999999999999929e+01 6.563677999999999884e+03
2.453965546449999791e+06 -1.372000000000000064e+01 6.563282000000000153e+03
2.453965546579999849e+06 -1.508000000000000007e+01 6.563279000000000451e+03
2.453965546709999908e+06 -1.441000000000000014e+01 6.563670000000000073e+03
2.453965546829999890e+06 -1.521000000000000085e+01 6.563072000000000116e+03
2.453965546970000025e+06 -1.292999999999999972e+01 6.562600999999999658e+03
2.453965547100000083e+06 -1.514000000000000057e+01 6.562877999999999702e+03
2.453965547230000142e+06 -1.460999999999999943e+01 6.563546999999999571e+03
2.453965547350000124e+06 -1.565000000000000036e+01 6.563466000000000349e+03
2.453965547480000183e+06 -1.158999999999999986e+01 6.563819000000000415e+03
2.453965547609999776e+06 -1.524000000000000021e+01 6.562962000000000444e+03
2.453965547739999834e+06 -1.269999999999999929e+01 6.563394000000000233e+03
2.453965547869999893e+06 -1.492999999999999972e+01 6.563448000000000320e+03
2.453965547999999952e+06 -1.333999999999999986e+01 6.563144000000000233e+03
2.453965548130000010e+06 -1.217999999999999972e+01 6.563442000000000007e+03
2.453965548260000069e+06 -1.503999999999999915e+01 6.563253999999999905e+03
2.453965548380000051e+06 -1.410999999999999943e+01 6.562930999999999585e+03
2.453965548510000110e+06 -1.110999999999999943e+01 6.563703999999999724e+03
2.453965548640000168e+06 -1.439000000000000057e+01 6.563769000000000233e+03
2.453965548770000227e+06 -1.243999999999999950e+01 6.563369999999999891e+03
2.453965548890000209e+06 -1.385999999999999943e+01 6.563382999999999811e+03
2.453965549019999802e+06 -1.358999999999999986e+01 6.563215000000000146e+03
2.453965549149999861e+06 -1.226999999999999957e+01 6.563127000000000407e+03
2.453965549269999843e+06 -1.325999999999999979e+01 6.563881999999999607e+03
2.453965549399999902e+06 -1.302999999999999936e+01 6.562921999999999571e+03
2.453965549540000036e+06 -1.405000000000000071e+01 6.563037000000000262e+03
2.453965549670000095e+06 -1.359999999999999964e+01 6.563493000000000393e+03
2.453965549800000153e+06 -1.333999999999999986e+01 6.563305999999999585e+03
2.453965549920000136e+06 -1.398000000000000043e+01 6.563027000000000044e+03
2.453965550050000194e+06 -1.375999999999999979e+01 6.563282000000000153e+03
2.453965550179999787e+06 -1.192999999999999972e+01 6.563345000000000255e+03
2.453965550299999770e+06 -1.503999999999999915e+01 6.563217999999999847e+03
2.453965550429999828e+06 -1.386999999999999922e+01 6.563447000000000116e+03
2.453965550559999887e+06 -1.360999999999999943e+01 6.563421000000000276e+03
2.453965550689999945e+06 -1.435999999999999943e+01 6.563190999999999804e+03
2.453965550809999928e+06 -1.159999999999999964e+01 6.563152000000000044e+03
2.453965550939999986e+06 -1.323000000000000043e+01 6.563627000000000407e+03
2.453965551080000121e+06 -1.225999999999999979e+01 6.562824999999999818e+03
2.453965551210000180e+06 -1.330000000000000071e+01 6.563314999999999600e+03
2.453965551330000162e+06 -1.177999999999999936e+01 6.563150999999999840e+03
2.453965551460000221e+06 -1.322000000000000064e+01 6.563332999999999629e+03
2.453965551589999814e+06 -1.388000000000000078e+01 6.563346999999999753e+03
2.453965551719999872e+06 -1.166999999999999993e+01 6.563605999999999767e+03
2.453965551839999855e+06 -1.214000000000000057e+01 6.563479999999999563e+03
2.453965551979999989e+06 -1.232000000000000028e+01 6.563582000000000335e+03
2.453965552110000048e+06 -1.231000000000000050e+01 6.563207999999999629e+03
2.453965552240000106e+06 -1.363000000000000078e+01 6.563396999999999935e+03
2.453965552360000089e+06 -1.205000000000000071e+01 6.563229999999999563e+03
2.453965552490000147e+06 -1.467999999999999972e+01 6.563185000000000400e+03
2.453965552629999816e+06 -1.200000000000000000e+01 6.563000000000000000e+03
2.453965552759999875e+06 -1.371000000000000085e+01 6.563157000000000153e+03
2.453965552889999934e+06 -1.089000000000000057e+01 6.562871000000000095e+03
2.453965553009999916e+06 -1.268999999999999950e+01 6.563158000000000357e+03
2.453965553139999975e+06 -1.136999999999999922e+01 6.562942000000000007e+03
2.453965553270000033e+06 -1.476999999999999957e+01 6.563244999999999891e+03
2.453965553390000015e+06 -1.118999999999999950e+01 6.562895999999999731e+03
2.453965553520000074e+06 -9.115999999999999659e+00 6.563458999999999833e+03
2.453965553650000133e+06 -1.299000000000000021e+01 6.563042000000000371e+03
2.453965553789999802e+06 -1.199000000000000021e+01 6.563645000000000437e+03
2.453965553919999860e+06 -1.069999999999999929e+01 6.563439000000000306e+03
2.453965554039999843e+06 -1.234999999999999964e+01 6.563565999999999804e+03
2.453965554169999901e+06 -1.181000000000000050e+01 6.563242000000000189e+03
2.453965554299999960e+06 -1.141000000000000014e+01 6.563563000000000102e+03
2.453965554419999942e+06 -1.321000000000000085e+01 6.563275999999999840e+03
2.453965554550000001e+06 -9.913000000000000256e+00 6.562895999999999731e+03
2.453965554690000135e+06 -1.248000000000000043e+01 6.563813000000000102e+03
2.453965554820000194e+06 -1.046000000000000085e+01 6.564242000000000189e+03
2.453965554949999787e+06 -1.347000000000000064e+01 6.563305000000000291e+03
2.453965555069999769e+06 -1.148000000000000043e+01 6.563963999999999942e+03
2.453965555199999828e+06 -1.256000000000000050e+01 6.563634000000000015e+03
2.453965555329999886e+06 -1.122000000000000064e+01 6.564818000000000211e+03
2.453965555470000021e+06 -1.218999999999999950e+01 6.563951000000000022e+03
2.453965555590000004e+06 -1.298000000000000043e+01 6.564136999999999716e+03
2.453965555720000062e+06 -1.322000000000000064e+01 6.563849000000000160e+03
2.453965555850000121e+06 -1.303999999999999915e+01 6.563944000000000415e+03
2.453965555980000179e+06 -1.230000000000000071e+01 6.563896999999999935e+03
2.453965556100000162e+06 -1.142999999999999972e+01 6.563326000000000022e+03
2.453965556230000220e+06 -1.351999999999999957e+01 6.563377000000000407e+03
2.453965556359999813e+06 -1.255000000000000071e+01 6.564198999999999614e+03
2.453965556499999948e+06 -1.200000000000000000e+01 6.563769000000000233e+03
2.453965556619999930e+06 -1.299000000000000021e+01 6.563820999999999913e+03
2.453965556749999989e+06 -1.218999999999999950e+01 6.564542000000000371e+03
2.453965556880000047e+06 -1.150999999999999979e+01 6.563798999999999978e+03
2.453965557010000106e+06 -1.186999999999999922e+01 6.564395999999999731e+03
2.453965557130000088e+06 -1.249000000000000021e+01 6.564045000000000073e+03
2.453965557270000223e+06 -1.217999999999999972e+01 6.563442000000000007e+03
2.453965557399999816e+06 -1.383999999999999986e+01 6.563682999999999993e+03
2.453965557529999875e+06 -1.165000000000000036e+01 6.563972999999999956e+03
2.453965557649999857e+06 -1.185999999999999943e+01 6.563724000000000160e+03
2.453965557779999916e+06 -1.388000000000000078e+01 6.563630000000000109e+03
2.453965557909999974e+06 -1.334999999999999964e+01 6.563189000000000306e+03
2.453965558040000033e+06 -1.189000000000000057e+01 6.563798999999999978e+03
2.453965558160000015e+06 -1.215000000000000036e+01 6.563988999999999578e+03
2.453965558290000074e+06 -1.384999999999999964e+01 6.564073999999999614e+03
2.453965558420000132e+06 -1.126999999999999957e+01 6.563810000000000400e+03
2.453965558550000191e+06 -1.746000000000000085e+01 6.564042000000000371e+03
2.453965558670000173e+06 -1.322000000000000064e+01 6.563962000000000444e+03
2.453965558800000232e+06 -1.450999999999999979e+01 6.563390000000000327e+03
2.453965558939999901e+06 -1.473000000000000043e+01 6.563251000000000204e+03
2.453965559069999959e+06 -1.264000000000000057e+01 6.563911000000000058e+03
2.453965559189999942e+06 -1.717999999999999972e+01 6.562855999999999767e+03
2.453965559320000000e+06 -1.311999999999999922e+01 6.563498999999999796e+03
2.453965559450000059e+06 -1.157000000000000028e+01 6.563908000000000357e+03
2.453965559590000194e+06 -1.803999999999999915e+01 6.563680000000000291e+03
2.453965559710000176e+06 -1.346000000000000085e+01 6.563996000000000095e+03
2.453965559839999769e+06 -1.401999999999999957e+01 6.563345000000000255e+03
2.453965559969999827e+06 -1.637999999999999901e+01 6.563899999999999636e+03
2.453965560099999886e+06 -1.628999999999999915e+01 6.564152000000000044e+03
2.453965560219999868e+06 -1.558999999999999986e+01 6.562789999999999964e+03
2.453965560349999927e+06 -1.544999999999999929e+01 6.562498999999999796e+03
2.453965560490000062e+06 -1.525999999999999979e+01 6.563690999999999804e+03
2.453965560620000120e+06 -1.475000000000000000e+01 6.563483000000000175e+03
2.453965560740000103e+06 -1.721000000000000085e+01 6.563314999999999600e+03
2.453965560870000161e+06 -1.222000000000000064e+01 6.564055000000000291e+03
2.453965561000000220e+06 -1.819999999999999929e+01 6.563653000000000247e+03
2.453965561129999813e+06 -1.492999999999999972e+01 6.563301999999999680e+03
2.453965561249999795e+06 -1.835000000000000142e+01 6.563838999999999942e+03
2.453965561379999854e+06 -1.891000000000000014e+01 6.563815999999999804e+03
2.453965561509999912e+06 -1.481000000000000050e+01 6.564052999999999884e+03
2.453965561650000047e+06 -1.917000000000000171e+01 6.563483000000000175e+03
2.453965561770000029e+06 -1.544999999999999929e+01 6.563893000000000029e+03
2.453965561900000088e+06 -1.948999999999999844e+01 6.563735999999999876e+03
2.453965562030000146e+06 -1.932000000000000028e+01 6.563412999999999556e+03
2.453965562160000205e+06 -2.039999999999999858e+01 6.563324999999999818e+03
2.453965562280000187e+06 -1.826999999999999957e+01 6.563756000000000313e+03
2.453965562409999780e+06 -1.737000000000000099e+01 6.563443000000000211e+03
2.453965562539999839e+06 -2.021999999999999886e+01 6.563509000000000015e+03
2.453965562669999897e+06 -1.616000000000000014e+01 6.563900999999999840e+03
2.453965562830000184e+06 -2.023999999999999844e+01 6.563993000000000393e+03
2.453965562969999854e+06 -2.348999999999999844e+01 6.563860999999999876e+03
2.453965563089999836e+06 -2.405999999999999872e+01 6.563439999999999600e+03
2.453965563219999894e+06 -1.828999999999999915e+01 6.563310999999999694e+03
2.453965563349999953e+06 -1.755000000000000071e+01 6.563056999999999789e+03
2.453965563490000088e+06 -1.973999999999999844e+01 6.563501000000000204e+03
2.453965563610000070e+06 -2.117999999999999972e+01 6.564078000000000429e+03
2.453965563750000205e+06 -2.100000000000000000e+01 6.564365999999999985e+03
2.453965563879999798e+06 -2.105999999999999872e+01 6.563899000000000342e+03
2.453965564009999856e+06 -2.414000000000000057e+01 6.563930000000000291e+03
2.453965564139999915e+06 -2.255000000000000071e+01 6.564063000000000102e+03
2.453965564259999897e+06 -2.033999999999999986e+01 6.563930999999999585e+03
2.453965564389999956e+06 -2.235000000000000142e+01 6.564143000000000029e+03
2.453965564530000091e+06 -2.123999999999999844e+01 6.563368999999999687e+03
2.453965564660000149e+06 -2.389000000000000057e+01 6.563207999999999629e+03
2.453965564780000132e+06 -1.798999999999999844e+01 6.563135000000000218e+03
2.453965564910000190e+06 -2.976000000000000156e+01 6.563815999999999804e+03
2.453965565039999783e+06 -1.667999999999999972e+01 6.563792999999999665e+03
2.453965565179999918e+06 -2.673999999999999844e+01 6.563872999999999593e+03
2.453965565299999900e+06 -2.246999999999999886e+01 6.563837000000000444e+03
2.453965565429999959e+06 -2.271999999999999886e+01 6.564283999999999651e+03
2.453965565560000017e+06 -2.260000000000000142e+01 6.564234999999999673e+03
2.453965565690000076e+06 -2.185999999999999943e+01 6.564137999999999920e+03
2.453965565849999897e+06 -2.726000000000000156e+01 6.563394000000000233e+03
2.453965565979999956e+06 -1.782000000000000028e+01 6.564246000000000095e+03
2.453965566099999938e+06 -2.898000000000000043e+01 6.564204999999999927e+03
2.453965566229999997e+06 -2.373000000000000043e+01 6.563996000000000095e+03
2.453965566360000055e+06 -2.782999999999999829e+01 6.563921999999999571e+03
2.453965566480000038e+06 -2.369000000000000128e+01 6.563306999999999789e+03
2.453965566610000096e+06 -2.637000000000000099e+01 6.564112000000000080e+03
2.453965566740000155e+06 -2.292999999999999972e+01 6.564273000000000138e+03
2.453965566870000213e+06 -2.494000000000000128e+01 6.563894000000000233e+03
2.453965567009999882e+06 -3.757999999999999829e+01 6.564171999999999571e+03
2.453965567129999865e+06 -1.805999999999999872e+01 6.563734999999999673e+03
2.453965567270000000e+06 -2.476000000000000156e+01 6.563293999999999869e+03
2.453965567400000058e+06 -2.471000000000000085e+01 6.563280999999999949e+03
2.453965567530000117e+06 -2.503999999999999915e+01 6.563654999999999745e+03
2.453965567650000099e+06 -2.328999999999999915e+01 6.563967999999999847e+03
2.453965567789999768e+06 -2.694000000000000128e+01 6.563627000000000407e+03
2.453965567919999827e+06 -3.142000000000000171e+01 6.563283000000000357e+03
2.453965568049999885e+06 -2.837999999999999901e+01 6.563921000000000276e+03
2.453965568169999868e+06 -2.394000000000000128e+01 6.563158000000000357e+03
2.453965568299999926e+06 -2.505000000000000071e+01 6.563670000000000073e+03
2.453965568429999985e+06 -2.673999999999999844e+01 6.563680999999999585e+03
2.453965568560000043e+06 -2.412999999999999901e+01 6.564314999999999600e+03
2.453965568680000026e+06 -2.735000000000000142e+01 6.563533999999999651e+03
2.453965568810000084e+06 -2.192999999999999972e+01 6.563511000000000422e+03
2.453965568940000143e+06 -2.366000000000000014e+01 6.563372999999999593e+03
2.453965569070000201e+06 -1.962000000000000099e+01 6.564555999999999585e+03
2.453965569199999794e+06 -3.571000000000000085e+01 6.563676999999999680e+03
2.453965569329999853e+06 -2.073000000000000043e+01 6.563681999999999789e+03
2.453965569459999911e+06 -1.992999999999999972e+01 6.563685999999999694e+03
2.453965569589999970e+06 -2.678000000000000114e+01 6.564442000000000007e+03
2.453965569709999952e+06 -2.551999999999999957e+01 6.563807999999999993e+03
2.453965569840000011e+06 -2.857999999999999829e+01 6.564427999999999884e+03
2.453965569970000070e+06 -2.041000000000000014e+01 6.563793999999999869e+03
2.453965570100000128e+06 -2.123999999999999844e+01 6.563720000000000255e+03
2.453965570220000111e+06 -2.075000000000000000e+01 6.564404999999999745e+03
2.453965570350000169e+06 -2.407000000000000028e+01 6.563630000000000109e+03
2.453965570489999838e+06 -2.394000000000000128e+01 6.564140999999999622e+03
2.453965570619999897e+06 -1.935000000000000142e+01 6.564481999999999971e+03
2.453965570739999879e+06 -2.285999999999999943e+01 6.564233000000000175e+03
2.453965570869999938e+06 -2.585999999999999943e+01 6.563818000000000211e+03
2.453965570999999996e+06 -2.107999999999999829e+01 6.563639000000000124e+03
2.453965571140000131e+06 -1.741000000000000014e+01 6.563229999999999563e+03
2.453965571260000113e+06 -2.716000000000000014e+01 6.563375000000000000e+03
2.453965571390000172e+06 -2.814000000000000057e+01 6.563470999999999549e+03
2.453965571520000231e+06 -1.450999999999999979e+01 6.564240999999999985e+03
2.453965571659999900e+06 -1.894000000000000128e+01 6.564371000000000095e+03
2.453965571789999958e+06 -2.566000000000000014e+01 6.564216999999999643e+03
2.453965571909999941e+06 -2.378999999999999915e+01 6.563818000000000211e+03
2.453965572039999999e+06 -1.985999999999999943e+01 6.563654000000000451e+03
2.453965572170000058e+06 -2.589000000000000057e+01 6.564650999999999840e+03
2.453965572290000040e+06 -1.817000000000000171e+01 6.564412999999999556e+03
2.453965572420000099e+06 -1.758999999999999986e+01 6.564101999999999862e+03
2.453965572550000157e+06 -1.828000000000000114e+01 6.563801000000000386e+03
2.453965572689999826e+06 -2.546999999999999886e+01 6.564582000000000335e+03
2.453965572819999885e+06 -2.192999999999999972e+01 6.563930000000000291e+03
2.453965572939999867e+06 -1.630000000000000071e+01 6.564041000000000167e+03
2.453965573069999926e+06 -2.210000000000000142e+01 6.564015999999999622e+03
2.453965573199999984e+06 -2.017000000000000171e+01 6.564078000000000429e+03
2.453965573319999967e+06 -1.660999999999999943e+01 6.562971999999999753e+03
2.453965573450000025e+06 -2.671999999999999886e+01 6.563360999999999876e+03
2.453965573580000084e+06 -1.755000000000000071e+01 6.563671999999999571e+03
2.453965573710000142e+06 -2.242000000000000171e+01 6.564293999999999869e+03
2.453965573830000125e+06 -1.644999999999999929e+01 6.563529000000000451e+03
2.453965573969999794e+06 -2.060000000000000142e+01 6.563730999999999767e+03
2.453965574089999776e+06 -2.103999999999999915e+01 6.563828000000000429e+03
2.453965574229999911e+06 -1.850000000000000000e+01 6.564350999999999658e+03
2.453965574349999893e+06 -1.894999999999999929e+01 6.564414999999999964e+03
2.453965574479999952e+06 -1.939999999999999858e+01 6.563824999999999818e+03
2.453965574610000011e+06 -1.285999999999999943e+01 6.563650999999999840e+03
2.453965574750000145e+06 -2.216000000000000014e+01 6.563760000000000218e+03
2.453965574880000204e+06 -2.169000000000000128e+01 6.563162000000000262e+03
2.453965575000000186e+06 -1.728999999999999915e+01 6.563805000000000291e+03
2.453965575129999779e+06 -1.673000000000000043e+01 6.563744999999999891e+03
2.453965575259999838e+06 -1.585999999999999943e+01 6.564048999999999978e+03
2.453965575379999820e+06 -1.848999999999999844e+01 6.563720999999999549e+03
2.453965575509999879e+06 -1.493999999999999950e+01 6.563518000000000029e+03
2.453965575639999937e+06 -1.509999999999999964e+01 6.563572000000000116e+03
2.453965575769999996e+06 -1.546000000000000085e+01 6.563253999999999905e+03
2.453965575889999978e+06 -1.701999999999999957e+01 6.562270000000000437e+03
2.453965576020000037e+06 -1.744999999999999929e+01 6.563737000000000080e+03
2.453965576150000095e+06 -1.558999999999999986e+01 6.562953000000000429e+03
2.453965576290000230e+06 -1.482000000000000028e+01 6.563631000000000313e+03
2.453965576410000212e+06 -1.432000000000000028e+01 6.563823000000000320e+03
2.453965576539999805e+06 -1.619000000000000128e+01 6.563731999999999971e+03
2.453965576669999864e+06 -1.484999999999999964e+01 6.563828999999999724e+03
2.453965576799999923e+06 -1.812999999999999901e+01 6.563301000000000386e+03
2.453965576919999905e+06 -1.519999999999999929e+01 6.563703000000000429e+03
2.453965577049999963e+06 -1.434999999999999964e+01 6.563163999999999760e+03
2.453965577180000022e+06 -1.266999999999999993e+01 6.563625000000000000e+03
2.453965577310000081e+06 -1.601999999999999957e+01 6.564255000000000109e+03
2.453965577440000139e+06 -1.275000000000000000e+01 6.562890000000000327e+03
2.453965577570000198e+06 -1.610000000000000142e+01 6.563416000000000167e+03
2.453965577699999791e+06 -1.314000000000000057e+01 6.563136000000000422e+03
2.453965577839999925e+06 -1.344999999999999929e+01 6.563204999999999927e+03
2.453965577969999984e+06 -1.285999999999999943e+01 6.563543999999999869e+03
2.453965578089999966e+06 -1.193999999999999950e+01 6.563381999999999607e+03
2.453965578220000025e+06 -1.441999999999999993e+01 6.563635000000000218e+03
2.453965578350000083e+06 -1.233999999999999986e+01 6.562094000000000051e+03
2.453965578480000142e+06 -1.268999999999999950e+01 6.563917000000000371e+03
2.453965578600000124e+06 -1.380000000000000071e+01 6.563780999999999949e+03
2.453965578730000183e+06 -1.617000000000000171e+01 6.563447000000000116e+03
2.453965578859999776e+06 -1.374000000000000021e+01 6.563421000000000276e+03
2.453965578999999911e+06 -1.541999999999999993e+01 6.562667000000000371e+03
2.453965579119999893e+06 -8.676999999999999602e+00 6.563229999999999563e+03
2.453965579249999952e+06 -1.960999999999999943e+01 6.563738999999999578e+03
2.453965579380000010e+06 -1.185999999999999943e+01 6.563319000000000415e+03
2.453965579499999993e+06 -1.302999999999999936e+01 6.563596999999999753e+03
2.453965579630000051e+06 -1.523000000000000043e+01 6.563552999999999884e+03
2.453965579760000110e+06 -1.231000000000000050e+01 6.563560999999999694e+03
2.453965579890000168e+06 -1.513000000000000078e+01 6.563868000000000393e+03
2.453965580029999837e+06 -1.630999999999999872e+01 6.563083999999999833e+03
2.453965580149999820e+06 -1.146000000000000085e+01 6.563578999999999724e+03
2.453965580279999878e+06 -1.525999999999999979e+01 6.563738000000000284e+03
2.453965580420000013e+06 -1.225999999999999979e+01 6.563576000000000022e+03
2.453965580550000072e+06 -1.332000000000000028e+01 6.564204999999999927e+03
2.453965580670000054e+06 -1.250999999999999979e+01 6.563676999999999680e+03
2.453965580800000113e+06 -1.497000000000000064e+01 6.563277000000000044e+03
2.453965580939999782e+06 -1.181000000000000050e+01 6.564253999999999905e+03
2.453965581069999840e+06 -1.251999999999999957e+01 6.563529999999999745e+03
2.453965581189999823e+06 -1.708999999999999986e+01 6.563662000000000262e+03
2.453965581329999957e+06 -1.163000000000000078e+01 6.563420000000000073e+03
2.453965581460000016e+06 -1.361999999999999922e+01 6.563613000000000284e+03
2.453965581590000074e+06 -1.194999999999999929e+01 6.563440999999999804e+03
2.453965581720000133e+06 -1.253999999999999915e+01 6.563609000000000378e+03
