2453965.53868
2453965.53881
2453965.53896
2453965.53909
2453965.53924
2453965.53937
2453965.53949
2453965.53962
2453965.53975
2453965.53989
2453965.54002
2453965.54014
2453965.54027
2453965.54041
2453965.54054
2453965.54066
2453965.54079
2453965.54092
2453965.54105
2453965.54117
2453965.54131
2453965.54144
2453965.54157
2453965.54169
2453965.54182
2453965.54195
2453965.54208
2453965.5422
2453965.54234
2453965.54247
2453965.5426
2453965.54272
2453965.54285
2453965.54298
2453965.54311
2453965.54323
2453965.54336
2453965.54349
2453965.54362
2453965.54375
2453965.54388
2453965.54401
2453965.54414
2453965.54426
2453965.5444
2453965.54453
2453965.54466
2453965.54478
2453965.54491
2453965.54504
2453965.54517
2453965.54529
2453965.54542
2453965.54555
2453965.54568
2453965.5458
2453965.54594
2453965.54607
2453965.5462
2453965.54632
2453965.54645
2453965.54658
2453965.54671
2453965.54683
2453965.54697
2453965.5471
2453965.54723
2453965.54735
2453965.54748
2453965.54761
2453965.54774
2453965.54787
2453965.548
2453965.54813
2453965.54826
2453965.54838
2453965.54851
2453965.54864
2453965.54877
2453965.54889
2453965.54902
2453965.54915
2453965.54927
2453965.5494
2453965.54954
2453965.54967
2453965.5498
2453965.54992
2453965.55005
2453965.55018
2453965.5503
2453965.55043
2453965.55056
2453965.55069
2453965.55081
2453965.55094
2453965.55108
2453965.55121
2453965.55133
2453965.55146
2453965.55159
2453965.55172
2453965.55184
2453965.55198
2453965.55211
2453965.55224
2453965.55236
2453965.55249
2453965.55263
2453965.55276
2453965.55289
2453965.55301
2453965.55314
2453965.55327
2453965.55339
2453965.55352
2453965.55365
2453965.55379
2453965.55392
2453965.55404
2453965.55417
2453965.5543
2453965.55442
2453965.55455
2453965.55469
2453965.55482
2453965.55495
2453965.55507
2453965.5552
2453965.55533
2453965.55547
2453965.55559
2453965.55572
2453965.55585
2453965.55598
2453965.5561
2453965.55623
2453965.55636
2453965.5565
2453965.55662
2453965.55675
2453965.55688
2453965.55701
2453965.55713
2453965.55727
2453965.5574
2453965.55753
2453965.55765
2453965.55778
2453965.55791
2453965.55804
2453965.55816
2453965.55829
2453965.55842
2453965.55855
2453965.55867
2453965.5588
2453965.55894
2453965.55907
2453965.55919
2453965.55932
2453965.55945
2453965.55959
2453965.55971
2453965.55984
2453965.55997
2453965.5601
2453965.56022
2453965.56035
2453965.56049
2453965.56062
2453965.56074
2453965.56087
2453965.561
2453965.56113
2453965.56125
2453965.56138
2453965.56151
2453965.56165
2453965.56177
2453965.5619
2453965.56203
2453965.56216
2453965.56228
2453965.56241
2453965.56254
2453965.56267
2453965.56283
2453965.56297
2453965.56309
2453965.56322
2453965.56335
2453965.56349
2453965.56361
2453965.56375
2453965.56388
2453965.56401
2453965.56414
2453965.56426
2453965.56439
2453965.56453
2453965.56466
2453965.56478
2453965.56491
2453965.56504
2453965.56518
2453965.5653
2453965.56543
2453965.56556
2453965.56569
2453965.56585
2453965.56598
2453965.5661
2453965.56623
2453965.56636
2453965.56648
2453965.56661
2453965.56674
2453965.56687
2453965.56701
2453965.56713
2453965.56727
2453965.5674
2453965.56753
2453965.56765
2453965.56779
2453965.56792
2453965.56805
2453965.56817
2453965.5683
2453965.56843
2453965.56856
2453965.56868
2453965.56881
2453965.56894
2453965.56907
2453965.5692
2453965.56933
2453965.56946
2453965.56959
2453965.56971
2453965.56984
2453965.56997
2453965.5701
2453965.57022
2453965.57035
2453965.57049
2453965.57062
2453965.57074
2453965.57087
2453965.571
2453965.57114
2453965.57126
2453965.57139
2453965.57152
2453965.57166
2453965.57179
2453965.57191
2453965.57204
2453965.57217
2453965.57229
2453965.57242
2453965.57255
2453965.57269
2453965.57282
2453965.57294
2453965.57307
2453965.5732
2453965.57332
2453965.57345
2453965.57358
2453965.57371
2453965.57383
2453965.57397
2453965.57409
2453965.57423
2453965.57435
2453965.57448
2453965.57461
2453965.57475
2453965.57488
2453965.575
2453965.57513
2453965.57526
2453965.57538
2453965.57551
2453965.57564
2453965.57577
2453965.57589
2453965.57602
2453965.57615
2453965.57629
2453965.57641
2453965.57654
2453965.57667
2453965.5768
2453965.57692
2453965.57705
2453965.57718
2453965.57731
2453965.57744
2453965.57757
2453965.5777
2453965.57784
2453965.57797
2453965.57809
2453965.57822
2453965.57835
2453965.57848
2453965.5786
2453965.57873
2453965.57886
2453965.579
2453965.57912
2453965.57925
2453965.57938
2453965.5795
2453965.57963
2453965.57976
2453965.57989
2453965.58003
2453965.58015
2453965.58028
2453965.58042
2453965.58055
2453965.58067
2453965.5808
2453965.58094
2453965.58107
2453965.58119
2453965.58133
2453965.58146
2453965.58159
2453965.58172
2453965.58184
2453965.53868
