-0.021450 -0.037767
-0.021323 0.028167
-0.021172 0.000898
-0.021042 -0.006226
-0.020895 -0.011489
-0.020767 0.024474
-0.020640 0.015899
-0.020513 -0.009299
-0.020385 0.019771
-0.020247 0.011712
-0.020119 0.006256
-0.019992 -0.003286
-0.019865 -0.000850
-0.019726 0.015946
-0.019598 -0.011141
-0.019471 -0.015665
-0.019344 -0.015976
-0.019216 -0.020474
-0.019089 -0.011610
-0.018961 0.006747
-0.018823 -0.015817
-0.018696 0.004192
-0.018568 -0.009014
-0.018441 0.003984
-0.018314 -0.003950
-0.018186 -0.011770
-0.018059 0.014895
-0.017931 -0.012651
-0.017793 0.002759
-0.017666 0.025920
-0.017538 0.004450
-0.017411 0.010863
-0.017284 0.004111
-0.017156 0.010981
-0.017029 -0.019761
-0.016902 0.007880
-0.016774 0.001161
-0.016647 0.005831
-0.016519 -0.003384
-0.016381 -0.001399
-0.016254 -0.002162
-0.016126 -0.003331
-0.015999 -0.003232
-0.015871 0.021256
-0.015733 -0.000529
-0.015605 0.000376
-0.015477 -0.010494
-0.015351 -0.008281
-0.015224 -0.008158
-0.015096 0.016135
-0.014969 0.006518
-0.014842 -0.021605
-0.014714 0.008403
-0.014587 0.011380
-0.014459 0.017757
-0.014332 -0.003786
-0.014193 -0.011594
-0.014066 0.015555
-0.013939 0.011876
-0.013811 -0.025577
-0.013684 -0.012368
-0.013557 -0.003613
-0.013430 0.019766
-0.013302 -0.009322
-0.013163 -0.026328
-0.013036 0.021389
-0.012909 -0.017229
-0.012781 -0.005319
-0.012654 0.010564
-0.012526 0.010121
-0.012399 0.005605
-0.012261 0.013179
-0.012133 -0.010739
-0.012005 -0.001907
-0.011879 -0.018006
-0.011751 0.020324
-0.011624 -0.025841
-0.011497 -0.010765
-0.011369 -0.017907
-0.011242 0.016321
-0.011115 -0.000681
-0.010987 -0.001617
-0.010860 0.007692
-0.010733 -0.022201
-0.010594 -0.001108
-0.010467 0.013668
-0.010339 -0.016554
-0.010212 -0.007601
-0.010085 0.016357
-0.009957 0.004049
-0.009830 -0.007882
-0.009703 -0.001985
-0.009576 0.016351
-0.009448 -0.005565
-0.009321 -0.006491
-0.009193 0.032038
-0.009055 -0.003419
-0.008927 0.024219
-0.008800 0.000077
-0.008673 0.019013
-0.008545 0.016603
-0.008418 0.016861
-0.008291 -0.005356
-0.008152 0.016423
-0.008025 0.005599
-0.007897 0.008332
-0.007770 0.007955
-0.007642 0.007194
-0.007504 0.014258
-0.007376 -0.027236
-0.007249 -0.001889
-0.007122 -0.008008
-0.006995 0.000055
-0.006867 -0.007783
-0.006740 -0.028932
-0.006613 -0.046510
-0.006485 0.021157
-0.006347 0.016787
-0.006219 -0.021148
-0.006092 -0.016514
-0.005965 -0.005836
-0.005837 -0.021100
-0.005710 0.017838
-0.005583 -0.032143
-0.005444 -0.036921
-0.005316 -0.020507
-0.005189 0.015200
-0.005061 0.008928
-0.004934 0.028411
-0.004807 -0.017449
-0.004668 -0.008046
-0.004541 0.012855
-0.004414 -0.017111
-0.004286 -0.007049
-0.004159 0.011904
-0.004032 -0.003468
-0.003904 0.013866
-0.003777 -0.008517
-0.003638 -0.013367
-0.003511 0.009210
-0.003384 -0.040347
-0.003256 0.029110
-0.003129 0.043226
-0.003001 -0.006572
-0.002863 -0.007278
-0.002735 0.017875
-0.002608 -0.010522
-0.002481 -0.010322
-0.002353 0.027836
-0.002226 0.004040
-0.002099 0.011841
-0.001972 -0.037020
-0.001844 0.025157
-0.001717 0.014688
-0.001589 0.028168
-0.001462 -0.010954
-0.001335 0.022005
-0.001196 -0.005674
-0.001069 0.028843
-0.000942 0.009656
-0.000814 0.007117
-0.000687 -0.021321
-0.000548 -0.016823
-0.000421 -0.044294
-0.000293 0.025703
-0.000166 0.060145
-0.000039 -0.004453
0.000089 -0.007462
0.000216 -0.019327
0.000355 0.020291
0.000482 0.000586
0.000609 0.036856
0.000737 0.008713
0.000864 0.022855
0.000991 0.048302
0.001119 -0.016090
0.001246 -0.016843
0.001374 0.037880
0.001512 -0.001423
0.001639 -0.022283
0.001767 0.033646
0.001895 -0.008616
0.002021 -0.011876
0.002149 -0.050663
0.002276 0.012869
0.002403 -0.044508
0.002531 -0.025566
0.002693 -0.062962
0.002831 -0.012736
0.002959 -0.048275
0.003086 -0.020460
0.003214 0.004549
0.003352 -0.013128
0.003480 -0.000932
0.003619 0.020942
0.003746 -0.001445
0.003873 0.012981
0.004001 -0.018423
0.004128 -0.000115
0.004255 -0.027122
0.004394 -0.007275
0.004521 -0.039039
0.004650 -0.036911
0.004776 -0.032044
0.004904 0.005265
0.005042 0.030348
0.005169 0.008329
0.005297 -0.022724
0.005424 0.027576
0.005551 0.065431
0.005713 -0.018339
0.005841 0.002716
0.005968 0.009482
0.006095 0.015662
0.006223 -0.010547
0.006350 -0.007246
0.006477 -0.026661
0.006605 0.004330
0.006735 0.055889
0.006871 -0.045611
0.006998 0.010647
0.007137 0.013204
0.007264 0.024510
0.007392 0.011250
0.007519 0.012038
0.007658 0.037142
0.007785 0.082196
0.007912 -0.009239
0.008040 0.004659
0.008167 0.010840
0.008294 0.047176
0.008422 0.054166
0.008549 0.010282
0.008676 0.017051
0.008804 0.017966
0.008931 0.074173
0.009070 -0.034673
0.009197 -0.013483
0.009324 0.056798
0.009452 0.008729
0.009579 -0.047855
0.009706 -0.043790
0.009834 -0.041258
0.009961 -0.020796
0.010088 -0.004823
0.010218 -0.010604
0.010354 -0.079590
0.010482 0.018465
0.010609 0.011653
0.010737 0.043727
0.010864 -0.025908
0.011003 -0.034531
0.011130 -0.028292
0.011258 -0.073715
0.011385 -0.022700
0.011523 -0.039576
0.011651 0.063429
0.011778 -0.046382
0.011905 -0.033282
0.012033 -0.020395
0.012160 -0.010710
0.012288 0.015036
0.012415 0.019716
0.012554 -0.060421
0.012681 0.015847
0.012808 -0.031503
0.012935 -0.009025
0.013063 -0.028916
0.013190 0.012196
0.013317 -0.045002
0.013445 -0.006922
0.013572 0.016048
0.013700 0.064589
0.013838 0.025235
0.013954 0.008625
0.014093 0.040814
0.014220 0.015173
0.014347 0.037463
0.014475 0.037534
0.014614 0.039453
0.014741 -0.006094
0.014868 0.032812
0.014996 0.042735
0.015123 -0.029176
0.015250 -0.016522
0.015377 -0.062688
0.015505 0.020330
0.015632 0.065994
0.015760 0.038019
0.015887 0.017634
0.016014 0.000066
0.016153 -0.051674
0.016280 0.001863
0.016407 0.011311
0.016535 0.060601
0.016662 -0.025332
0.016790 -0.017267
0.016917 -0.033066
0.017044 0.012489
0.017172 0.016018
0.017310 -0.032204
0.017437 -0.026099
0.017565 -0.017524
0.017704 0.000068
0.017831 -0.010883
0.017958 0.003997
0.018086 0.018740
0.018213 -0.074264
0.018341 -0.046023
0.018468 -0.003896
0.018595 0.007532
0.018723 -0.001581
0.018861 0.024291
0.018989 0.019913
0.019116 0.007784
0.019244 -0.022062
0.019370 -0.007486
0.019498 -0.023392
0.019625 -0.000954
0.019753 0.004141
0.019891 0.032132
0.020018 0.016820
0.020146 -0.012905
0.020285 0.006260
0.020412 0.001980
0.020539 0.048932
0.020667 0.008138
0.020805 0.040363
0.020933 -0.023793
0.021060 0.000175
0.021199 -0.016835
0.021327 -0.023092
0.021454 -0.006142
