# HJD Ha red yellow Hb He2 blue
2453965.53868 18.06 12.99 11.53 11.44 13.32 7.69
2453965.53881 12.11 9.91 11.03 6.84 10.35 8.51
2453965.53896 15.04 12.78 13.51 13.34 11.61 7.35
2453965.53909 10.57 12.48 12.34 8.74 12.36 7.70
2453965.53924 13.26 11.66 11.75 9.77 16.98 8.89
2453965.53937 12.86 11.47 10.70 9.33 8.22 7.67
2453965.53949 14.75 11.08 11.65 9.02 15.73 8.89
2453965.53962 15.82 11.68 10.93 11.10 19.09 8.87
2453965.53975 12.31 13.49 12.62 13.78 11.50 10.15
2453965.53989 10.95 11.77 11.59 7.22 9.26 9.08
2453965.54002 18.37 10.03 11.21 9.93 11.65 8.51
2453965.54014 22.45 10.06 10.63 8.15 9.73 6.76
2453965.54027 15.74 14.62 13.20 15.24 14.56 7.93
2453965.54041 16.91 11.59 12.46 11.82 16.94 8.73
2453965.54054 14.53 14.58 12.77 12.29 13.90 8.94
2453965.54066 15.63 14.94 12.79 9.66 13.80 10.59
2453965.54079 12.74 13.12 14.26 8.74 12.36 8.79
2453965.54092 14.83 13.07 10.49 14.84 10.87 10.38
2453965.54105 13.95 14.74 12.82 11.78 11.92 10.11
2453965.54117 14.80 15.54 13.20 11.13 11.95 8.51
2453965.54131 16.53 11.58 12.56 10.12 10.48 11.03
2453965.54144 11.04 13.62 14.17 8.98 10.85 9.01
2453965.54157 16.85 14.72 14.34 11.12 12.35 11.43
2453965.54169 11.86 13.59 14.12 13.73 12.74 8.79
2453965.54182 17.09 14.89 13.60 11.04 11.07 9.55
2453965.54195 13.68 12.49 12.53 11.31 25.07 8.58
2453965.54208 11.86 11.95 13.88 12.24 10.10 8.19
2453965.5422 16.40 12.45 11.76 8.80 13.32 9.11
2453965.54234 11.54 11.42 10.12 7.69 17.00 9.92
2453965.54247 12.95 11.03 11.11 10.54 9.43 8.67
2453965.5426 14.06 12.39 12.07 9.78 15.94 8.99
2453965.54272 25.08 11.18 11.91 7.14 11.01 8.01
2453965.54285 15.54 14.66 12.36 9.12 10.37 10.04
2453965.54298 18.37 10.36 10.78 11.09 8.84 9.29
2453965.54311 14.44 14.33 11.41 9.00 11.93 10.54
2453965.54323 14.42 12.22 11.33 12.58 16.13 8.34
2453965.54336 21.64 11.54 10.96 8.22 12.09 7.51
2453965.54349 20.68 11.13 11.42 9.45 14.19 6.99
2453965.54362 15.68 12.33 11.42 9.03 14.09 7.96
2453965.54375 17.30 11.27 10.56 8.66 13.76 9.20
2453965.54388 13.09 14.44 13.30 8.91 11.80 8.49
2453965.54401 14.35 12.63 14.47 9.24 11.80 9.08
2453965.54414 15.84 12.54 11.05 9.93 12.67 10.37
2453965.54426 12.12 12.46 10.00 9.10 10.19 8.50
2453965.5444 20.61 12.25 12.23 8.64 12.82 8.12
2453965.54453 18.29 12.18 12.62 11.98 11.74 10.73
2453965.54466 11.57 14.55 15.05 8.83 20.10 9.83
2453965.54478 17.45 14.78 12.93 8.89 17.62 9.50
2453965.54491 16.58 13.70 11.59 12.19 11.14 9.25
2453965.54504 17.58 12.06 10.38 9.87 11.29 7.96
2453965.54517 17.36 10.63 11.54 12.81 11.39 6.92
2453965.54529 11.17 12.74 15.94 14.73 15.02 8.51
2453965.54542 20.25 15.14 14.25 9.75 14.77 9.48
2453965.54555 15.09 11.94 11.73 9.14 13.12 7.52
2453965.54568 14.55 10.99 11.23 7.48 13.36 7.60
2453965.5458 19.21 13.49 12.24 8.32 12.03 7.95
2453965.54594 18.63 13.78 13.16 12.20 19.09 8.29
2453965.54607 15.13 12.43 11.66 11.42 10.48 7.88
2453965.5462 23.20 10.44 9.23 8.14 10.52 7.48
2453965.54632 13.64 13.35 13.14 11.93 14.74 7.97
2453965.54645 15.47 13.36 12.84 11.95 12.52 11.27
2453965.54658 12.14 12.80 13.56 11.18 12.09 8.66
2453965.54671 21.64 13.74 11.22 13.33 12.45 8.60
2453965.54683 12.98 12.01 10.51 10.32 15.99 8.76
2453965.54697 13.40 13.49 15.65 10.69 11.54 9.64
2453965.5471 15.38 13.90 13.21 10.66 19.99 8.27
2453965.54723 19.20 16.32 13.42 15.19 12.12 10.30
2453965.54735 18.90 11.22 10.67 11.23 17.03 9.58
2453965.54748 20.27 14.48 13.51 12.58 14.01 10.13
2453965.54761 12.41 12.06 10.23 10.07 11.40 8.36
2453965.54774 14.63 14.82 12.74 14.72 11.59 9.65
2453965.54787 15.51 12.75 11.27 9.62 9.51 8.28
2453965.548 14.45 13.70 11.81 7.92 11.44 8.13
2453965.54813 13.90 13.85 11.65 12.39 19.64 10.33
2453965.54826 15.11 13.47 12.85 10.22 13.44 7.48
2453965.54838 13.42 11.09 10.34 6.89 10.95 7.72
2453965.54851 15.38 14.91 13.18 12.07 10.32 10.56
2453965.54864 17.62 13.42 12.11 10.65 12.11 8.76
2453965.54877 16.03 12.50 11.70 11.29 19.99 8.17
2453965.54889 12.08 12.28 11.35 12.08 12.54 7.21
2453965.54902 12.47 12.49 13.21 10.56 9.62 9.29
2453965.54915 15.71 10.82 13.36 9.90 12.53 8.62
2453965.54927 21.70 13.65 12.59 7.95 12.44 8.88
2453965.5494 11.61 13.81 14.85 10.33 11.27 10.82
2453965.54954 11.57 13.51 11.37 13.35 11.03 10.21
2453965.54967 31.02 12.80 13.87 8.40 12.43 10.58
2453965.5498 9.99 12.22 11.03 12.85 12.74 9.67
2453965.54992 14.29 12.45 14.17 2.57 13.65 9.32
2453965.55005 13.07 13.79 12.24 12.41 14.96 7.50
2453965.55018 17.61 12.20 15.16 9.83 11.39 9.35
2453965.5503 13.75 15.99 13.95 9.58 14.66 11.39
2453965.55043 15.62 11.19 12.78 8.69 13.38 8.67
2453965.55056 17.47 14.68 14.90 11.56 16.80 10.02
2453965.55069 12.87 12.52 11.77 11.60 14.37 7.05
2453965.55081 14.84 15.37 13.96 11.33 12.15 9.22
2453965.55094 18.94 13.44 11.94 16.45 18.71 9.53
2453965.55108 12.55 14.17 13.88 10.73 16.30 11.18
2453965.55121 13.17 13.84 13.60 13.03 12.45 8.72
2453965.55133 15.50 12.55 12.96 9.06 15.73 8.96
2453965.55146 13.75 9.35 9.66 12.59 18.26 7.45
2453965.55159 15.35 10.91 12.82 14.81 10.72 8.02
2453965.55172 19.75 11.41 13.66 15.42 14.15 9.15
2453965.55184 19.89 13.70 12.93 9.94 11.04 10.62
2453965.55198 17.51 15.26 12.99 9.13 13.34 8.50
2453965.55211 20.68 12.43 12.39 15.29 18.44 8.31
2453965.55224 19.63 16.04 14.57 18.33 12.14 11.33
2453965.55236 14.37 14.44 11.60 10.10 12.87 9.39
2453965.55249 20.22 14.96 11.96 15.63 12.98 8.50
2453965.55263 17.36 13.48 13.39 11.16 12.14 9.23
2453965.55276 14.89 11.77 12.61 8.08 12.96 8.44
2453965.55289 12.50 13.92 12.13 11.25 15.40 9.51
2453965.55301 20.99 10.93 13.89 14.92 16.44 9.96
2453965.55314 14.12 11.17 10.13 8.49 13.36 8.47
2453965.55327 13.57 12.92 12.96 11.24 25.06 9.56
2453965.55339 15.41 14.87 13.40 11.51 12.67 9.30
2453965.55352 15.02 13.00 15.25 11.19 12.57 11.90
2453965.55365 14.36 15.33 19.67 14.41 10.58 8.63
2453965.55379 19.32 14.53 11.61 13.15 23.96 8.47
2453965.55392 17.56 15.29 13.02 14.83 21.92 10.72
2453965.55404 18.54 14.01 14.17 13.66 11.02 10.46
2453965.55417 16.79 14.13 16.95 9.39 16.40 9.72
2453965.5543 16.85 13.04 13.19 12.72 14.10 8.29
2453965.55442 12.83 9.69 10.05 10.45 12.33 8.81
2453965.55455 13.93 15.49 9.85 12.10 11.66 8.13
2453965.55469 22.19 11.09 12.70 9.50 12.82 8.43
2453965.55482 22.02 13.75 14.06 12.29 11.29 9.26
2453965.55495 19.46 15.57 10.93 10.34 11.78 8.81
2453965.55507 25.24 16.64 13.05 18.16 14.11 10.16
2453965.5552 15.33 11.20 13.02 11.48 13.61 8.47
2453965.55533 15.93 12.06 12.42 11.68 13.17 10.67
2453965.55547 21.44 13.56 12.20 13.09 15.54 9.56
2453965.55559 13.44 10.95 10.21 9.70 11.59 7.67
2453965.55572 12.57 10.37 8.65 10.50 13.04 7.98
2453965.55585 16.84 12.51 12.58 11.07 14.05 8.65
2453965.55598 18.43 16.41 14.89 16.28 15.06 8.75
2453965.5561 22.62 15.39 13.69 19.56 11.68 9.64
2453965.55623 18.73 13.66 12.26 14.95 8.59 8.81
2453965.55636 18.66 11.09 12.16 12.89 14.80 8.40
2453965.5565 20.43 13.22 14.66 12.05 13.40 9.58
2453965.55662 20.65 11.21 9.39 11.88 11.80 6.97
2453965.55675 24.60 9.35 10.79 15.95 8.90 8.05
2453965.55688 20.74 10.52 11.75 8.95 10.48 8.22
2453965.55701 29.07 12.96 11.43 11.43 26.66 8.54
2453965.55713 15.57 8.09 8.06 10.70 14.21 5.64
2453965.55727 13.88 10.11 8.49 9.24 4.14 7.16
2453965.5574 19.91 11.40 12.43 14.91 14.32 7.89
2453965.55753 22.26 9.74 12.19 10.97 15.62 8.99
2453965.55765 13.21 8.69 9.48 9.36 17.92 7.54
2453965.55778 14.63 8.78 7.62 8.83 11.02 7.32
2453965.55791 11.02 7.78 8.51 8.84 7.99 5.78
2453965.55804 10.09 6.62 6.99 5.74 7.80 5.22
2453965.55816 15.96 8.39 9.69 9.45 12.88 9.17
2453965.55829 17.15 12.65 9.75 10.91 12.95 8.21
2453965.55842 32.39 10.03 10.01 7.82 11.05 6.73
2453965.55855 19.35 8.50 7.56 8.87 6.91 6.36
2453965.55867 23.54 10.49 9.04 11.07 14.12 6.75
2453965.5588 16.38 8.62 7.90 12.00 10.82 7.11
2453965.55894 13.58 9.97 9.86 9.89 9.73 2.33
2453965.55907 12.09 8.68 8.08 7.93 7.38 6.75
2453965.55919 15.60 8.26 7.41 8.55 13.19 5.52
2453965.55932 14.37 9.17 8.98 9.03 14.05 7.26
2453965.55945 9.94 8.92 8.51 11.49 9.27 7.66
2453965.55959 18.54 7.79 9.47 7.63 12.80 6.40
2453965.55971 17.62 8.68 8.54 10.75 9.84 7.54
2453965.55984 14.71 7.38 6.67 6.54 6.23 5.34
2453965.55997 9.48 6.34 5.74 5.52 6.94 3.73
2453965.5601 11.75 8.17 7.97 8.74 9.84 4.86
2453965.56022 9.37 7.71 6.34 9.08 7.71 4.04
2453965.56035 7.61 9.90 6.84 5.44 6.49 4.21
2453965.56049 21.31 6.94 7.42 5.31 8.16 5.53
2453965.56062 15.59 8.69 6.41 7.52 10.05 5.42
2453965.56074 11.11 7.00 7.33 6.17 7.89 3.37
2453965.56087 23.72 8.72 7.53 7.54 11.46 4.52
2453965.561 13.49 7.64 5.56 5.50 6.79 3.71
2453965.56113 12.99 7.28 7.44 5.13 6.03 3.67
2453965.56125 13.77 7.55 6.50 7.71 8.09 4.84
2453965.56138 18.51 6.47 5.45 5.62 7.15 3.60
2453965.56151 10.87 8.08 6.87 5.85 5.68 4.58
2453965.56165 12.46 4.79 6.84 7.95 11.32 4.51
2453965.56177 13.29 7.44 6.69 6.41 6.69 4.14
2453965.5619 13.64 5.81 5.18 5.39 5.03 3.23
2453965.56203 14.03 7.22 5.99 8.17 7.26 4.47
2453965.56216 10.76 7.54 6.34 7.47 5.41 2.33
2453965.56228 12.30 9.45 6.86 5.55 10.26 4.03
2453965.56241 16.60 6.70 6.29 6.14 6.66 3.39
2453965.56254 14.86 6.76 5.55 7.36 6.61 4.33
2453965.56267 12.22 8.33 6.13 4.71 6.36 3.99
2453965.56283 11.05 6.62 5.43 6.78 7.36 4.28
2453965.56297 11.30 5.28 4.89 3.95 9.63 2.91
2453965.56309 14.41 7.16 4.97 6.90 6.03 2.95
2453965.56322 8.53 7.14 6.72 5.97 7.68 4.12
2453965.56335 11.59 5.95 4.54 5.45 5.99 3.06
2453965.56349 11.04 6.85 5.67 5.24 6.17 3.52
2453965.56361 15.92 8.00 5.72 6.91 4.65 3.94
2453965.56375 11.18 6.31 5.57 5.65 7.39 3.32
2453965.56388 16.03 7.58 5.60 4.64 8.27 3.50
2453965.56401 12.14 6.69 5.30 3.63 6.52 3.23
2453965.56414 9.49 6.59 4.84 4.18 7.75 3.92
2453965.56426 14.08 6.73 4.92 4.35 4.40 2.94
2453965.56439 14.07 6.36 4.95 4.77 5.80 3.48
2453965.56453 11.49 6.65 4.84 7.33 7.95 3.18
2453965.56466 9.14 3.97 3.48 3.90 4.55 2.27
2453965.56478 11.33 4.59 5.13 4.20 9.74 3.16
2453965.56491 13.29 5.48 4.52 4.97 8.10 2.62
2453965.56504 10.48 4.65 5.51 4.89 6.97 2.41
2453965.56518 15.09 4.65 3.78 4.42 4.12 0.54
2453965.5653 9.15 5.33 5.18 4.25 6.35 2.74
2453965.56543 7.99 4.69 4.08 4.14 5.40 2.01
2453965.56556 13.10 5.62 4.02 3.79 5.45 2.33
2453965.56569 13.94 4.66 4.19 5.37 6.34 2.44
2453965.56585 10.18 4.30 3.68 5.42 3.82 2.05
2453965.56598 18.91 5.98 5.06 5.03 5.97 2.58
2453965.5661 10.23 4.90 3.51 3.86 5.38 2.13
2453965.56623 10.57 5.44 3.51 1.89 5.12 2.11
2453965.56636 14.72 1.47 4.37 4.41 5.78 0.40
2453965.56648 12.12 5.73 3.85 4.97 6.69 2.51
2453965.56661 5.85 3.98 3.50 3.01 3.22 1.58
2453965.56674 10.10 4.85 4.34 4.59 5.60 2.85
2453965.56687 10.69 4.21 3.98 4.73 4.76 2.13
2453965.56701 9.66 3.88 3.28 2.96 2.78 1.81
2453965.56713 12.58 4.44 3.80 4.72 4.88 1.59
2453965.56727 10.44 5.18 3.96 4.06 5.87 2.43
2453965.5674 10.15 5.14 1.28 4.69 6.00 2.11
2453965.56753 10.50 4.19 2.99 3.74 6.05 2.08
2453965.56765 10.78 5.22 3.80 5.24 4.95 2.25
2453965.56779 12.01 4.47 3.57 3.90 5.45 1.86
2453965.56792 11.78 4.34 3.44 3.56 5.88 2.26
2453965.56805 11.76 4.89 4.34 4.97 4.51 2.28
2453965.56817 12.16 4.97 4.47 3.18 4.20 2.03
2453965.5683 9.80 3.96 3.35 3.19 2.99 1.99
2453965.56843 11.71 4.66 3.54 4.18 5.22 2.21
2453965.56856 12.65 3.45 2.04 3.49 4.49 1.59
2453965.56868 10.49 4.48 3.26 4.33 6.49 1.63
2453965.56881 10.23 4.55 4.09 2.39 8.74 2.39
2453965.56894 10.34 4.73 3.45 4.63 3.76 2.24
2453965.56907 9.38 4.98 4.15 3.91 4.38 2.43
2453965.5692 10.44 4.81 3.62 4.32 3.31 2.14
2453965.56933 8.12 4.14 3.88 4.09 5.83 2.14
2453965.56946 14.52 6.14 4.40 5.66 4.77 2.66
2453965.56959 10.97 4.68 3.86 6.86 5.19 2.18
2453965.56971 11.27 5.36 4.46 4.03 3.91 2.91
2453965.56984 11.62 5.31 3.94 4.13 7.38 2.15
2453965.56997 14.45 5.44 1.69 3.95 5.06 2.97
2453965.5701 10.58 5.34 3.99 5.58 5.34 2.62
2453965.57022 12.63 5.26 4.54 4.91 5.02 2.62
2453965.57035 7.49 6.05 4.12 3.55 3.20 2.23
2453965.57049 11.40 5.38 4.44 4.64 6.23 2.77
2453965.57062 10.02 5.16 3.78 3.97 4.34 2.62
2453965.57074 8.48 6.66 4.67 4.77 8.26 3.63
2453965.57087 13.02 4.67 4.13 4.05 7.20 2.09
2453965.571 12.89 6.17 5.11 4.76 8.15 3.08
2453965.57114 9.45 5.61 5.22 5.25 4.65 3.38
2453965.57126 15.29 5.98 4.64 4.84 6.83 3.53
2453965.57139 15.32 6.83 4.49 6.89 7.29 2.75
2453965.57152 11.30 4.89 3.50 3.69 5.31 2.43
2453965.57166 10.43 5.55 5.45 4.23 4.95 2.88
2453965.57179 10.55 6.13 4.59 5.79 5.44 3.56
2453965.57191 8.83 5.67 4.58 5.84 4.64 3.28
2453965.57204 10.94 5.91 4.89 4.02 7.04 3.71
2453965.57217 10.59 5.38 3.93 4.30 4.06 2.64
2453965.57229 11.33 6.42 4.79 4.44 5.07 3.13
2453965.57242 18.57 5.70 4.79 4.43 7.31 3.08
2453965.57255 9.01 5.32 4.38 4.81 3.90 2.77
2453965.57269 10.06 5.96 3.73 5.42 5.60 2.82
2453965.57282 11.04 5.66 5.35 2.80 5.27 3.50
2453965.57294 15.31 6.49 5.85 4.43 6.58 4.30
2453965.57307 12.25 6.46 5.00 6.17 6.48 3.16
2453965.5732 15.01 7.50 5.42 6.73 8.55 3.64
2453965.57332 13.73 4.36 3.63 3.99 5.46 2.23
2453965.57345 12.01 6.55 5.52 7.59 6.21 3.88
2453965.57358 11.42 6.40 5.98 7.87 6.07 4.48
2453965.57371 15.07 7.81 4.87 5.60 7.31 3.66
2453965.57383 12.38 6.15 5.15 5.88 7.59 3.54
2453965.57397 11.82 5.79 5.17 6.50 5.58 3.79
2453965.57409 11.70 5.67 4.80 6.70 5.88 3.76
2453965.57423 14.67 7.26 4.44 5.15 5.79 3.52
2453965.57435 10.32 5.81 4.88 4.56 7.38 3.70
2453965.57448 14.80 6.11 4.91 5.30 7.31 4.17
2453965.57461 8.62 6.05 5.03 8.08 7.43 3.74
2453965.57475 13.95 5.79 5.54 5.14 6.43 3.20
2453965.57488 15.06 6.19 5.65 5.97 8.38 3.86
2453965.575 12.25 6.52 6.65 6.16 9.83 3.92
2453965.57513 9.94 7.28 5.01 4.72 5.33 3.77
2453965.57526 18.08 5.97 5.64 5.69 9.96 4.02
2453965.57538 8.91 5.02 5.20 5.49 6.99 3.37
2453965.57551 9.45 6.20 5.53 6.58 7.71 3.85
2453965.57564 12.44 5.63 5.06 6.16 7.52 3.04
2453965.57577 7.79 5.77 5.62 5.04 4.66 3.59
2453965.57589 10.08 5.85 4.94 4.37 5.64 0.53
2453965.57602 12.83 6.58 4.59 6.57 11.61 3.50
2453965.57615 15.11 6.19 5.37 4.06 8.34 3.95
2453965.57629 14.42 7.90 7.71 7.34 8.10 5.09
2453965.57641 15.75 7.04 6.26 7.66 8.18 5.78
2453965.57654 20.02 6.87 5.88 6.55 6.79 4.04
2453965.57667 12.40 6.12 5.77 3.81 7.34 3.03
2453965.5768 13.21 6.83 5.81 6.51 9.68 3.24
2453965.57692 13.15 6.63 5.87 5.45 7.41 4.34
2453965.57705 11.68 6.17 5.42 5.86 5.32 3.51
2453965.57718 11.89 6.53 6.27 7.87 7.41 4.99
2453965.57731 12.87 6.08 5.27 7.28 9.57 4.33
2453965.57744 14.12 6.61 5.33 5.31 7.88 4.08
2453965.57757 12.27 6.90 6.27 6.28 8.12 3.93
2453965.5777 9.13 7.07 6.09 5.65 9.72 4.15
2453965.57784 16.73 5.85 4.67 4.97 5.22 3.66
2453965.57797 10.27 6.01 5.46 4.94 11.63 4.06
2453965.57809 14.81 6.69 5.07 8.77 11.45 3.80
2453965.57822 9.94 5.92 4.44 6.04 7.91 3.21
2453965.57835 10.75 4.97 5.06 6.64 7.88 3.84
2453965.57848 13.78 6.54 5.83 6.28 6.32 4.24
2453965.5786 18.49 9.25 8.36 7.65 15.41 4.97
2453965.57873 15.00 8.89 6.90 6.56 10.48 4.89
2453965.57886 16.65 8.16 6.84 8.02 9.43 5.03
2453965.579 9.63 7.56 2.95 7.49 10.07 4.37
2453965.57912 14.49 8.49 8.20 7.93 9.91 6.29
2453965.57925 9.89 7.77 6.12 5.57 8.80 4.26
2453965.57938 12.86 9.07 6.37 6.79 9.09 5.26
2453965.5795 12.75 8.13 6.92 7.24 9.63 3.90
2453965.57963 17.47 8.27 6.45 8.24 8.13 5.53
2453965.57976 13.93 7.45 8.20 10.83 7.57 4.66
2453965.57989 21.96 6.99 5.78 6.16 8.99 4.71
2453965.58003 14.30 7.47 7.26 7.44 15.75 4.13
2453965.58015 10.39 9.33 7.84 8.90 11.35 4.45
2453965.58028 11.80 8.04 6.28 9.99 6.52 4.40
2453965.58042 24.54 9.63 8.67 7.82 5.57 4.96
2453965.58055 15.32 8.82 8.30 8.92 7.81 5.92
2453965.58067 13.01 8.65 8.18 7.48 6.74 5.35
2453965.5808 15.43 8.67 7.21 5.73 15.80 5.02
2453965.58094 14.25 10.04 7.06 6.69 6.57 5.33
2453965.58107 16.71 9.78 9.99 9.78 9.97 6.91
2453965.58119 15.11 9.17 6.38 6.49 6.70 4.68
2453965.58133 11.51 9.34 8.11 6.30 6.07 5.56
2453965.58146 13.32 8.05 8.07 7.72 6.05 5.09
2453965.58159 10.89 7.85 7.92 9.19 8.34 6.24
2453965.58172 15.67 7.38 5.94 6.29 7.03 4.86
2453965.58184 0.30 0.03 0.04 -0.12 0.60 0.37
