2.453965538684280124e+06 1.270532276105847913e+01
2.453965538811939768e+06 1.268065451579927227e+01
2.453965538962049875e+06 1.269567630710904460e+01
2.453965539092489984e+06 1.270495665209786118e+01
2.453965539239820093e+06 1.270164906087021883e+01
2.453965539367130026e+06 1.271714853394091627e+01
2.453965539494439960e+06 1.268416053092355611e+01
2.453965539621749893e+06 1.271648379944651630e+01
2.453965539749410003e+06 1.272649723717034931e+01
2.453965539887949824e+06 1.270963014578616601e+01
2.453965540015379898e+06 1.270370498397539194e+01
2.453965540142689832e+06 1.273964174847002973e+01
2.453965540270000231e+06 1.277045412169108118e+01
2.453965540408770088e+06 1.271752953134651065e+01
2.453965540536080021e+06 1.272789007463756761e+01
2.453965540663510095e+06 1.282744543219985900e+01
2.453965540790820029e+06 1.274646873053744045e+01
2.453965540918129962e+06 1.276957825118456569e+01
2.453965541045669932e+06 1.275846378715091234e+01
2.453965541173680220e+06 1.276073010134329522e+01
2.453965541311869863e+06 1.276506213528769251e+01
2.453965541438950226e+06 1.275375327806648329e+01
2.453965541566260159e+06 1.278050778740248106e+01
2.453965541693449952e+06 1.274738209081806772e+01
2.453965541820880026e+06 1.281330843359435079e+01
2.453965541948310100e+06 1.279774308935927074e+01
2.453965542075729929e+06 1.278476402285255986e+01
2.453965542203039862e+06 1.278440110736467794e+01
2.453965542341580149e+06 1.280395163538423731e+01
2.453965542468890082e+06 1.279859937474706655e+01
2.453965542596200015e+06 1.281190297323285066e+01
2.453965542723630089e+06 1.278859984695103158e+01
2.453965542850940023e+06 1.278639967476984118e+01
2.453965542978140060e+06 1.279271338114062928e+01
2.453965543105449993e+06 1.282175922553933489e+01
2.453965543232759926e+06 1.282647748015629041e+01
2.453965543360420037e+06 1.284258798895273124e+01
2.453965543487729970e+06 1.278819296500175540e+01
2.453965543615039904e+06 1.278729675882407690e+01
2.453965543753690086e+06 1.273468436559644879e+01
2.453965543880890124e+06 1.279703022969949266e+01
2.453965544008200057e+06 1.281036746832318229e+01
2.453965544135860167e+06 1.278192656771221891e+01
2.453965544263170101e+06 1.275125057542597418e+01
2.453965544401709922e+06 1.277117171270178808e+01
2.453965544529019855e+06 1.276414807309400956e+01
2.453965544657019898e+06 1.278442039925919005e+01
2.453965544783640187e+06 1.276788252308509009e+01
2.453965544910950121e+06 1.279325056662519344e+01
2.453965545038380194e+06 1.277509250890970627e+01
2.453965545165690128e+06 1.277397787865893974e+01
2.453965545292890165e+06 1.280556595138557086e+01
2.453965545420549810e+06 1.274371969500704438e+01
2.453965545547860209e+06 1.275055815286090066e+01
2.453965545675170142e+06 1.278857440140383517e+01
2.453965545802480076e+06 1.275975368601302762e+01
2.453965545941019896e+06 1.276134108220400343e+01
2.453965546068329830e+06 1.280865806779890548e+01
2.453965546195640229e+06 1.279200127613474791e+01
2.453965546323069837e+06 1.277637594735085003e+01
2.453965546450379770e+06 1.281553382547886599e+01
2.453965546577690169e+06 1.275325167429007145e+01
2.453965546705000103e+06 1.278079990664085130e+01
2.453965546832540073e+06 1.277148456182384351e+01
2.453965546971079893e+06 1.279827469617874769e+01
2.453965547098509967e+06 1.277317908594691254e+01
2.453965547225819901e+06 1.277196855929900288e+01
2.453965547353129834e+06 1.274431685835354244e+01
2.453965547480550129e+06 1.279563275898267172e+01
2.453965547608329915e+06 1.276495904688056271e+01
2.453965547735290136e+06 1.278658719023674628e+01
2.453965547873829957e+06 1.273716955314609045e+01
2.453965548001139890e+06 1.276493489256517222e+01
2.453965548129150178e+06 1.278897148060405620e+01
2.453965548255760223e+06 1.275185392755793856e+01
2.453965548383189831e+06 1.275966348426199382e+01
2.453965548510500230e+06 1.281563734836721657e+01
2.453965548637699801e+06 1.278733474795642699e+01
2.453965548765120097e+06 1.278508070357413473e+01
2.453965548892439809e+06 1.277976912016873179e+01
2.453965549019979779e+06 1.275912313673369702e+01
2.453965549147290178e+06 1.278797525658429812e+01
2.453965549274600111e+06 1.277055387869530279e+01
2.453965549401910044e+06 1.280697158634555954e+01
2.453965549540449865e+06 1.281421781630999135e+01
2.453965549667879939e+06 1.281568414830616298e+01
2.453965549795070197e+06 1.278926523196910203e+01
2.453965549922499806e+06 1.277491248779667465e+01
2.453965550049810205e+06 1.277283441878323877e+01
2.453965550177120138e+06 1.283431285073778838e+01
2.453965550304430071e+06 1.279809935359268458e+01
2.453965550431630109e+06 1.281984809082634946e+01
2.453965550558940042e+06 1.279734147108668552e+01
2.453965550686600152e+06 1.278212173276023478e+01
2.453965550813910086e+06 1.279739457722419438e+01
2.453965550941220019e+06 1.280662557727433715e+01
2.453965551079870202e+06 1.282479830185275915e+01
2.453965551207069773e+06 1.278063956252925060e+01
2.453965551334499847e+06 1.282607888815245012e+01
2.453965551461809780e+06 1.280298108950799119e+01
2.453965551589699928e+06 1.276613816097498599e+01
2.453965551716200076e+06 1.280347029803433756e+01
2.453965551843740046e+06 1.282846018024138779e+01
2.453965551982509904e+06 1.284448888045429982e+01
2.453965552109819837e+06 1.286076565607200806e+01
2.453965552237129770e+06 1.281774985758322316e+01
2.453965552364789881e+06 1.284483243638274530e+01
2.453965552492099814e+06 1.280367255159645268e+01
2.453965552630749997e+06 1.281544513945360109e+01
2.453965552758070175e+06 1.277680508553027572e+01
2.453965552885259967e+06 1.285542449389949660e+01
2.453965553012569901e+06 1.282778901127140259e+01
2.453965553139999975e+06 1.285292106574631532e+01
2.453965553267309908e+06 1.280117406787714529e+01
2.453965553394619841e+06 1.282018183839934977e+01
2.453965553521929774e+06 1.287125173469328843e+01
2.453965553649479989e+06 1.283268694843929403e+01
2.453965553788010031e+06 1.282760941957312895e+01
2.453965553915319964e+06 1.286382641517965553e+01
2.453965554042750038e+06 1.283890901808641871e+01
2.453965554169950075e+06 1.284975837160194523e+01
2.453965554297369905e+06 1.284982567428333766e+01
2.453965554424569942e+06 1.284586577497671911e+01
2.453965554552000016e+06 1.289619454572816615e+01
2.453965554690760095e+06 1.288046440620516542e+01
2.453965554818079807e+06 1.290084560434260297e+01
2.453965554945500102e+06 1.285894743896424330e+01
2.453965555073279887e+06 1.286426538405531517e+01
2.453965555200359784e+06 1.288326317374365004e+01
2.453965555327670183e+06 1.293856552164205098e+01
2.453965555466319900e+06 1.291900989013909928e+01
2.453965555593519937e+06 1.295078968094679439e+01
2.453965555720940232e+06 1.294366675529787614e+01
2.453965555848139804e+06 1.294697709552174203e+01
2.453965555975569878e+06 1.293367040368561938e+01
2.453965556102879811e+06 1.294067782535730693e+01
2.453965556230070069e+06 1.293260348530429482e+01
2.453965556357619818e+06 1.294453834281636873e+01
2.453965556496270001e+06 1.295934968443560820e+01
2.453965556623700075e+06 1.297421489038864095e+01
2.453965556750889868e+06 1.296946737104648584e+01
2.453965556878549978e+06 1.298828377141115276e+01
2.453965557005859911e+06 1.303157145611851320e+01
2.453965557133169845e+06 1.302735071701824943e+01
2.453965557271820027e+06 1.302641964552687526e+01
2.453965557399140205e+06 1.303887550482576785e+01
2.453965557526450139e+06 1.309690833221247175e+01
2.453965557653760072e+06 1.310943825274524066e+01
2.453965557781070005e+06 1.307385599779879470e+01
2.453965557908149902e+06 1.305745456347023747e+01
2.453965558035689872e+06 1.312327112921019712e+01
2.453965558162999805e+06 1.319599813209350536e+01
2.453965558290310204e+06 1.312975654580461615e+01
2.453965558417509776e+06 1.317303404672139422e+01
2.453965558545859996e+06 1.313037321327570339e+01
2.453965558672360145e+06 1.317686392789084060e+01
2.453965558799790218e+06 1.316978053186413433e+01
2.453965558938439935e+06 1.317998726219575367e+01
2.453965559065749869e+06 1.328770377490812216e+01
2.453965559192949906e+06 1.318454032076941296e+01
2.453965559320259839e+06 1.325116518494237638e+01
2.453965559447689913e+06 1.329235974784175944e+01
2.453965559586230200e+06 1.320965117141888356e+01
2.453965559713880066e+06 1.322072952886725439e+01
2.453965559841199778e+06 1.330823842078290653e+01
2.453965559968510177e+06 1.328522092054510928e+01
2.453965560095820110e+06 1.325011118767351626e+01
2.453965560223360080e+06 1.320829711635228421e+01
2.453965560350670014e+06 1.322071721428878810e+01
2.453965560489320196e+06 1.327502805370094308e+01
2.453965560616639908e+06 1.330702252538490171e+01
2.453965560743830167e+06 1.326159041937193628e+01
2.453965560871259775e+06 1.336286785290018919e+01
2.453965560998450033e+06 1.335523960981646319e+01
2.453965561125759967e+06 1.338676790163024322e+01
2.453965561253190041e+06 1.335612561014567667e+01
2.453965561380620115e+06 1.330493822004355309e+01
2.453965561508050188e+06 1.343712265768010106e+01
2.453965561646580230e+06 1.342472307252082153e+01
2.453965561773890164e+06 1.347955816954153185e+01
2.453965561901209876e+06 1.348196887765302066e+01
2.453965562029330060e+06 1.343146281553531551e+01
2.453965562155830208e+06 1.341567725068416372e+01
2.453965562283250038e+06 1.341870789901540562e+01
2.453965562410570215e+06 1.347330016825966226e+01
2.453965562537760008e+06 1.351513745495380547e+01
2.453965562665190082e+06 1.351155306281224000e+01
2.453965562827450223e+06 1.352288675163560150e+01
2.453965562965990044e+06 1.350919704076315675e+01
2.453965563093420118e+06 1.344184618275203036e+01
2.453965563220730051e+06 1.352758435976401508e+01
2.453965563348039985e+06 1.356763152650928284e+01
2.453965563486809842e+06 1.359616679190511768e+01
2.453965563614469953e+06 1.360955611058621884e+01
2.453965563753120136e+06 1.361643201247133739e+01
2.453965563880430069e+06 1.365099345045053525e+01
2.453965564007630106e+06 1.363478315749467740e+01
2.453965564135290217e+06 1.363981171020882144e+01
2.453965564262600150e+06 1.365278637757698910e+01
2.453965564389910083e+06 1.363929681558054341e+01
2.453965564528440125e+06 1.368128382010124433e+01
2.453965564655759837e+06 1.367548897557746557e+01
2.453965564784459770e+06 1.379460272059222170e+01
2.453965564910380170e+06 1.366611388464320243e+01
2.453965565038039815e+06 1.378220508081005846e+01
2.453965565176569857e+06 1.376801207329592458e+01
2.453965565303890035e+06 1.376506316777276595e+01
2.453965565431309864e+06 1.371566190637431681e+01
2.453965565558390226e+06 1.377321309946050221e+01
2.453965565685930196e+06 1.390464728722210452e+01
2.453965565847849939e+06 1.373700640723901678e+01
2.453965565975159872e+06 1.387103266429345716e+01
2.453965566102589946e+06 1.374664722773915315e+01
2.453965566229899880e+06 1.383494215321278276e+01
2.453965566357209813e+06 1.377465982688276824e+01
2.453965566484520212e+06 1.380598310710274212e+01
2.453965566611830145e+06 1.374931056943404961e+01
2.453965566739149857e+06 1.388004637214906900e+01
2.453965566869350150e+06 1.391362606141366420e+01
2.453965567005230114e+06 1.368160607287629915e+01
2.453965567132649943e+06 1.385391886808177198e+01
2.453965567271419801e+06 1.378367513886970919e+01
2.453965567398730200e+06 1.379856315964395108e+01
2.453965567526159808e+06 1.380971596105002597e+01
2.453965567653589882e+06 1.382394060017372084e+01
2.453965567792360205e+06 1.387448970653050750e+01
2.453965567919670139e+06 1.378665215010552814e+01
2.453965568046980072e+06 1.380697531223347951e+01
2.453965568174169865e+06 1.378938072807402193e+01
2.453965568301599938e+06 1.380262272760577957e+01
2.453965568428909872e+06 1.374035027844210788e+01
2.453965568556219805e+06 1.376386007284675195e+01
2.453965568683530204e+06 1.377387565453574325e+01
2.453965568810729776e+06 1.377290266764181581e+01
2.453965568938040175e+06 1.374464267879149837e+01
2.453965569065580145e+06 1.384939259023487956e+01
2.453965569204350002e+06 1.366170631582367179e+01
2.453965569331659935e+06 1.372740104804581485e+01
2.453965569458969869e+06 1.376129716721185758e+01
2.453965569586290047e+06 1.371812155771142372e+01
2.453965569713369943e+06 1.370008256727962781e+01
2.453965569840789773e+06 1.363882972420400286e+01
2.453965569968219846e+06 1.368621384127491503e+01
2.453965570095529780e+06 1.368479678227203244e+01
2.453965570222959854e+06 1.362713333683241501e+01
2.453965570352930110e+06 1.353251842077758482e+01
2.453965570488919970e+06 1.350398823096791823e+01
2.453965570616229903e+06 1.364399599845551769e+01
2.453965570743539836e+06 1.364832409885514508e+01
2.453965570871199947e+06 1.353481147366224491e+01
2.453965570998509880e+06 1.352642381901121382e+01
2.453965571137050167e+06 1.366379992225077800e+01
2.453965571264479775e+06 1.355545100044670193e+01
2.453965571392020211e+06 1.337251613597479860e+01
2.453965571519330144e+06 1.351166284146203544e+01
2.453965571657869965e+06 1.355024125327896911e+01
2.453965571785179898e+06 1.347874443353451568e+01
2.453965571912609972e+06 1.343920014397987472e+01
2.453965572039800230e+06 1.345310989388799783e+01
2.453965572167229839e+06 1.337350402030161867e+01
2.453965572294539772e+06 1.341780195035012468e+01
2.453965572422780097e+06 1.345046044327551371e+01
2.453965572549399920e+06 1.350515156777215608e+01
2.453965572688050102e+06 1.338964761606888842e+01
2.453965572815360036e+06 1.333775029329444450e+01
2.453965572942669969e+06 1.336550067172836975e+01
2.453965573069870006e+06 1.336134299650114876e+01
2.453965573197179940e+06 1.334953146215293529e+01
2.453965573324489873e+06 1.345770499335616677e+01
2.453965573451799806e+06 1.334665016710863483e+01
2.453965573579229880e+06 1.333510296327486522e+01
2.453965573706420138e+06 1.328440951867874809e+01
2.453965573834079783e+06 1.335444592386397389e+01
2.453965573972620070e+06 1.332170304495575941e+01
2.453965574088700116e+06 1.331332957807334694e+01
2.453965574227360077e+06 1.331367766918981843e+01
2.453965574354670011e+06 1.329340960125364113e+01
2.453965574481979944e+06 1.322733074518026797e+01
2.453965574609170202e+06 1.329770595098680985e+01
2.453965574748060200e+06 1.319199088643807727e+01
2.453965574875480030e+06 1.318622934131045099e+01
2.453965575002680067e+06 1.323293627723210619e+01
2.453965575130110141e+06 1.316710403871101320e+01
2.453965575257420074e+06 1.316977980529444814e+01
2.453965575384730007e+06 1.317950103590712985e+01
2.453965575511930045e+06 1.314265327375180803e+01
2.453965575639349874e+06 1.319778297923465260e+01
2.453965575766549911e+06 1.315938058908874098e+01
2.453965575894900132e+06 1.312804389145242467e+01
2.453965576021519955e+06 1.313972949092734410e+01
2.453965576148829889e+06 1.311494048624804876e+01
2.453965576287480071e+06 1.310969742008833272e+01
2.453965576414790004e+06 1.316605592970630312e+01
2.453965576541990042e+06 1.309891161944533522e+01
2.453965576669179834e+06 1.312125259286667855e+01
2.453965576796730049e+06 1.305529599774921223e+01
2.453965576924039982e+06 1.305832504275939598e+01
2.453965577051229775e+06 1.309225717775279030e+01
2.453965577178540174e+06 1.313201492692186712e+01
2.453965577306199819e+06 1.305517208491211179e+01
2.453965577444740105e+06 1.303053385889705140e+01
2.453965577571940143e+06 1.301190784027372693e+01
2.453965577699710149e+06 1.303235238574077037e+01
2.453965577838249970e+06 1.301789325624624638e+01
2.453965577965669800e+06 1.302491958065384914e+01
2.453965578092869837e+06 1.305647179492171617e+01
2.453965578220179770e+06 1.299846030472840930e+01
2.453965578347609844e+06 1.298048116914647920e+01
2.453965578475149814e+06 1.297160641251638502e+01
2.453965578602460213e+06 1.296870342272728749e+01
2.453965578729659785e+06 1.292304723453343307e+01
2.453965578857080080e+06 1.292950781165933094e+01
2.453965578995740041e+06 1.288500519523027243e+01
2.453965579123049974e+06 1.309467111678513973e+01
2.453965579250240233e+06 1.291875166580270928e+01
2.453965579378129914e+06 1.291525734596606867e+01
2.453965579504869878e+06 1.291458772425627011e+01
2.453965579632290173e+06 1.287551913049944474e+01
2.453965579759839922e+06 1.291623623013218847e+01
2.453965579887149855e+06 1.293867212642255460e+01
2.453965580025679898e+06 1.287900573375497615e+01
2.453965580153000075e+06 1.290401678039914302e+01
2.453965580280419905e+06 1.284194938155790311e+01
2.453965580419190228e+06 1.283690313492166446e+01
2.453965580546500161e+06 1.289892721199752224e+01
2.453965580673810095e+06 1.287793087265664838e+01
2.453965580801240169e+06 1.282154645351814537e+01
2.453965580940010026e+06 1.287486332458696836e+01
2.453965581067319959e+06 1.288411561170491382e+01
2.453965581194859929e+06 1.280523050076562086e+01
2.453965581333629787e+06 1.285507789675183865e+01
2.453965581461519934e+06 1.282864146756375945e+01
2.453965581588140223e+06 1.287370493573291697e+01
2.453965581715450156e+06 1.286116035595977891e+01
2.453965581842880230e+06 1.223903270924386710e+01
