2453965.538812 0.029038
2453965.538962 0.029470
2453965.539092 0.030027
2453965.539240 0.029559
2453965.539367 0.030337
2453965.539494 0.028767
2453965.539622 0.030339
2453965.539749 0.028614
2453965.539888 0.028405
2453965.540015 0.029588
2453965.540143 0.028727
2453965.540270 0.029036
2453965.540409 0.028005
2453965.540536 0.030589
2453965.540664 0.030689
2453965.540791 0.030126
2453965.540918 0.031515
2453965.541046 0.030328
2453965.541174 0.030151
2453965.541312 0.029430
2453965.541439 0.028273
2453965.541566 0.029746
2453965.541693 0.028720
2453965.541821 0.029490
2453965.541948 0.029392
2453965.542076 0.028372
2453965.542203 0.029346
2453965.542342 0.028456
2453965.542469 0.027927
2453965.542596 0.029037
2453965.542724 0.028596
2453965.542851 0.029871
2453965.542978 0.029241
2453965.543105 0.030057
2453965.543233 0.029622
2453965.543360 0.029289
2453965.543488 0.030067
2453965.543615 0.029259
2453965.543754 0.030722
2453965.543881 0.029381
2453965.544008 0.030786
2453965.544136 0.030790
2453965.544263 0.030651
2453965.544402 0.030070
2453965.544529 0.029581
2453965.544657 0.030388
2453965.544784 0.031104
2453965.544911 0.030749
2453965.545038 0.028373
2453965.545166 0.030408
2453965.545293 0.032469
2453965.545421 0.030789
2453965.545548 0.031589
2453965.545675 0.031072
2453965.545802 0.030939
2453965.545941 0.030821
2453965.546068 0.030452
2453965.546196 0.030858
2453965.546323 0.032219
2453965.546450 0.031081
2453965.546578 0.030387
2453965.546705 0.030254
2453965.546833 0.030170
2453965.546971 0.031482
2453965.547099 0.028249
2453965.547226 0.031382
2453965.547353 0.029620
2453965.547481 0.030067
2453965.547608 0.029206
2453965.547735 0.031089
2453965.547874 0.029384
2453965.548001 0.030518
2453965.548129 0.030834
2453965.548256 0.030584
2453965.548383 0.029438
2453965.548511 0.029743
2453965.548638 0.031636
2453965.548765 0.030643
2453965.548892 0.029244
2453965.549020 0.030397
2453965.549147 0.031928
2453965.549275 0.029766
2453965.549402 0.031641
2453965.549540 0.030717
2453965.549668 0.029853
2453965.549795 0.032328
2453965.549922 0.031944
2453965.550050 0.029974
2453965.550177 0.025127
2453965.550304 0.032935
2453965.550432 0.031112
2453965.550559 0.032071
2453965.550687 0.030802
2453965.550814 0.033819
2453965.550941 0.031031
2453965.551080 0.032791
2453965.551207 0.031047
2453965.551334 0.033222
2453965.551462 0.029518
2453965.551590 0.031175
2453965.551716 0.031629
2453965.551844 0.030876
2453965.551983 0.030398
2453965.552110 0.030100
2453965.552237 0.030870
2453965.552365 0.031004
2453965.552492 0.030213
2453965.552631 0.031317
2453965.552758 0.032698
2453965.552885 0.030097
2453965.553013 0.030937
2453965.553140 0.029485
2453965.553267 0.030783
2453965.553395 0.030924
2453965.553522 0.031768
2453965.553649 0.029298
2453965.553788 0.029382
2453965.553915 0.031037
2453965.554043 0.029939
2453965.554170 0.029136
2453965.554297 0.030904
2453965.554425 0.028200
2453965.554552 0.030662
2453965.554691 0.030056
2453965.554818 0.031071
2453965.554946 0.028089
2453965.555073 0.030030
2453965.555200 0.028471
2453965.555328 0.029328
2453965.555466 0.030397
2453965.555594 0.028790
2453965.555721 0.029685
2453965.555848 0.028250
2453965.555976 0.028079
2453965.556103 0.027744
2453965.556230 0.027713
2453965.556358 0.026753
2453965.556496 0.027758
2453965.556624 0.027667
2453965.556751 0.028415
2453965.556879 0.025296
2453965.557006 0.025121
2453965.557133 0.027025
2453965.557272 0.027157
2453965.557399 0.026675
2453965.557526 0.026584
2453965.557654 0.026188
2453965.557781 0.024546
2453965.557908 0.023668
2453965.558036 0.025652
2453965.558163 0.026052
2453965.558290 0.025189
2453965.558418 0.024762
2453965.558546 0.020010
2453965.558672 0.024172
2453965.558800 0.022105
2453965.558938 0.022151
2453965.559066 0.023184
2453965.559193 0.021883
2453965.559320 0.022929
2453965.559448 0.021660
2453965.559586 0.021085
2453965.559714 0.021753
2453965.559841 0.019165
2453965.559969 0.019143
2453965.560096 0.019967
2453965.560223 0.019285
2453965.560351 0.018535
2453965.560489 0.018853
2453965.560617 0.018328
2453965.560744 0.016952
2453965.560871 0.016542
2453965.560998 0.015903
2453965.561126 0.015342
2453965.561253 0.017252
2453965.561381 0.014987
2453965.561508 0.014805
2453965.561647 0.016473
2453965.561774 0.015650
2453965.561901 0.014024
2453965.562029 0.015708
2453965.562156 0.014497
2453965.562283 0.016179
2453965.562411 0.014727
2453965.562538 0.015252
2453965.562665 0.014856
2453965.562827 0.013672
2453965.562966 0.014054
2453965.563093 0.013456
2453965.563221 0.012721
2453965.563348 0.012181
2453965.563487 0.013533
2453965.563614 0.011393
2453965.563753 0.011222
2453965.563880 0.011180
2453965.564008 0.010872
2453965.564135 0.011787
2453965.564263 0.010784
2453965.564390 0.012434
2453965.564528 0.009623
2453965.564656 0.013339
2453965.564784 0.013070
2453965.564910 0.011389
2453965.565038 0.008815
2453965.565177 0.011114
2453965.565304 0.011771
2453965.565431 0.010532
2453965.565558 0.011291
2453965.565686 0.009791
2453965.565848 0.010531
2453965.565975 0.010936
2453965.566103 0.010566
2453965.566230 0.010587
2453965.566357 0.010664
2453965.566485 0.010552
2453965.566612 0.010439
2453965.566739 0.011356
2453965.566869 0.011217
2453965.567005 0.011307
2453965.567133 0.008166
2453965.567271 0.009087
2453965.567399 0.011907
2453965.567526 0.009524
2453965.567654 0.010893
2453965.567792 0.009954
2453965.567920 0.011363
2453965.568047 0.012139
2453965.568174 0.010101
2453965.568302 0.009924
2453965.568429 0.012420
2453965.568556 0.011254
2453965.568684 0.012210
2453965.568811 0.011726
2453965.568938 0.010909
2453965.569066 0.010792
2453965.569204 0.013764
2453965.569332 0.014720
2453965.569459 0.011651
2453965.569586 0.011974
2453965.569713 0.013584
2453965.569841 0.014845
2453965.569968 0.013175
2453965.570096 0.014794
2453965.570223 0.013651
2453965.570353 0.013349
2453965.570489 0.015137
2453965.570616 0.013279
2453965.570744 0.013325
2453965.570871 0.014231
2453965.570999 0.014707
2453965.571137 0.014529
2453965.571264 0.016189
2453965.571392 0.015658
2453965.571519 0.014656
2453965.571658 0.016089
2453965.571785 0.013684
2453965.571913 0.015367
2453965.572040 0.016944
2453965.572167 0.016421
2453965.572295 0.015648
2453965.572423 0.016461
2453965.572549 0.017178
2453965.572688 0.019699
2453965.572815 0.016519
2453965.572943 0.020146
2453965.573070 0.018425
2453965.573197 0.020666
2453965.573324 0.017420
2453965.573452 0.020643
2453965.573579 0.021855
2453965.573706 0.018809
2453965.573834 0.018959
2453965.573973 0.019432
2453965.574089 0.020178
2453965.574227 0.021544
2453965.574355 0.022912
2453965.574482 0.020702
2453965.574609 0.020279
2453965.574748 0.018478
2453965.574875 0.020894
2453965.575003 0.021487
2453965.575130 0.021273
2453965.575257 0.024899
2453965.575385 0.022896
2453965.575512 0.026229
2453965.575639 0.022166
2453965.575767 0.024587
2453965.575895 0.021973
2453965.576022 0.022469
2453965.576149 0.023429
2453965.576287 0.026185
2453965.576415 0.024533
2453965.576542 0.024252
2453965.576669 0.020088
2453965.576797 0.025185
2453965.576924 0.023898
2453965.577051 0.024436
2453965.577179 0.025679
2453965.577306 0.024173
2453965.577445 0.026917
2453965.577572 0.025910
2453965.577700 0.025725
2453965.577838 0.024032
2453965.577966 0.026292
2453965.578093 0.026809
2453965.578220 0.025040
2453965.578348 0.029371
2453965.578475 0.028222
2453965.578602 0.026556
2453965.578730 0.026180
2453965.578857 0.024908
2453965.578996 0.025945
2453965.579123 0.028810
2453965.579250 0.027865
2453965.579378 0.027493
2453965.579505 0.028926
2453965.579632 0.028488
2453965.579760 0.027443
2453965.579887 0.026528
2453965.580026 0.025323
2453965.580153 0.027604
2453965.580280 0.029216
2453965.580419 0.028090
2453965.580547 0.028848
2453965.580674 0.026787
2453965.580801 0.027334
2453965.580940 0.027402
2453965.581067 0.028894
2453965.581195 0.028532
2453965.581334 0.027345
2453965.581462 0.028587
2453965.581588 0.028233
2453965.581715 0.030102
2453965.581843 0.042082
