2.453965538684280124e+06 1.097520284558326686e+01
2.453965538811939768e+06 1.104007030128684264e+01
2.453965538962049875e+06 1.101128627481638311e+01
2.453965539092489984e+06 1.100473176630883998e+01
2.453965539239820093e+06 1.099903505361563560e+01
2.453965539367130026e+06 1.103319490801035485e+01
2.453965539494439960e+06 1.102733326331311048e+01
2.453965539621749893e+06 1.100147951387609169e+01
2.453965539749410003e+06 1.103283596286935442e+01
2.453965539887949824e+06 1.102851133582337617e+01
2.453965540015379898e+06 1.101991296757128325e+01
2.453965540142689832e+06 1.101913308470442487e+01
2.453965540270000231e+06 1.101996134800311467e+01
2.453965540408770088e+06 1.103865057652688897e+01
2.453965540536080021e+06 1.101076113827136105e+01
2.453965540663510095e+06 1.100917222632417136e+01
2.453965540790820029e+06 1.100921181987119191e+01
2.453965540918129962e+06 1.100453752126094464e+01
2.453965541045669932e+06 1.101660383044823455e+01
2.453965541173680220e+06 1.103528034794795509e+01
2.453965541311869863e+06 1.101460436878276639e+01
2.453965541438950226e+06 1.103627151717934041e+01
2.453965541566260159e+06 1.102322452776423845e+01
2.453965541693449952e+06 1.103669851465969565e+01
2.453965541820880026e+06 1.103101026135200868e+01
2.453965541948310100e+06 1.102107895928982728e+01
2.453965542075729929e+06 1.104917599797166972e+01
2.453965542203039862e+06 1.102209794023365674e+01
2.453965542341580149e+06 1.103799070913918534e+01
2.453965542468890082e+06 1.106004965424053132e+01
2.453965542596200015e+06 1.103745431547534039e+01
2.453965542723630089e+06 1.104327025145602370e+01
2.453965542850940023e+06 1.103685745745440094e+01
2.453965542978140060e+06 1.104252122696911442e+01
2.453965543105449993e+06 1.101226295269043476e+01
2.453965543232759926e+06 1.103655296392056684e+01
2.453965543360420037e+06 1.103272436151689639e+01
2.453965543487729970e+06 1.103218417866187018e+01
2.453965543615039904e+06 1.102300578492562266e+01
2.453965543753690086e+06 1.102180776857601430e+01
2.453965543880890124e+06 1.102454615498046842e+01
2.453965544008200057e+06 1.102189165161331807e+01
2.453965544135860167e+06 1.101791780729789849e+01
2.453965544263170101e+06 1.104024490327168451e+01
2.453965544401709922e+06 1.102083515861352581e+01
2.453965544529019855e+06 1.101940051067932735e+01
2.453965544657019898e+06 1.100821648622476623e+01
2.453965544783640187e+06 1.100659515458047721e+01
2.453965544910950121e+06 1.100759689816198694e+01
2.453965545038380194e+06 1.103202053683455475e+01
2.453965545165690128e+06 1.102064896294098162e+01
2.453965545292890165e+06 1.098878735560665909e+01
2.453965545420549810e+06 1.101811410974773153e+01
2.453965545547860209e+06 1.101969660808504514e+01
2.453965545675170142e+06 1.102589850664997151e+01
2.453965545802480076e+06 1.100295081121928575e+01
2.453965545941019896e+06 1.099376770549346105e+01
2.453965546068329830e+06 1.102027819913849171e+01
2.453965546195640229e+06 1.101532376869910834e+01
2.453965546323069837e+06 1.097484122571722054e+01
2.453965546450379770e+06 1.098877755019413271e+01
2.453965546577690169e+06 1.099960131885672610e+01
2.453965546705000103e+06 1.102087171695447410e+01
2.453965546832540073e+06 1.099110705107690578e+01
2.453965546971079893e+06 1.097387327590147343e+01
2.453965547098509967e+06 1.102305387134166281e+01
2.453965547225819901e+06 1.098179978849420380e+01
2.453965547353129834e+06 1.099360649228778186e+01
2.453965547480550129e+06 1.100967413937266315e+01
2.453965547608329915e+06 1.100969421185513930e+01
2.453965547735290136e+06 1.100116046728171071e+01
2.453965547873829957e+06 1.100966223257209720e+01
2.453965548001139890e+06 1.098486180296552028e+01
2.453965548129150178e+06 1.099363675893870607e+01
2.453965548255760223e+06 1.097772758866362608e+01
2.453965548383189831e+06 1.101558036175795863e+01
2.453965548510500230e+06 1.097140775744489005e+01
2.453965548637699801e+06 1.098345854482399275e+01
2.453965548765120097e+06 1.097668424999280390e+01
2.453965548892439809e+06 1.101121800869249157e+01
2.453965549019979779e+06 1.099636601868962060e+01
2.453965549147290178e+06 1.098964174986205933e+01
2.453965549274600111e+06 1.100004987148500035e+01
2.453965549401910044e+06 1.097281613323817062e+01
2.453965549540449865e+06 1.099271181243259221e+01
2.453965549667879939e+06 1.100800471843886008e+01
2.453965549795070197e+06 1.097655990743636245e+01
2.453965549922499806e+06 1.098732485118017621e+01
2.453965550049810205e+06 1.100840504516725460e+01
2.453965550177120138e+06 1.100523344105313583e+01
2.453965550304430071e+06 1.098508979580241274e+01
2.453965550431630109e+06 1.099167818151281217e+01
2.453965550558940042e+06 1.100838782638311208e+01
2.453965550686600152e+06 1.098843631935099374e+01
2.453965550813910086e+06 1.098713393163633256e+01
2.453965550941220019e+06 1.102795613494137683e+01
2.453965551079870202e+06 1.099155372753349802e+01
2.453965551207069773e+06 1.101924556448068415e+01
2.453965551334499847e+06 1.099534118705507169e+01
2.453965551461809780e+06 1.101925612971165691e+01
2.453965551589699928e+06 1.101286464929487785e+01
2.453965551716200076e+06 1.101426464403964367e+01
2.453965551843740046e+06 1.099538373406307734e+01
2.453965551982509904e+06 1.101648375924823142e+01
2.453965552109819837e+06 1.100624256627373398e+01
2.453965552237129770e+06 1.100916659303608114e+01
2.453965552364789881e+06 1.100772303673757513e+01
2.453965552492099814e+06 1.101004616112195933e+01
2.453965552630749997e+06 1.101905722868921522e+01
2.453965552758070175e+06 1.097628763704974730e+01
2.453965552885259967e+06 1.100687712831375364e+01
2.453965553012569901e+06 1.100132630048898541e+01
2.453965553139999975e+06 1.101285145108735009e+01
2.453965553267309908e+06 1.100225154679766248e+01
2.453965553394619841e+06 1.098562999056379219e+01
2.453965553521929774e+06 1.097219283586595218e+01
2.453965553649479989e+06 1.104133307429377808e+01
2.453965553788010031e+06 1.104007311450624229e+01
2.453965553915319964e+06 1.100546762826910907e+01
2.453965554042750038e+06 1.101408035032938670e+01
2.453965554169950075e+06 1.102763270309841381e+01
2.453965554297369905e+06 1.101414673237457365e+01
2.453965554424569942e+06 1.105632167499953056e+01
2.453965554552000016e+06 1.101168765113572157e+01
2.453965554690760095e+06 1.101247385566015424e+01
2.453965554818079807e+06 1.103042652684461800e+01
2.453965554945500102e+06 1.107193089218845827e+01
2.453965555073279887e+06 1.106782305125238075e+01
2.453965555200359784e+06 1.109315186826091804e+01
2.453965555327670183e+06 1.105440019196026213e+01
2.453965555466319900e+06 1.106688361564800438e+01
2.453965555593519937e+06 1.109382755519085606e+01
2.453965555720940232e+06 1.107184127195626289e+01
2.453965555848139804e+06 1.108571841028997795e+01
2.453965555975569878e+06 1.111164865222278664e+01
2.453965556102879811e+06 1.110653662120462748e+01
2.453965556230070069e+06 1.112845031285999475e+01
2.453965556357619818e+06 1.111633965622029763e+01
2.453965556496270001e+06 1.111806049643658412e+01
2.453965556623700075e+06 1.114909282340440910e+01
2.453965556750889868e+06 1.110747741097030961e+01
2.453965556878549978e+06 1.118816095981961034e+01
2.453965557005859911e+06 1.121248240249221162e+01
2.453965557133169845e+06 1.117101873248312849e+01
2.453965557271820027e+06 1.118202190354423209e+01
2.453965557399140205e+06 1.121491328340594507e+01
2.453965557526450139e+06 1.119813041883172389e+01
2.453965557653760072e+06 1.120892094060008759e+01
2.453965557781070005e+06 1.125981898250246083e+01
2.453965557908149902e+06 1.124999341731525604e+01
2.453965558035689872e+06 1.126588311759435612e+01
2.453965558162999805e+06 1.122982350549950681e+01
2.453965558290310204e+06 1.130148523493300594e+01
2.453965558417509776e+06 1.130620940433904664e+01
2.453965558545859996e+06 1.133636270086007869e+01
2.453965558672360145e+06 1.130622050181577976e+01
2.453965558799790218e+06 1.135346946890746267e+01
2.453965558938439935e+06 1.134055814205544976e+01
2.453965559065749869e+06 1.138831363997971025e+01
2.453965559192949906e+06 1.138501489019646051e+01
2.453965559320259839e+06 1.139526212042823872e+01
2.453965559447689913e+06 1.138509549411066679e+01
2.453965559586230200e+06 1.140484455758444859e+01
2.453965559713880066e+06 1.139153267863212804e+01
2.453965559841199778e+06 1.148117074038553298e+01
2.453965559968510177e+06 1.152586250944027846e+01
2.453965560095820110e+06 1.148338256497089382e+01
2.453965560223360080e+06 1.149173972787725972e+01
2.453965560350670014e+06 1.149913521865595101e+01
2.453965560489320196e+06 1.155253923797525317e+01
2.453965560616639908e+06 1.155077133315334592e+01
2.453965560743830167e+06 1.160680529524724847e+01
2.453965560871259775e+06 1.159717423002907566e+01
2.453965560998450033e+06 1.162618294434365396e+01
2.453965561125759967e+06 1.167140073571491676e+01
2.453965561253190041e+06 1.161917167653828997e+01
2.453965561380620115e+06 1.163825652161547808e+01
2.453965561508050188e+06 1.171404216641639096e+01
2.453965561646580230e+06 1.168688756089129477e+01
2.453965561773890164e+06 1.168509053532569197e+01
2.453965561901209876e+06 1.175756598491313909e+01
2.453965562029330060e+06 1.173256547595634913e+01
2.453965562155830208e+06 1.174271204504943000e+01
2.453965562283250038e+06 1.171802970655683751e+01
2.453965562410570215e+06 1.180558579705868283e+01
2.453965562537760008e+06 1.176155664115050570e+01
2.453965562665190082e+06 1.179452461060439461e+01
2.453965562827450223e+06 1.178130748520408488e+01
2.453965562965990044e+06 1.184688921322528721e+01
2.453965563093420118e+06 1.182627463031481341e+01
2.453965563220730051e+06 1.187051519946581024e+01
2.453965563348039985e+06 1.191471355839402158e+01
2.453965563486809842e+06 1.190968990433663954e+01
2.453965563614469953e+06 1.193528944198128627e+01
2.453965563753120136e+06 1.197734848496020277e+01
2.453965563880430069e+06 1.196897693630588400e+01
2.453965564007630106e+06 1.199828049671202557e+01
2.453965564135290217e+06 1.197661705207737803e+01
2.453965564262600150e+06 1.200912343752491651e+01
2.453965564389910083e+06 1.199132442507583995e+01
2.453965564528440125e+06 1.203226314952202003e+01
2.453965564655759837e+06 1.200392036671486551e+01
2.453965564784459770e+06 1.201399414670347277e+01
2.453965564910380170e+06 1.203693336403165226e+01
2.453965565038039815e+06 1.209807209692290542e+01
2.453965565176569857e+06 1.211931945700198909e+01
2.453965565303890035e+06 1.209951485342388722e+01
2.453965565431309864e+06 1.208539265841789145e+01
2.453965565558390226e+06 1.213874365136053868e+01
2.453965565685930196e+06 1.218598406637358877e+01
2.453965565847849939e+06 1.210872276352610655e+01
2.453965565975159872e+06 1.213778072613551906e+01
2.453965566102589946e+06 1.215222758193313979e+01
2.453965566229899880e+06 1.215569760878556593e+01
2.453965566357209813e+06 1.213707518796323370e+01
2.453965566484520212e+06 1.214634894305122259e+01
2.453965566611830145e+06 1.213580861795509591e+01
2.453965566739149857e+06 1.216399753448604315e+01
2.453965566869350150e+06 1.221404937318713024e+01
2.453965567005230114e+06 1.211830113506324480e+01
2.453965567132649943e+06 1.218826205949491737e+01
2.453965567271419801e+06 1.218410026414836089e+01
2.453965567398730200e+06 1.218354685271709492e+01
2.453965567526159808e+06 1.217766417743951735e+01
2.453965567653589882e+06 1.217512784213949928e+01
2.453965567792360205e+06 1.219815570563209306e+01
2.453965567919670139e+06 1.223092106568469717e+01
2.453965568046980072e+06 1.214113930097182958e+01
2.453965568174169865e+06 1.215295042658634728e+01
2.453965568301599938e+06 1.215246274903174317e+01
2.453965568428909872e+06 1.217665853268392340e+01
2.453965568556219805e+06 1.218586499896361097e+01
2.453965568683530204e+06 1.213206063076973251e+01
2.453965568810729776e+06 1.212723013214760570e+01
2.453965568938040175e+06 1.212527452682352092e+01
2.453965569065580145e+06 1.217756762265425863e+01
2.453965569204350002e+06 1.205514686079053099e+01
2.453965569331659935e+06 1.205862040307437866e+01
2.453965569458969869e+06 1.212425658071036239e+01
2.453965569586290047e+06 1.207313680582663018e+01
2.453965569713369943e+06 1.200234097497792796e+01
2.453965569840789773e+06 1.198415366034234886e+01
2.453965569968219846e+06 1.198362284076248940e+01
2.453965570095529780e+06 1.199162604568457269e+01
2.453965570222959854e+06 1.198859260250684855e+01
2.453965570352930110e+06 1.197970873334494080e+01
2.453965570488919970e+06 1.188524473612376831e+01
2.453965570616229903e+06 1.197607423699286855e+01
2.453965570743539836e+06 1.195627020870281676e+01
2.453965570871199947e+06 1.196776492255720292e+01
2.453965570998509880e+06 1.189015425715137475e+01
2.453965571137050167e+06 1.186429888962635459e+01
2.453965571264479775e+06 1.185052015549281457e+01
2.453965571392020211e+06 1.177708351908223960e+01
2.453965571519330144e+06 1.183399924743370590e+01
2.453965571657869965e+06 1.179583016186821887e+01
2.453965571785179898e+06 1.188293940518191327e+01
2.453965571912609972e+06 1.175947848009330166e+01
2.453965572039800230e+06 1.174926102646693238e+01
2.453965572167229839e+06 1.175073439335418790e+01
2.453965572294539772e+06 1.174374457764746538e+01
2.453965572422780097e+06 1.175263299339272471e+01
2.453965572549399920e+06 1.174397348364230709e+01
2.453965572688050102e+06 1.163927873079926556e+01
2.453965572815360036e+06 1.170866260435985495e+01
2.453965572942669969e+06 1.163729328857456657e+01
2.453965573069870006e+06 1.164577831289110676e+01
2.453965573197179940e+06 1.160983768645293956e+01
2.453965573324489873e+06 1.163865875196004218e+01
2.453965573451799806e+06 1.156295377002609115e+01
2.453965573579229880e+06 1.158147429400301753e+01
2.453965573706420138e+06 1.159693082713188339e+01
2.453965573834079783e+06 1.163043241921057103e+01
2.453965573972620070e+06 1.157992380942809163e+01
2.453965574088700116e+06 1.154227927891698613e+01
2.453965574227360077e+06 1.155921467563902283e+01
2.453965574354670011e+06 1.151834024016903157e+01
2.453965574481979944e+06 1.153142926813435665e+01
2.453965574609170202e+06 1.152113616538379226e+01
2.453965574748060200e+06 1.151178791060639206e+01
2.453965574875480030e+06 1.145015849147294773e+01
2.453965575002680067e+06 1.147545543118013534e+01
2.453965575130110141e+06 1.147519996922267183e+01
2.453965575257420074e+06 1.139228278986827902e+01
2.453965575384730007e+06 1.139183832812674702e+01
2.453965575511930045e+06 1.133342706102678221e+01
2.453965575639349874e+06 1.140883475012624260e+01
2.453965575766549911e+06 1.143996005884527634e+01
2.453965575894900132e+06 1.140808974705118217e+01
2.453965576021519955e+06 1.138030085217118881e+01
2.453965576148829889e+06 1.135422988462701177e+01
2.453965576287480071e+06 1.128625190923393973e+01
2.453965576414790004e+06 1.133291659776360305e+01
2.453965576541990042e+06 1.133461754559494850e+01
2.453965576669179834e+06 1.138321876889959050e+01
2.453965576796730049e+06 1.127941565784287015e+01
2.453965576924039982e+06 1.128377627961663876e+01
2.453965577051229775e+06 1.126178837305575264e+01
2.453965577178540174e+06 1.129766452609815275e+01
2.453965577306199819e+06 1.129117476719041768e+01
2.453965577444740105e+06 1.123641863960108367e+01
2.453965577571940143e+06 1.123635339360946261e+01
2.453965577699710149e+06 1.123867916898940500e+01
2.453965577838249970e+06 1.124864237849065063e+01
2.453965577965669800e+06 1.123218171478581873e+01
2.453965578092869837e+06 1.123462368706133141e+01
2.453965578220179770e+06 1.124796698207610390e+01
2.453965578347609844e+06 1.114859246255296554e+01
2.453965578475149814e+06 1.116863326161530878e+01
2.453965578602460213e+06 1.120189632228712284e+01
2.453965578729659785e+06 1.120803443353330309e+01
2.453965578857080080e+06 1.119644577939528496e+01
2.453965578995740041e+06 1.121326992381311349e+01
2.453965579123049974e+06 1.120053664364620261e+01
2.453965579250240233e+06 1.118402635194590111e+01
2.453965579378129914e+06 1.114697486078936350e+01
2.453965579504869878e+06 1.115574101756493341e+01
2.453965579632290173e+06 1.113360649488112131e+01
2.453965579759839922e+06 1.115128707933928887e+01
2.453965579887149855e+06 1.114932125345359637e+01
2.453965580025679898e+06 1.117294832951790262e+01
2.453965580153000075e+06 1.114942753045501611e+01
2.453965580280419905e+06 1.111832709260966112e+01
2.453965580419190228e+06 1.113222239466196406e+01
2.453965580546500161e+06 1.112220921247230088e+01
2.453965580673810095e+06 1.117208035237523056e+01
2.453965580801240169e+06 1.112646360156924707e+01
2.453965580940010026e+06 1.115815031448661188e+01
2.453965581067319959e+06 1.109534652487549344e+01
2.453965581194859929e+06 1.112206105205787665e+01
2.453965581333629787e+06 1.110960022450076856e+01
2.453965581461519934e+06 1.110377107948578868e+01
2.453965581588140223e+06 1.113294911131312759e+01
2.453965581715450156e+06 1.111359310302972681e+01
2.453965581842880230e+06 1.036074061713059891e+01
