2.453965538684280124e+06 1.328670263290405273e+00
2.453965538811939768e+06 1.332485318183898926e+00
2.453965538962049875e+06 1.338212609291076660e+00
2.453965539092489984e+06 1.340427637100219727e+00
2.453965539239820093e+06 1.340306758880615234e+00
2.453965539367130026e+06 1.337986826896667480e+00
2.453965539494439960e+06 1.334687471389770508e+00
2.453965539621749893e+06 1.328783988952636719e+00
2.453965539749410003e+06 1.324609756469726562e+00
2.453965539887949824e+06 1.322011828422546387e+00
2.453965540015379898e+06 1.316329836845397949e+00
2.453965540142689832e+06 1.311722636222839355e+00
2.453965540270000231e+06 1.306614995002746582e+00
2.453965540408770088e+06 1.303403258323669434e+00
2.453965540536080021e+06 1.301541805267333984e+00
2.453965540663510095e+06 1.298093557357788086e+00
2.453965540790820029e+06 1.288825988769531250e+00
2.453965540918129962e+06 1.279143929481506348e+00
2.453965541045669932e+06 1.274122953414916992e+00
2.453965541173680220e+06 1.267685651779174805e+00
2.453965541311869863e+06 1.259791374206542969e+00
2.453965541438950226e+06 1.253919124603271484e+00
2.453965541566260159e+06 1.248610854148864746e+00
2.453965541693449952e+06 1.246191143989562988e+00
2.453965541820880026e+06 1.242659449577331543e+00
2.453965541948310100e+06 1.242167949676513672e+00
2.453965542075729929e+06 1.241900920867919922e+00
2.453965542203039862e+06 1.245760083198547363e+00
2.453965542341580149e+06 1.245633840560913086e+00
2.453965542468890082e+06 1.243789672851562500e+00
2.453965542596200015e+06 1.246860980987548828e+00
2.453965542723630089e+06 1.249197363853454590e+00
2.453965542850940023e+06 1.248726725578308105e+00
2.453965542978140060e+06 1.251574277877807617e+00
2.453965543105449993e+06 1.254906058311462402e+00
2.453965543232759926e+06 1.255012989044189453e+00
2.453965543360420037e+06 1.257520318031311035e+00
2.453965543487729970e+06 1.260121703147888184e+00
2.453965543615039904e+06 1.264811277389526367e+00
2.453965543753690086e+06 1.268343567848205566e+00
2.453965543880890124e+06 1.272060513496398926e+00
2.453965544008200057e+06 1.276530623435974121e+00
2.453965544135860167e+06 1.277194619178771973e+00
2.453965544263170101e+06 1.279942870140075684e+00
2.453965544401709922e+06 1.278336524963378906e+00
2.453965544529019855e+06 1.278509497642517090e+00
2.453965544657019898e+06 1.280607581138610840e+00
2.453965544783640187e+06 1.284665584564208984e+00
2.453965544910950121e+06 1.290542006492614746e+00
2.453965545038380194e+06 1.296429634094238281e+00
2.453965545165690128e+06 1.303238391876220703e+00
2.453965545292890165e+06 1.307274341583251953e+00
2.453965545420549810e+06 1.310050725936889648e+00
2.453965545547860209e+06 1.313003063201904297e+00
2.453965545675170142e+06 1.317039608955383301e+00
2.453965545802480076e+06 1.313644051551818848e+00
2.453965545941019896e+06 1.312104105949401855e+00
2.453965546068329830e+06 1.310662508010864258e+00
2.453965546195640229e+06 1.307996273040771484e+00
2.453965546323069837e+06 1.307107925415039062e+00
2.453965546450379770e+06 1.305565714836120605e+00
2.453965546577690169e+06 1.304868578910827637e+00
2.453965546705000103e+06 1.309062123298645020e+00
2.453965546832540073e+06 1.309090018272399902e+00
2.453965546971079893e+06 1.307070136070251465e+00
2.453965547098509967e+06 1.303811073303222656e+00
2.453965547225819901e+06 1.305039644241333008e+00
2.453965547353129834e+06 1.305678129196166992e+00
2.453965547480550129e+06 1.306966900825500488e+00
2.453965547608329915e+06 1.306504607200622559e+00
2.453965547735290136e+06 1.307974934577941895e+00
2.453965547873829957e+06 1.306369185447692871e+00
2.453965548001139890e+06 1.303712725639343262e+00
2.453965548129150178e+06 1.298272252082824707e+00
2.453965548255760223e+06 1.295829892158508301e+00
2.453965548383189831e+06 1.293611526489257812e+00
2.453965548510500230e+06 1.293153762817382812e+00
2.453965548637699801e+06 1.292034983634948730e+00
2.453965548765120097e+06 1.290729522705078125e+00
2.453965548892439809e+06 1.290592312812805176e+00
2.453965549019979779e+06 1.287297487258911133e+00
2.453965549147290178e+06 1.282839179039001465e+00
2.453965549274600111e+06 1.281485915184020996e+00
2.453965549401910044e+06 1.281626462936401367e+00
2.453965549540449865e+06 1.282431483268737793e+00
2.453965549667879939e+06 1.288277149200439453e+00
2.453965549795070197e+06 1.297576069831848145e+00
2.453965549922499806e+06 1.301763772964477539e+00
2.453965550049810205e+06 1.304967761039733887e+00
2.453965550177120138e+06 1.306777834892272949e+00
2.453965550304430071e+06 1.312418937683105469e+00
2.453965550431630109e+06 1.317920327186584473e+00
2.453965550558940042e+06 1.324052929878234863e+00
2.453965550686600152e+06 1.327409744262695312e+00
2.453965550813910086e+06 1.329991340637207031e+00
2.453965550941220019e+06 1.333034038543701172e+00
2.453965551079870202e+06 1.332956910133361816e+00
2.453965551207069773e+06 1.329988837242126465e+00
2.453965551334499847e+06 1.330340027809143066e+00
2.453965551461809780e+06 1.326414585113525391e+00
2.453965551589699928e+06 1.323693752288818359e+00
2.453965551716200076e+06 1.317957162857055664e+00
2.453965551843740046e+06 1.310562014579772949e+00
2.453965551982509904e+06 1.302675366401672363e+00
2.453965552109819837e+06 1.296198725700378418e+00
2.453965552237129770e+06 1.289994359016418457e+00
2.453965552364789881e+06 1.285436391830444336e+00
2.453965552492099814e+06 1.282805800437927246e+00
2.453965552630749997e+06 1.283153176307678223e+00
2.453965552758070175e+06 1.281876444816589355e+00
2.453965552885259967e+06 1.277471303939819336e+00
2.453965553012569901e+06 1.271718144416809082e+00
2.453965553139999975e+06 1.268775820732116699e+00
2.453965553267309908e+06 1.269696474075317383e+00
2.453965553394619841e+06 1.271173715591430664e+00
2.453965553521929774e+06 1.273626804351806641e+00
2.453965553649479989e+06 1.276096582412719727e+00
2.453965553788010031e+06 1.277143478393554688e+00
2.453965553915319964e+06 1.279240846633911133e+00
2.453965554042750038e+06 1.277583003044128418e+00
2.453965554169950075e+06 1.273637652397155762e+00
2.453965554297369905e+06 1.267059922218322754e+00
2.453965554424569942e+06 1.257173538208007812e+00
2.453965554552000016e+06 1.249948501586914062e+00
2.453965554690760095e+06 1.242317080497741699e+00
2.453965554818079807e+06 1.235008478164672852e+00
2.453965554945500102e+06 1.228201031684875488e+00
2.453965555073279887e+06 1.215989112854003906e+00
2.453965555200359784e+06 1.206762790679931641e+00
2.453965555327670183e+06 1.196122288703918457e+00
2.453965555466319900e+06 1.186093568801879883e+00
2.453965555593519937e+06 1.180302619934082031e+00
2.453965555720940232e+06 1.173398971557617188e+00
2.453965555848139804e+06 1.163226366043090820e+00
2.453965555975569878e+06 1.153684616088867188e+00
2.453965556102879811e+06 1.147218585014343262e+00
2.453965556230070069e+06 1.142694354057312012e+00
2.453965556357619818e+06 1.134570956230163574e+00
2.453965556496270001e+06 1.128721833229064941e+00
2.453965556623700075e+06 1.119268536567687988e+00
2.453965556750889868e+06 1.109825849533081055e+00
2.453965556878549978e+06 1.101407766342163086e+00
2.453965557005859911e+06 1.095566034317016602e+00
2.453965557133169845e+06 1.088546633720397949e+00
2.453965557271820027e+06 1.085184216499328613e+00
2.453965557399140205e+06 1.078964710235595703e+00
2.453965557526450139e+06 1.068795442581176758e+00
2.453965557653760072e+06 1.060444593429565430e+00
2.453965557781070005e+06 1.048484683036804199e+00
2.453965557908149902e+06 1.036051988601684570e+00
2.453965558035689872e+06 1.024266123771667480e+00
2.453965558162999805e+06 1.009341835975646973e+00
2.453965558290310204e+06 9.944348931312561035e-01
2.453965558417509776e+06 9.826118350028991699e-01
2.453965558545859996e+06 9.707679748535156250e-01
2.453965558672360145e+06 9.612873792648315430e-01
2.453965558799790218e+06 9.489338994026184082e-01
2.453965558938439935e+06 9.395771026611328125e-01
2.453965559065749869e+06 9.313135743141174316e-01
2.453965559192949906e+06 9.202286601066589355e-01
2.453965559320259839e+06 9.111440777778625488e-01
2.453965559447689913e+06 9.003917574882507324e-01
2.453965559586230200e+06 8.880090713500976562e-01
2.453965559713880066e+06 8.758713603019714355e-01
2.453965559841199778e+06 8.660168051719665527e-01
2.453965559968510177e+06 8.555801510810852051e-01
2.453965560095820110e+06 8.481791019439697266e-01
2.453965560223360080e+06 8.372805118560791016e-01
2.453965560350670014e+06 8.278894424438476562e-01
2.453965560489320196e+06 8.159412741661071777e-01
2.453965560616639908e+06 8.044950366020202637e-01
2.453965560743830167e+06 7.919942736625671387e-01
2.453965560871259775e+06 7.823505401611328125e-01
2.453965560998450033e+06 7.710556387901306152e-01
2.453965561125759967e+06 7.614572644233703613e-01
2.453965561253190041e+06 7.531175613403320312e-01
2.453965561380620115e+06 7.427912354469299316e-01
2.453965561508050188e+06 7.326527237892150879e-01
2.453965561646580230e+06 7.227114439010620117e-01
2.453965561773890164e+06 7.145642638206481934e-01
2.453965561901209876e+06 7.043240666389465332e-01
2.453965562029330060e+06 6.955864429473876953e-01
2.453965562155830208e+06 6.867100000381469727e-01
2.453965562283250038e+06 6.782243847846984863e-01
2.453965562410570215e+06 6.683210134506225586e-01
2.453965562537760008e+06 6.617927551269531250e-01
2.453965562665190082e+06 6.510909795761108398e-01
2.453965562827450223e+06 6.393961906433105469e-01
2.453965562965990044e+06 6.313073039054870605e-01
2.453965563093420118e+06 6.212103962898254395e-01
2.453965563220730051e+06 6.128292679786682129e-01
2.453965563348039985e+06 6.039637327194213867e-01
2.453965563486809842e+06 5.933052301406860352e-01
2.453965563614469953e+06 5.865177512168884277e-01
2.453965563753120136e+06 5.789421796798706055e-01
2.453965563880430069e+06 5.729478597640991211e-01
2.453965564007630106e+06 5.643566250801086426e-01
2.453965564135290217e+06 5.614156723022460938e-01
2.453965564262600150e+06 5.540185570716857910e-01
2.453965564389910083e+06 5.463242530822753906e-01
2.453965564528440125e+06 5.418766140937805176e-01
2.453965564655759837e+06 5.370234847068786621e-01
2.453965564784459770e+06 5.308586359024047852e-01
2.453965564910380170e+06 5.231270790100097656e-01
2.453965565038039815e+06 5.184370875358581543e-01
2.453965565176569857e+06 5.105577111244201660e-01
2.453965565303890035e+06 5.052688717842102051e-01
2.453965565431309864e+06 4.992045760154724121e-01
2.453965565558390226e+06 4.909847378730773926e-01
2.453965565685930196e+06 4.874843657016754150e-01
2.453965565847849939e+06 4.795574247837066650e-01
2.453965565975159872e+06 4.736828505992889404e-01
2.453965566102589946e+06 4.694581627845764160e-01
2.453965566229899880e+06 4.668340682983398438e-01
2.453965566357209813e+06 4.640269875526428223e-01
2.453965566484520212e+06 4.634484350681304932e-01
2.453965566611830145e+06 4.606669843196868896e-01
2.453965566739149857e+06 4.605265855789184570e-01
2.453965566869350150e+06 4.595943689346313477e-01
2.453965567005230114e+06 4.605188965797424316e-01
2.453965567132649943e+06 4.611317515373229980e-01
2.453965567271419801e+06 4.610359370708465576e-01
2.453965567398730200e+06 4.627320170402526855e-01
2.453965567526159808e+06 4.661318063735961914e-01
2.453965567653589882e+06 4.714049100875854492e-01
2.453965567792360205e+06 4.772037863731384277e-01
2.453965567919670139e+06 4.805043041706085205e-01
2.453965568046980072e+06 4.846861660480499268e-01
2.453965568174169865e+06 4.889340698719024658e-01
2.453965568301599938e+06 4.940017163753509521e-01
2.453965568428909872e+06 4.979610741138458252e-01
2.453965568556219805e+06 5.027689337730407715e-01
2.453965568683530204e+06 5.074542164802551270e-01
2.453965568810729776e+06 5.112642645835876465e-01
2.453965568938040175e+06 5.179038643836975098e-01
2.453965569065580145e+06 5.233043432235717773e-01
2.453965569204350002e+06 5.281553268432617188e-01
2.453965569331659935e+06 5.345663428306579590e-01
2.453965569458969869e+06 5.396490693092346191e-01
2.453965569586290047e+06 5.443250536918640137e-01
2.453965569713369943e+06 5.481918454170227051e-01
2.453965569840789773e+06 5.534060001373291016e-01
2.453965569968219846e+06 5.581628680229187012e-01
2.453965570095529780e+06 5.617849826812744141e-01
2.453965570222959854e+06 5.659677386283874512e-01
2.453965570352930110e+06 5.691412091255187988e-01
2.453965570488919970e+06 5.711238980293273926e-01
2.453965570616229903e+06 5.738770365715026855e-01
2.453965570743539836e+06 5.798918604850769043e-01
2.453965570871199947e+06 5.872102975845336914e-01
2.453965570998509880e+06 5.943825244903564453e-01
2.453965571137050167e+06 6.012166738510131836e-01
2.453965571264479775e+06 6.107044816017150879e-01
2.453965571392020211e+06 6.172862052917480469e-01
2.453965571519330144e+06 6.236767172813415527e-01
2.453965571657869965e+06 6.322604417800903320e-01
2.453965571785179898e+06 6.413012742996215820e-01
2.453965571912609972e+06 6.484090089797973633e-01
2.453965572039800230e+06 6.568759083747863770e-01
2.453965572167229839e+06 6.632791757583618164e-01
2.453965572294539772e+06 6.743310689926147461e-01
2.453965572422780097e+06 6.819678544998168945e-01
2.453965572549399920e+06 6.937037706375122070e-01
2.453965572688050102e+06 7.038476467132568359e-01
2.453965572815360036e+06 7.117889523506164551e-01
2.453965572942669969e+06 7.233533859252929688e-01
2.453965573069870006e+06 7.361735701560974121e-01
2.453965573197179940e+06 7.438439726829528809e-01
2.453965573324489873e+06 7.548319697380065918e-01
2.453965573451799806e+06 7.649365067481994629e-01
2.453965573579229880e+06 7.721978425979614258e-01
2.453965573706420138e+06 7.829875946044921875e-01
2.453965573834079783e+06 7.950394749641418457e-01
2.453965573972620070e+06 8.061714172363281250e-01
2.453965574088700116e+06 8.146821856498718262e-01
2.453965574227360077e+06 8.258206844329833984e-01
2.453965574354670011e+06 8.342564702033996582e-01
2.453965574481979944e+06 8.446314930915832520e-01
2.453965574609170202e+06 8.529317975044250488e-01
2.453965574748060200e+06 8.663914799690246582e-01
2.453965574875480030e+06 8.760792016983032227e-01
2.453965575002680067e+06 8.889265060424804688e-01
2.453965575130110141e+06 9.025928974151611328e-01
2.453965575257420074e+06 9.170078039169311523e-01
2.453965575384730007e+06 9.293996691703796387e-01
2.453965575511930045e+06 9.384547472000122070e-01
2.453965575639349874e+06 9.477087259292602539e-01
2.453965575766549911e+06 9.558975100517272949e-01
2.453965575894900132e+06 9.626864194869995117e-01
2.453965576021519955e+06 9.691439867019653320e-01
2.453965576148829889e+06 9.796187877655029297e-01
2.453965576287480071e+06 9.871739745140075684e-01
2.453965576414790004e+06 9.995949864387512207e-01
2.453965576541990042e+06 1.008830785751342773e+00
2.453965576669179834e+06 1.020343899726867676e+00
2.453965576796730049e+06 1.025411963462829590e+00
2.453965576924039982e+06 1.031758069992065430e+00
2.453965577051229775e+06 1.038631200790405273e+00
2.453965577178540174e+06 1.049353122711181641e+00
2.453965577306199819e+06 1.053908586502075195e+00
2.453965577444740105e+06 1.062950611114501953e+00
2.453965577571940143e+06 1.070973634719848633e+00
2.453965577699710149e+06 1.082541227340698242e+00
2.453965577838249970e+06 1.088984370231628418e+00
2.453965577965669800e+06 1.099644422531127930e+00
2.453965578092869837e+06 1.106899738311767578e+00
2.453965578220179770e+06 1.112414240837097168e+00
2.453965578347609844e+06 1.116566061973571777e+00
2.453965578475149814e+06 1.118105053901672363e+00
2.453965578602460213e+06 1.120805978775024414e+00
2.453965578729659785e+06 1.126292705535888672e+00
2.453965578857080080e+06 1.134645581245422363e+00
2.453965578995740041e+06 1.139618873596191406e+00
2.453965579123049974e+06 1.151208758354187012e+00
2.453965579250240233e+06 1.161025285720825195e+00
2.453965579378129914e+06 1.164609074592590332e+00
2.453965579504869878e+06 1.165097355842590332e+00
2.453965579632290173e+06 1.161326766014099121e+00
2.453965579759839922e+06 1.158846259117126465e+00
2.453965579887149855e+06 1.159252643585205078e+00
2.453965580025679898e+06 1.165826916694641113e+00
2.453965580153000075e+06 1.170922040939331055e+00
2.453965580280419905e+06 1.176038861274719238e+00
2.453965580419190228e+06 1.183656215667724609e+00
2.453965580546500161e+06 1.185829401016235352e+00
2.453965580673810095e+06 1.187815666198730469e+00
2.453965580801240169e+06 1.192972540855407715e+00
2.453965580940010026e+06 1.192879319190979004e+00
2.453965581067319959e+06 1.196944355964660645e+00
2.453965581194859929e+06 1.208093404769897461e+00
2.453965581333629787e+06 1.218831896781921387e+00
2.453965581461519934e+06 1.227860331535339355e+00
2.453965581588140223e+06 1.236903309822082520e+00
2.453965581715450156e+06 1.244883775711059570e+00
