2.3192148	13.7449	
2.3192842	13.7419	
2.3193537	13.7336	
2.3194231	13.7388	
2.3194926	13.7414	
2.319562	13.7456	
2.3196315	13.7451	
2.3197009	13.7494	
2.3197704	13.7459	
2.3198398	13.7459	
2.3199092	13.7389	
2.3199787	13.7405	
2.3201176	13.7401	
2.320187	13.7456	
2.3202565	13.7416	
2.3203259	13.7516	
2.3203954	13.7522	
2.3204648	13.7533	
2.3205342	13.7604	
2.3206037	13.7572	
2.3206731	13.7605	
2.3207426	13.7639	
2.320812	13.755	
2.3208815	13.7653	
2.3209509	13.7563	
2.3210204	13.763	
2.3210898	13.7508	
2.3211592	13.7487	
2.3212287	13.7382	
2.3212981	13.7521	
2.3213676	13.7504	
2.321437	13.7419	
2.3215065	13.7417	
2.3215759	13.7452	
2.3216454	13.7496	
2.3217148	13.7475	
2.3217842	13.7485	
2.3218537	13.7371	
2.3219231	13.7524	
2.3219926	13.7477	
2.322062	13.7389	
2.3221315	13.7302	
2.3222009	13.7268	
2.3222704	13.7397	
2.3223398	13.734	
2.3224092	13.7376	
2.3224787	13.7479	
2.3225481	13.7503	
2.3226176	13.7364	
2.322687	13.7449	
2.3227565	13.759	
2.3228259	13.7655	
2.3228954	13.7617	
2.3229648	13.761	
2.3230342	13.7506	
2.3231037	13.7577	
2.3231731	13.7569	
2.3232426	13.7484	
2.323312	13.7439	
2.3233815	13.7491	
2.3234509	13.7457	
2.3235204	13.7606	
2.3235898	13.7722	
2.3236592	13.7738	
2.3237287	13.7744	
2.3237981	13.7492	
2.3238676	13.7679	
2.323937	13.7631	
2.3240065	13.7705	
2.3240759	13.771	
2.3241454	13.7792	
2.3242148	13.7716	
2.3242842	13.7753	
2.3243537	13.7783	
2.3244231	13.7722	
2.3244926	13.778	
2.324562	13.7875	
2.3246315	13.7832	
2.3247009	13.7846	
2.3247704	13.7913	
2.3248398	13.7863	
2.3249092	13.8	
2.3249787	13.7985	
2.3250481	13.8052	
2.3251176	13.8101	
2.325187	13.8089	
2.3252565	13.7985	
2.3253259	13.8116	
2.3253954	13.8039	
2.3254648	13.7965	
2.3255342	13.7965	
2.3256037	13.8154	
2.3256731	13.8208	
2.3257426	13.823	
2.325812	13.8222	
2.3258815	13.8262	
2.3259509	13.8322	
2.3260204	13.8332	
2.3260898	13.8406	
2.3261592	13.843	
2.3262287	13.8481	
2.3263676	13.8524	
2.326437	13.857	
2.3265065	13.8454	
2.3265759	13.8529	
2.3266454	13.8619	
2.3267148	13.8535	
2.3267842	13.8722	
2.3268537	13.8804	
2.3269231	13.8807	
2.3269926	13.8772	
2.3271315	13.8868	
2.3272009	13.8751	
2.3272704	13.8809	
2.3273398	13.8854	
2.3274092	13.8908	
2.3274787	13.8877	
2.3275481	13.8873	
2.3276176	13.8861	
2.327687	13.8992	
2.3277565	13.9024	
2.3278259	13.8973	
2.3278954	13.9079	
2.3279648	13.9062	
2.3280342	13.9043	
2.3281037	13.9145	
2.3281731	13.9087	
2.3282426	13.9127	
2.328312	13.9123	
2.3283815	13.9192	
2.3284509	13.9167	
2.3285204	13.9217	
2.3285898	13.9179	
2.3286592	13.9318	
2.3287287	13.9304	
2.3287981	13.9325	
2.3288676	13.9362	
2.328937	13.9314	
2.3290065	13.9477	
2.3290759	13.9476	
2.3291454	13.9474	
2.3292148	13.9401	
2.3292842	13.9434	
2.3293537	13.9559	
2.3294231	13.9497	
2.3294926	13.9519	
2.329562	13.9512	
2.3296315	13.9473	
2.3297009	13.9523	
2.3297704	13.9399	
2.3298398	13.968	
2.3299092	13.9728	
2.3299787	13.9731	
2.3300481	13.9739	
2.3301176	13.9745	
2.330187	13.9904	
2.3302565	13.9884	
2.3303259	13.9978	
2.3303954	14.0002	
2.3304648	14.0027	
2.3305342	14.0081	
2.3306037	14.0101	
2.3306731	14.0118	
2.3307426	14.0178	
2.330812	14.0175	
2.3308815	14.0303	
2.3309509	14.0442	
2.3310204	14.0429	
2.3310898	14.045	
2.3311592	14.0432	
2.3312287	14.0516	
2.3312981	14.0532	
2.3313676	14.0591	
2.331437	14.0699	
2.3315065	14.079	
2.3315759	14.0825	
2.3316454	14.0703	
2.3317148	14.0957	
2.3317842	14.102	
2.3318537	14.1141	
2.3319231	14.1143	
2.3319926	14.1252	
2.332062	14.1368	
2.3321315	14.1416	
2.3322009	14.1462	
2.3322704	14.1651	
2.3323398	14.1672	
2.3324092	14.1707	
2.3324787	14.1934	
2.3325481	14.1877	
2.3326176	14.1986	
2.332687	14.2032	
2.3327565	14.192	
2.3328259	14.2146	
2.3328954	14.2168	
2.3329648	14.2224	
2.3330342	14.2333	
2.3331037	14.2421	
2.3331731	14.2631	
2.3332426	14.2729	
2.333312	14.2685	
2.3333815	14.2803	
2.3334509	14.2905	
2.3335204	14.3078	
2.3335898	14.3107	
2.3336592	14.3244	
2.3337287	14.332	
2.3337981	14.3402	
2.3338676	14.3319	
2.333937	14.36	
2.3340065	14.3663	
2.3340759	14.3671	
2.3341454	14.3892	
2.3342148	14.3937	
2.3342842	14.4043	
2.3343537	14.4234	
2.3344231	14.4104	
2.3344926	14.4333	
2.334562	14.4384	
2.3346315	14.4401	
2.3347009	14.447	
2.3347704	14.4612	
2.3348398	14.4766	
2.3349092	14.4573	
2.3349787	14.4888	
2.3350481	14.4758	
2.3351176	14.4861	
2.335187	14.4981	
2.3352565	14.5054	
2.3353259	14.5252	
2.3353954	14.5299	
2.3354648	14.5273	
2.3355342	14.5427	
2.3356037	14.5613	
2.3356731	14.5781	
2.3357426	14.5753	
2.335812	14.5879	
2.3358815	14.6069	
2.3359509	14.6107	
2.3360204	14.5961	
2.3360898	14.6142	
2.3361592	14.6371	
2.3362287	14.6422	
2.3362981	14.6576	
2.336437	14.6693	
2.3365065	14.6603	
2.3365759	14.6429	
2.3366454	14.6688	
2.3367148	14.6801	
2.3367842	14.6982	
2.3368537	14.7088	
2.3369231	14.7177	
2.3369926	14.7415	
2.337062	14.7399	
2.3371315	14.7385	
2.3372009	14.7488	
2.3372704	14.7384	
2.3373398	14.776	
2.3374092	14.7531	
2.3374787	14.7759	
2.3375481	14.7936	
2.3376176	14.793	
2.337687	14.8036	
2.3377565	14.7909	
2.3378259	14.813	
2.3378954	14.7882	
2.3379648	14.7805	
2.3380342	14.7944	
2.3381037	14.8167	
2.3381731	14.8311	
2.3382426	14.8351	
2.338312	14.8355	
2.3383815	14.8244	
2.3384509	14.8182	
2.3385204	14.8479	
2.3385898	14.8335	
2.3386592	14.8399	
2.3387287	14.8448	
2.3387981	14.8362	
2.3388676	14.8366	
2.338937	14.8551	
2.3390065	14.8571	
2.3390759	14.8522	
2.3391454	14.8678	
2.3392148	14.8919	
2.3392842	14.8742	
2.3393537	14.8451	
2.3394231	14.8787	
2.3394926	14.8468	
2.339562	14.8746	
2.3396315	14.8601	
2.3397009	14.875	
2.3397704	14.8878	
2.3398398	14.8838	
2.3399092	14.885	
2.3399787	14.8801	
2.3400481	14.8645	
2.3401176	14.8845	
2.340187	14.8879	
2.3402565	14.8926	
2.3403259	14.877	
2.3403954	14.9097	
2.3404648	14.9095	
2.3405342	14.8846	
2.3406037	14.881	
2.3406731	14.9002	
2.3407426	14.8927	
2.340812	14.8754	
2.3408815	14.8928	
2.3409509	14.8759	
2.3410204	14.8758	
2.3410898	14.865	
2.3411592	14.8481	
2.3412287	14.8754	
2.3412981	14.8712	
2.3413676	14.8666	
2.341437	14.8881	
2.3415065	14.8798	
2.3415759	14.8746	
2.3416454	14.8703	
2.3417148	14.8675	
2.3417842	14.866	
2.3418537	14.8352	
2.3419231	14.8242	
2.3419926	14.8117	
2.342062	14.8381	
2.3421315	14.8327	
2.3422009	14.8103	
2.3422704	14.8354	
2.3423398	14.7938	
2.3424092	14.7922	
2.3424787	14.7966	
2.3425481	14.7879	
2.3426176	14.7793	
2.342687	14.7889	
2.3427565	14.776	
2.3428259	14.7687	
2.3428954	14.7648	
2.3429648	14.7678	
2.3430342	14.7689	
2.3431037	14.7533	
2.3431731	14.7485	
2.3432426	14.7505	
2.343312	14.7419	
2.3433815	14.7349	
2.3434509	14.7364	
2.3435204	14.7207	
2.3435898	14.6964	
2.3436592	14.6957	
2.3437287	14.6908	
2.3437981	14.6837	
2.343937	14.6833	
2.3440065	14.6738	
2.3440759	14.6543	
2.3441454	14.6475	
2.3442148	14.655	
2.3442842	14.629	
2.3443537	14.6387	
2.3444231	14.631	
2.3444926	14.6444	
2.344562	14.6479	
2.3446315	14.6154	
2.3447009	14.5964	
2.3447704	14.6035	
2.3448398	14.5954	
2.3449092	14.5715	
2.3449787	14.577	
2.3450481	14.5882	
2.3451176	14.5778	
2.345187	14.5579	
2.3452565	14.5535	
2.3453259	14.579	
2.3453954	14.558	
2.3454648	14.5199	
2.3455342	14.5241	
2.3456037	14.498	
2.3456731	14.5485	
2.3457426	14.5125	
2.345812	14.5006	
2.3458815	14.4966	
2.3459509	14.4977	
2.3460204	14.4808	
2.3460898	14.4663	
2.3461592	14.4713	
2.3462287	14.4635	
2.3462981	14.442	
2.346437	14.4448	
2.3465065	14.4169	
2.3465759	14.4151	
2.3466454	14.4019	
2.3467148	14.4186	
2.3467842	14.3827	
2.3468537	14.3955	
2.3469231	14.3586	
2.347062	14.3829	
2.3471315	14.3654	
2.3472009	14.362	
2.3472704	14.3545	
2.3473398	14.3431	
2.3474092	14.3443	
2.3474787	14.3508	
2.3475481	14.3436	
2.3476176	14.3374	
2.347687	14.3194	
2.3477565	14.3172	
2.3478259	14.3206	
2.3478954	14.2972	
2.3479648	14.2978	
2.3480342	14.2932	
2.3481037	14.289	
2.3481731	14.2856	
2.3482426	14.2982	
2.348312	14.283	
2.3483815	14.2688	
2.3484509	14.2851	
2.3485204	14.2804	
2.3485898	14.2606	
2.3486592	14.2702	
2.3487287	14.2413	
2.3487981	14.2444	
2.3488676	14.2568	
2.348937	14.2484	
2.3490065	14.2415	
2.3490759	14.2387	
2.3491454	14.2328	
2.3492148	14.2143	
2.3492842	14.2318	
2.3493537	14.2031	
2.3494231	14.2157	
2.3494926	14.1735	
2.349562	14.1946	
2.3496315	14.1862	
2.3497009	14.1677	
2.3497704	14.2018	
2.3498398	14.1754	
2.3499092	14.1612	
2.3499787	14.1504	
2.3500481	14.1704	
2.3501176	14.1321	
2.350187	14.146	
2.3502565	14.181	
2.3503259	14.158	
2.3503954	14.1585	
2.3504648	14.1636	
2.3505342	14.1526	
2.3506037	14.1556	
2.3506731	14.1423	
2.3507426	14.1347	
2.350812	14.1388	
2.3508815	14.1239	
2.3509509	14.1378	
2.3510204	14.1288	
2.3510898	14.1121	
2.3511592	14.1215	
2.3512287	14.1335	
2.3512981	14.1207	
2.3513676	14.1218	
2.351437	14.1104	
2.3515065	14.1207	
2.3515759	14.0906	
2.3516454	14.1123	
2.3517148	14.1037	
2.3517842	14.0758	
2.3518537	14.0875	
2.3519231	14.1042	
2.3519926	14.0919	
2.352062	14.0957	
2.3521315	14.0854	
2.3522009	14.0752	
2.3522704	14.0842	
2.3523398	14.08	
2.3524092	14.0679	
2.3524787	14.0404	
2.3525481	14.0549	
2.3526176	14.0393	
2.352687	14.0457	
2.3527565	14.0277	
2.3528259	14.0301	
2.3528954	14.0219	
2.3529648	14.023	
2.3530342	14.032	
2.3531037	14.0327	
2.3531731	14.0188	
2.3532426	14.0135	
2.353312	14.0282	
2.3533815	14.0308	
2.3534509	14.0188	
2.3535204	14.0069	
2.3535898	14.0072	
2.3536592	13.99	
2.3537287	13.9994	
2.3537981	13.991	
2.3538676	13.9706	
2.353937	13.9662	
2.3540065	13.9685	
2.3540759	13.9756	
2.3541454	13.9674	
2.3542148	13.9621	
2.3542842	13.9433	
2.3543537	13.9569	
2.3544231	13.9651	
2.3544926	13.9376	
2.354562	13.9384	
2.3546315	13.9379	
2.3547009	13.9253	
2.3547704	13.9165	
2.3548398	13.903	
2.3549092	13.9101	
2.3549787	13.9099	
2.3550481	13.8941	
2.3551176	13.8955	
2.355187	13.9292	
2.3552565	13.9073	
2.3553259	13.9184	
2.3553954	13.9085	
2.3554648	13.9088	
2.3555342	13.8869	
2.3556037	13.9056	
2.3556731	13.9169	
2.3557426	13.9239	
2.355812	13.9142	
2.3558815	13.8943	
2.3559509	13.8894	
2.3560204	13.8675	
2.3560898	13.8712	
2.3561592	13.852	
2.3562287	13.89	
2.3562981	13.8837	
2.3563676	13.8756	
2.356437	13.8738	
2.3565065	13.8826	
2.3565759	13.8577	
2.3566454	13.8596	
2.3567148	13.8644	
2.3567842	13.8749	
2.3568537	13.8755	
2.3569231	13.9083	
2.3569926	13.8882	
2.357062	13.8964	
2.3571315	13.8799	
2.3572009	13.896	
2.3572704	13.899	
2.3573398	13.8804	
2.3574092	13.8946	
2.3574787	13.871	
2.3575481	13.8885	
2.3576176	13.8781	
2.357687	13.8891	
2.3577565	13.8793	
2.3578259	13.8427	
2.3578954	13.8313	
2.3579648	13.8572	
2.3580342	13.8586	
2.3581037	13.8471	
2.3581731	13.849	
2.3582426	13.8508	
2.358312	13.8374	
2.3583815	13.8541	
2.3584509	13.8515	
2.3585204	13.862	
2.3585898	13.825	
2.3586592	13.8294	
2.3587287	13.8213	
2.3587981	13.8419	
2.3588676	13.8429	
2.358937	13.8368	
2.3590065	13.8435	
2.3590759	13.8474	
2.3591454	13.8429	
2.3592148	13.8425	
2.3592842	13.8457	
2.3593537	13.857	
2.3594231	13.862	
2.3594926	13.8364	
2.359562	13.8512	
2.3596315	13.834	
2.3597009	13.8353	
2.3597704	13.8325	
2.3598398	13.831	
2.3599092	13.8131	
2.3599787	13.8214	
2.3600481	13.8158	
2.3601176	13.8124	
2.360187	13.8094	
2.3602565	13.8195	
2.3603259	13.8053	
2.3603954	13.8183	
2.3604648	13.8025	
2.3605342	13.7854	
2.3606037	13.7889	
2.3606731	13.8119	
2.3607426	13.7964	
2.360812	13.7924	
2.3608815	13.7991	
2.3609509	13.7896	
2.3610204	13.7754	
2.3610898	13.799	
2.3611592	13.7872	
2.3612287	13.7809	
2.3612981	13.794	
2.3613676	13.7745	
2.361437	13.7613	
2.3615065	13.7704	
2.3615759	13.7687	
2.3616454	13.7596	
2.3617148	13.7743	
2.3617842	13.7581	
2.3618537	13.7575	
2.3619231	13.7675	
2.3619926	13.7709	
2.362062	13.7599	
2.3621315	13.7727	
2.3622009	13.7612	
2.3622704	13.7651	
2.3623398	13.7676	
2.3624092	13.7878	
2.3624787	13.7681	
2.3625481	13.7799	
2.3626176	13.776	
2.362687	13.7359	
2.3627565	13.7359	
2.3628259	13.7359	
2.3628954	13.7359	
2.3629648	13.7906	
2.3630342	13.7839	
2.3631731	13.7796	
2.3632426	13.7855	
2.363312	13.7757	
2.3633815	13.7766	
2.3634509	13.775	
2.3635204	13.7733	
2.3635898	13.7662	
2.3636592	13.7555	
2.3637287	13.7634	
2.3637981	13.7714	
2.3638676	13.7691	
2.363937	13.7649	
2.3640065	13.7781	
2.3640759	13.7677	
2.3641454	13.7668	
2.3642148	13.7768	
2.3642842	13.7778	
2.3643537	13.7876	
2.3644231	13.7682	
2.3644926	13.7793	
2.364562	13.7739	
2.3646315	13.777	
2.3647009	13.7668	
2.3647704	13.7668	
2.3648398	13.7714	
2.3649092	13.764	
2.3649787	13.76	
2.3650481	13.7789	
2.3651176	13.7621	
2.365187	13.7699	
2.3652565	13.7777	
2.3653259	13.7863	
2.3653954	13.7892	
2.3654648	13.8056	
2.3655342	13.7904	
2.3656037	13.7948	
2.3656731	13.8092	
2.3657426	13.7951	
2.365812	13.7899	
2.3658815	13.777	
2.3659509	13.7792	
2.3660204	13.771	
2.3660898	13.7667	
2.3661592	13.7654	
2.3662287	13.7876	
2.3662981	13.785	
2.3663676	13.7953	
2.366437	13.7927	
2.3665065	13.7892	
2.3665759	13.7897	
2.3666454	13.792	
2.3667148	13.788	
2.3667842	13.8	
2.3668537	13.7994	
2.3669231	13.8065	
2.3669926	13.8137	
2.367062	13.8122	
2.3671315	13.7905	
2.3672009	13.7835	
2.3673398	13.8158	
2.3674092	13.8171	
2.3674787	13.8125	
2.3675481	13.8175	
2.3676176	13.8215	
2.367687	13.8169	
2.3677565	13.8176	
2.3678259	13.8211	
2.3678954	13.8277	
2.3679648	13.8326	
2.3680342	13.8462	
2.3681037	13.8238	
2.3681731	13.8279	
2.3682426	13.8233	
2.368312	13.8256	
2.3685204	13.8096	
2.3685898	13.8153	
2.3686592	13.811	
2.3687287	13.8176	
2.3687981	13.8201	
2.3688676	13.8052	
2.368937	13.8099	
2.3690065	13.8188	
2.3690759	13.8234	
2.3691454	13.8153	
2.3692148	13.8077	
2.3692842	13.7912	
2.3693537	13.8097	
2.3694231	13.8106	
2.3694926	13.8025	
2.369562	13.8108	
2.3696315	13.8031	
2.3697009	13.8117	
2.3697704	13.8323	
2.3698398	13.804	
2.3699092	13.8218	
2.3699787	13.8063	
2.3700481	13.8127	
2.3701176	13.8134	
2.370187	13.8154	
2.3702565	13.8135	
2.3703259	13.8214	
2.3703954	13.8146	
2.3704648	13.8303	
2.3705342	13.8112	
2.3706037	13.8168	
2.3706731	13.8275	
2.3707426	13.8123	
2.370812	13.8266	
2.3708815	13.8322	
2.3709509	13.8328	
2.3710204	13.8428	
2.3710898	13.8286	
2.3711592	13.8267	
2.3712287	13.8276	
2.3712981	13.8269	
2.3713676	13.8121	
2.371437	13.8131	
2.3715065	13.8165	
2.3715759	13.826	
2.3716454	13.8174	
2.3717148	13.8271	
2.3717842	13.813	
2.3718537	13.82	
2.3719231	13.8165	
2.3719926	13.8187	
2.372062	13.8169	
2.3721315	13.8195	
2.3722704	13.8237	
2.3723398	13.7965	
2.3724092	13.8082	
2.3724787	13.8078	
2.3725481	13.8081	
2.372687	13.8174	
2.3727565	13.81	
2.3728259	13.8128	
2.3728954	13.8029	
2.3729648	13.7995	
2.3730342	13.8035	
2.3731037	13.8168	
2.3731731	13.7978	
2.3732426	13.8048	
2.373312	13.8142	
2.3733815	13.8092	
2.3735204	13.8086	
2.3735898	13.8135	
2.3736592	13.8041	
2.3737287	13.8078	
2.3737981	13.8083	
2.3738676	13.8058	
2.373937	13.7861	
2.3740065	13.8096	
2.3740759	13.8007	
2.3741454	13.8017	
2.3742148	13.7942	
2.3742842	13.7887	
2.3743537	13.7932	
2.3744231	13.8026	
2.3744926	13.8072	
2.374562	13.8109	
2.3747009	13.8172	
2.3747704	13.8251	
2.3748398	13.8139	
2.3749092	13.8043	
2.3749787	13.8039	
2.3750481	13.8001	
2.3751176	13.781	
2.375187	13.7964	
2.3752565	13.8069	
2.3753259	13.8018	
2.3753954	13.7903	
2.3754648	13.7812	
2.3755342	13.7866	
2.3756731	13.7832	
2.375812	13.8016	
2.3758815	13.8062	
2.3759509	13.796	
2.3760204	13.7852	
2.3760898	13.7961	
2.3761592	13.8024	
2.3762287	13.8008	
2.3762981	13.7922	
2.3763676	13.7984	
2.376437	13.7951	
2.3765065	13.7812	
2.3765759	13.7877	
2.3766454	13.7845	
2.3767148	13.7971	
2.3767842	13.7987	
2.3768537	13.8009	
2.3769231	13.7911	
2.3769926	13.8007	
2.377062	13.7962	
2.3771315	13.7968	
2.3772009	13.811	
2.3772704	13.8054	
2.3773398	13.8168	
2.3774092	13.8127	
2.3775481	13.7932	
2.3776176	13.7944	
2.377687	13.791	
2.3777565	13.7953	
2.3778259	13.7848	
2.3778954	13.7905	
2.3779648	13.7924	
2.3780342	13.7805	
2.3781037	13.7906	
2.3781731	13.7966	
2.3782426	13.7765	
2.378312	13.7678	
2.3783815	13.777	
2.3784509	13.7582	
2.3785204	13.804	
2.3785898	13.7832	
2.3786592	13.7809	
2.3787287	13.7759	
2.3787981	13.7765	
2.3788676	13.7702	
2.378937	13.7661	
2.3790065	13.7845	
2.3790759	13.7857	
2.3791454	13.781	
2.3792148	13.7906	
2.3792842	13.7865	
2.3794231	13.7798	
2.3794926	13.7787	
2.379562	13.7811	
2.3796315	13.7679	
2.3797009	13.7695	
2.3797704	13.7622	
2.3798398	13.752	
2.3799092	13.7652	
2.3799787	13.7496	
2.3800481	13.7343	
2.3801176	13.7635	
2.380187	13.7737	
2.3802565	13.758	
2.3803259	13.7658	
2.3803954	13.7783	
2.3804648	13.7657	
2.3805342	13.7611	
2.3806037	13.752	
2.3806731	13.7708	
2.3807426	13.7688	
2.380812	13.7678	
2.3808815	13.7639	
2.3809509	13.7727	
2.3810204	13.7828	
2.3810898	13.7755	
2.3811592	13.7783	
2.3812287	13.7718	
2.3812981	13.7821	
2.3813676	13.7788	
2.381437	13.7838	
2.3815065	13.7923	
2.3815759	13.7986	
2.3816454	13.802	
2.3817148	13.7928	
2.3817842	13.7985	
2.3818537	13.7965	
2.3819231	13.7924	
2.3819926	13.7801	
2.382062	13.8095	
2.3821315	13.8033	
2.3822009	13.7845	
2.3822704	13.7939	
2.3823398	13.8019	
2.3824787	13.8006	
2.3825481	13.8016	
2.3826176	13.7926	
2.382687	13.8122	
2.3828259	13.8082	
2.3828954	13.8137	
2.3829648	13.8185	
2.3830342	13.8085	
2.3831731	13.8409	
2.383312	13.8103	
2.3833815	13.8219	
2.3834509	13.8276	
2.3835204	13.8097	
2.3835898	13.8025	
2.3836592	13.8145	
2.3837287	13.824	
2.3837981	13.8112	
2.3838676	13.807	
2.383937	13.8208	
2.3840065	13.8259	
2.3840759	13.8111	
2.3841454	13.8187	
2.3842148	13.8229	
2.3842842	13.8276	
2.3843537	13.8416	
2.3844231	13.8302	
2.3844926	13.8243	
2.384562	13.8404	
2.3846315	13.8269	
2.3847009	13.8255	
2.3847704	13.8255	
2.3848398	13.8248	
2.3849092	13.8191	
2.3849787	13.8088	
2.3850481	13.8179	
2.385187	13.8299	
2.3852565	13.8346	
2.3853259	13.8242	
2.3853954	13.8312	
2.3854648	13.8299	
2.3855342	13.8248	
2.3856037	13.8251	
2.3856731	13.8264	
2.3857426	13.8284	
2.385812	13.8149	
2.3858815	13.8123	
2.3859509	13.8163	
2.3860204	13.818	
2.3860898	13.8229	
2.3861592	13.8181	
2.3862287	13.8219	
2.3862981	13.8292	
2.3863676	13.8337	
2.386437	13.8303	
2.3865065	13.8485	
2.3865759	13.8242	
2.3866454	13.8402	
2.3867148	13.8299	
2.3867842	13.8311	
2.3868537	13.832	
2.3869231	13.8407	
2.3869926	13.8361	
2.387062	13.8258	
2.3871315	13.8353	
2.3872009	13.8299	
2.3872704	13.834	
2.3873398	13.8302	
2.3874092	13.817	
2.3874787	13.837	
2.3875481	13.839	
2.3876176	13.8274	
2.387687	13.8246	
2.3877565	13.8214	
2.3878259	13.8222	
2.3878954	13.8202	
2.3879648	13.8264	
2.3880342	13.8045	
2.3881037	13.8022	
2.3881731	13.8147	
2.3882426	13.8201	
2.388312	13.8043	
2.3883815	13.7957	
2.3884509	13.8203	
2.3885204	13.8106	
2.3885898	13.7924	
2.3886592	13.8048	
2.3887287	13.8144	
2.3888676	13.8337	
2.388937	13.8153	
2.3890065	13.831	
2.3890759	13.8303	
2.3891454	13.8191	
2.3892148	13.8341	
2.3892842	13.8079	
2.3893537	13.829	
2.3894231	13.8112	
2.3894926	13.821	
2.389562	13.8155	
2.3896315	13.8351	
2.3897704	13.8234	
2.3898398	13.8273	
2.3899092	13.8237	
2.3899787	13.8157	
2.3900481	13.85	
2.3901176	13.8258	
2.390187	13.8259	
2.3902565	13.8381	
2.3903259	13.8114	
2.3903954	13.8338	
2.3904648	13.8117	
2.3905342	13.8227	
2.3906037	13.8219	
2.3906731	13.8192	
2.3907426	13.8167	
2.390812	13.8065	
2.3908815	13.7905	
2.3909509	13.795	
2.3910204	13.8003	
2.3910898	13.8154	
2.3911592	13.8025	
2.3912287	13.7932	
2.3912981	13.7875	
2.3913676	13.7959	
2.391437	13.803	
2.3915065	13.8069	
2.3915759	13.8154	
2.3916454	13.803	
2.3917148	13.7928	
2.3917842	13.8105	
2.3918537	13.8022	
2.3919231	13.8021	
2.3919926	13.8053	
2.392062	13.8029	
2.3921315	13.8174	
2.3922009	13.8063	
2.3922704	13.797	
2.3923398	13.7887	
2.3924092	13.8042	
2.3924787	13.797	
2.3925481	13.7935	
2.3926176	13.7722	
2.392687	13.7861	
2.3927565	13.7732	
2.3928259	13.795	
2.3928954	13.7735	
2.3929648	13.7913	
2.3930342	13.7848	
2.3931037	13.7576	
2.3931731	13.7638	
2.3932426	13.7619	
2.393312	13.7497	
2.3933815	13.7364	
2.3934509	13.7505	
2.3935204	13.7436	
2.3935898	13.7392	
2.3936592	13.7415	
2.3937287	13.7351	
2.3937981	13.7454	
2.3938676	13.7307	
2.3940065	13.7471	
2.3941454	13.7236	
2.3942148	13.7408	
2.3942842	13.7321	
2.3943537	13.7295	
2.3944231	13.7409	
2.3944926	13.7193	
2.394562	13.7287	
2.3946315	13.7216	
2.3947009	13.7355	
2.3947704	13.7451	
2.3948398	13.7354	
2.3949092	13.7445	
2.3949787	13.7247	
2.3950481	13.7294	
2.3951176	13.749	
2.395187	13.7251	
2.3952565	13.7317	
2.3953259	13.7182	
2.3953954	13.7176	
2.3954648	13.7101	
2.3955342	13.6986	
2.3956037	13.7133	
2.3956731	13.7328	
2.3957426	13.7104	
2.395812	13.7121	
2.3958815	13.7134	
2.3959509	13.7179	
2.3960204	13.6898	
2.3960898	13.6898	
2.3961592	13.6898	
2.3962287	13.6989	
2.3962981	13.7	
2.3963676	13.7086	
2.396437	13.7027	
2.3965065	13.6952	
2.3965759	13.6944	
2.3969231	13.7	
2.3969926	13.683	
2.397062	13.7034	
2.3972009	13.6866	
2.3973398	13.6764	
2.3974092	13.6859	
2.3974787	13.6859	
2.4096315	13.7226	
2.4097009	13.7226	
2.4097704	13.7462	
2.4098398	13.6827	
2.4099092	13.704	
2.4099787	13.7204	
2.4100481	13.7204	
2.4101176	13.7204	
2.410187	13.7204	
2.4102565	13.7204	
2.4103259	13.7204	
2.4103954	13.7204	
2.4104648	13.7204	
2.4105342	13.7204	
2.4106037	13.7204	
2.4106731	13.7204	
2.4107426	13.7204	
2.410812	13.7204	
2.4108815	13.7204	
2.4109509	13.7259	
2.4110204	13.7384	
2.4110898	13.7384	
2.4111592	13.7384	
2.4112287	13.7384	
2.4112981	13.7116	
2.4113676	13.7367	
2.411437	13.7367	
2.4115065	13.7367	
2.4115759	13.7367	
2.4116454	13.7367	
2.4117148	13.7367	
2.4117842	13.6809	
2.4118537	13.7167	
2.4119231	13.7093	
2.4119926	13.7188	
2.412062	13.7187	
2.4121315	13.7246	
2.4122009	13.7125	
2.4122704	13.7316	
2.4123398	13.7221	
2.4124092	13.7096	
2.4124787	13.7142	
2.4125481	13.7295	
2.4126176	13.7149	
2.412687	13.7046	
2.4127565	13.719	
2.4128259	13.7069	
2.4128954	13.7021	
2.4129648	13.6971	
2.4130342	13.6947	
2.4131037	13.7058	
2.4131731	13.6974	
2.4132426	13.6979	
2.413312	13.7287	
2.4133815	13.7181	
2.4134509	13.7246	
2.4135204	13.7145	
2.4135898	13.7229	
2.4136592	13.7052	
2.4137287	13.7016	
2.4137981	13.7	
2.4138676	13.7059	
2.413937	13.726	
2.4140065	13.6463	
2.4140759	13.7016	
2.4144231	13.7009	
2.4144926	13.68	
2.414562	13.6688	
2.4146315	13.6783	
2.4148398	13.6898	
2.4149092	13.6749	
2.4149787	13.6815	
2.4150481	13.6699	
2.4151176	13.6862	
2.415187	13.6788	
2.4152565	13.6798	
2.4153259	13.6701	
2.4153954	13.6765	
2.4154648	13.6475	
2.4155342	13.681	
2.4156037	13.6686	
2.4156731	13.6714	
2.4157426	13.66	
2.415812	13.6806	
2.4158815	13.6873	
2.4159509	13.6631	
2.4160204	13.6907	
2.4160898	13.6897	
2.4161592	13.6908	
2.4162287	13.6547	
2.4162981	13.6744	
2.4163676	13.6747	
2.416437	13.6668	
2.4165065	13.6417	
2.4165759	13.673	
2.4166454	13.6743	
2.4167842	13.6475	
2.4168537	13.6641	
2.4169231	13.6452	
2.4169926	13.6382	
2.417062	13.6283	
2.4171315	13.6478	
2.4172009	13.6478	
2.4172704	13.6345	
2.4173398	13.6253	
2.4174092	13.6077	
2.4174787	13.6247	
2.4175481	13.6109	
2.4176176	13.616	
2.417687	13.6112	
2.4177565	13.6355	
2.4178259	13.6504	
2.4178954	13.6247	
2.4180342	13.6223	
2.4181037	13.6445	
2.4181731	13.668	
2.4182426	13.624	
2.418312	13.6435	
2.4183815	13.6499	
2.4184509	13.6337	
2.4185204	13.643	
2.4185898	13.6574	
2.4186592	13.6529	
2.4187287	13.6529	
2.4187981	13.629	
2.4188676	13.6397	
2.418937	13.6431	
2.4190065	13.6431	
2.4190759	13.6474	
2.4191454	13.6403	
2.4192148	13.632	
2.4192842	13.6562	
2.4193537	13.6508	
2.4194231	13.643	
2.4194926	13.6308	
2.419562	13.6448	
2.4196315	13.6363	
2.4197009	13.6611	
2.4197704	13.6581	
2.4198398	13.658	
2.4199092	13.6538	
2.4199787	13.6514	
2.4200481	13.6409	
2.4201176	13.6359	
2.420187	13.6528	
2.4202565	13.6356	
2.4203259	13.6467	
2.4203954	13.6431	
2.4204648	13.6444	
2.4205342	13.6383	
2.4206037	13.6439	
2.4206731	13.6342	
2.4207426	13.6358	
2.420812	13.6247	
2.4208815	13.6398	
2.4209509	13.6384	
2.4210204	13.6605	
2.4210898	13.6456	
2.4211592	13.6431	
2.4212287	13.6378	
2.4212981	13.6551	
2.4213676	13.6387	
2.421437	13.6579	
2.4215065	13.6442	
2.4215759	13.6523	
2.4216454	13.6546	
2.4217148	13.6575	
2.4217842	13.6306	
2.4218537	13.6318	
2.4219231	13.6349	
2.4219926	13.6274	
2.422062	13.6498	
2.4221315	13.6207	
2.4222009	13.6251	
2.4222704	13.6374	
2.4223398	13.6272	
2.4224092	13.6336	
2.4224787	13.633	
2.4225481	13.6264	
2.4226176	13.6399	
2.422687	13.6195	
2.4227565	13.6288	
2.4228259	13.6232	
2.4228954	13.6329	
2.4229648	13.6359	
2.4230342	13.6454	
2.4231037	13.6195	
2.4231731	13.6331	
2.4232426	13.6413	
2.423312	13.625	
2.4233815	13.626	
2.4234509	13.6265	
2.4235204	13.6265	
2.4235898	13.6245	
2.4236592	13.6224	
2.4237287	13.6184	
2.4237981	13.6148	
2.4238676	13.6065	
2.423937	13.6182	
2.4240065	13.6219	
2.4240759	13.6334	
2.4241454	13.6048	
2.4242148	13.6105	
2.4242842	13.6281	
2.4243537	13.6295	
2.4244231	13.5898	
2.4244926	13.6268	
2.424562	13.6721	
2.4246315	13.6282	
2.4247009	13.6179	
2.4248398	13.6351	
2.4249092	13.581	
2.4251176	13.5849	
2.425187	13.6127	
2.4252565	13.6005	
2.4253259	13.5918	
2.4253954	13.5918	
2.4277565	13.5864	
2.4278259	13.586	
2.4278954	13.5898	
2.4279648	13.594	
2.4282426	13.6133	
2.428312	13.5832	
2.4284509	13.6139	
2.4285204	13.5776	
2.4286592	13.5849	
2.4287287	13.5589	
2.4287981	13.5589	
2.4288676	13.5589	
2.428937	13.5589	
2.4290065	13.5589	
2.4290759	13.5589	
2.4291454	13.5589	
2.4292148	13.5589	
2.4292842	13.5589	
2.4296315	13.5578	
2.4297009	13.5946	
2.4297704	13.6185	
2.4298398	13.6357	
2.4299092	13.6461	
2.4299787	13.6217	
2.4300481	13.6306	
2.4301176	13.6556	
2.430187	13.6706	
2.4302565	13.6706	
2.4303259	13.6706	
2.4303954	13.6706	
2.4304648	13.6706	
2.4305342	13.6706	
2.4306037	13.6706	
2.4306731	13.6706	
2.4307426	13.6706	
2.430812	13.6706	
2.4308815	13.6706	
2.4309509	13.6706	
2.4310204	13.6706	
2.4310898	13.6706	
2.4311592	13.6706	
2.4312287	13.5828	
2.4312981	13.6069	
2.4313676	13.5889	
2.431437	13.6083	
2.4315065	13.6034	
2.4315759	13.6138	
2.4316454	13.6272	
2.4317148	13.6297	
2.4317842	13.5791	
2.4318537	13.6	
2.4319231	13.655	
2.4319926	13.6415	
2.432062	13.6549	
2.4321315	13.6184	
2.4322009	13.6563	
2.4322704	13.6451	
2.4323398	13.636	
2.4324092	13.643	
2.4324787	13.6087	
2.4325481	13.6262	
2.4326176	13.6319	
2.432687	13.622	
2.4327565	13.6239	
2.4328259	13.644	
2.4328954	13.6347	
2.4329648	13.6427	
2.4330342	13.6405	
2.4331037	13.6368	
2.4331731	13.623	
2.4332426	13.6222	
2.433312	13.631	
2.4333815	13.6486	
2.4334509	13.6396	
2.4335204	13.6127	
2.4335898	13.6224	
2.4336592	13.6213	
2.4337287	13.6332	
2.4337981	13.5887	
2.4338676	13.6151	
2.433937	13.6343	
2.4340065	13.5872	
2.4340759	13.6649	
2.4341454	13.6283	
2.4342148	13.6214	
2.4342842	13.6526	
2.4343537	13.6275	
2.4344231	13.6294	
2.4344926	13.5986	
2.434562	13.6284	
2.4346315	13.6101	
2.4347009	13.636	
2.4347704	13.626	
2.4348398	13.6047	
2.4349092	13.603	
2.4349787	13.6077	
2.4350481	13.633	
2.4351176	13.6354	
2.435187	13.6234	
2.4352565	13.6234	
2.4353259	13.649	
2.4353954	13.6436	
2.4354648	13.6373	
2.4355342	13.6414	
2.4356037	13.6191	
2.4356731	13.6204	
2.4357426	13.6345	
2.435812	13.6357	
2.4358815	13.6257	
2.4359509	13.6231	
2.4360204	13.6286	
2.4360898	13.6363	
2.4361592	13.6416	
2.4362287	13.6277	
2.4362981	13.6555	
2.4363676	13.6395	
2.436437	13.6611	
2.4365065	13.6493	
2.4365759	13.6547	
2.4366454	13.6568	
2.4367148	13.6502	
2.4367842	13.6595	
2.4368537	13.6493	
2.4369231	13.6691	
2.4369926	13.646	
2.437062	13.6545	
2.4371315	13.6635	
2.4372009	13.6639	
2.4372704	13.6601	
2.4373398	13.6674	
2.4374092	13.6697	
2.4374787	13.6591	
2.4375481	13.6599	
2.4376176	13.6798	
2.437687	13.6969	
2.4377565	13.689	
2.4378259	13.6744	
2.4378954	13.6963	
2.4379648	13.6886	
2.4380342	13.6834	
2.4381037	13.6804	
2.4381731	13.6927	
2.4382426	13.6879	
2.438312	13.683	
2.4383815	13.6877	
2.4384509	13.6838	
2.4385204	13.6774	
2.4385898	13.6904	
2.4386592	13.7029	
2.4387287	13.6928	
2.4387981	13.6946	
2.4388676	13.7104	
2.438937	13.6955	
2.4390065	13.6921	
2.4390759	13.6875	
2.4391454	13.6839	
2.4392148	13.6883	
2.4392842	13.6879	
2.4393537	13.6775	
2.4394231	13.6965	
2.4394926	13.6869	
2.439562	13.6792	
2.4396315	13.7017	
2.4397009	13.695	
2.4397704	13.699	
2.4398398	13.7001	
2.4399092	13.7009	
2.4399787	13.6839	
2.4400481	13.7069	
2.4401176	13.7114	
2.440187	13.6956	
2.4402565	13.7063	
2.4403259	13.7051	
2.4403954	13.6981	
2.4404648	13.6926	
2.4405342	13.7026	
2.4406037	13.6875	
2.4406731	13.6971	
2.4407426	13.6962	
2.440812	13.7087	
2.4408815	13.7032	
2.4409509	13.7041	
2.4410204	13.7093	
2.4410898	13.7022	
2.4411592	13.7007	
2.4412287	13.7012	
2.4413676	13.6995	
2.441437	13.6861	
2.4415065	13.6979	
2.4415759	13.6857	
2.4416454	13.6782	
2.4417842	13.6919	
2.4418537	13.6959	
2.4419231	13.7141	
2.4419926	13.6849	
2.442062	13.7015	
2.4421315	13.7098	
2.4422009	13.7102	
2.4422704	13.6984	
2.4423398	13.6678	
2.4424092	13.6789	
2.4425481	13.6816	
2.4426176	13.6876	
2.442687	13.6829	
2.4427565	13.6835	
2.4428259	13.6783	
2.4428954	13.6706	
2.4429648	13.6811	
2.4430342	13.6947	
2.4431037	13.6655	
2.4431731	13.698	
2.4432426	13.7002	
2.443312	13.6733	
2.4433815	13.6733	
2.4434509	13.6737	
2.4435204	13.6872	
2.4435898	13.6925	
2.4436592	13.7014	
2.4437287	13.687	
2.4437981	13.6739	
2.4438676	13.653	
2.443937	13.6766	
2.4440065	13.6873	
2.4440759	13.6809	
2.4441454	13.6746	
2.4442148	13.6713	
2.4442842	13.6783	
2.4443537	13.6697	
2.4444231	13.6819	
2.4444926	13.6624	
2.444562	13.6737	
2.4446315	13.6688	
2.4447009	13.6844	
2.4447704	13.6569	
2.4449092	13.6662	
2.4449787	13.671	
2.4450481	13.6813	
2.4451176	13.6758	
2.4452565	13.6748	
2.4453259	13.6639	
2.4453954	13.6626	
2.4454648	13.6626	
2.4455342	13.6576	
2.4456037	13.6682	
2.4456731	13.663	
2.4457426	13.6956	
2.4458815	13.6514	
2.4459509	13.6662	
2.4462981	13.6791	
2.4463676	13.6772	
2.446437	13.6715	
2.4465065	13.666	
2.4465759	13.673	
2.4466454	13.6649	
2.4467148	13.6572	
2.4468537	13.6798	
2.4469231	13.675	
2.4469926	13.6502	
2.447062	13.664	
2.4471315	13.6751	
2.4472704	13.6542	
2.4473398	13.6777	
2.4474092	13.6705	
2.4474787	13.6744	
2.4476176	13.6708	
2.447687	13.6685	
2.4477565	13.669	
2.4478259	13.6812	
2.4478954	13.6765	
2.4479648	13.685	
2.4480342	13.6797	
2.4481037	13.6799	
2.4481731	13.6985	
2.4482426	13.7085	
2.448312	13.6805	
2.4483815	13.7073	
2.4484509	13.6916	
2.4485204	13.6927	
2.4485898	13.7015	
2.4486592	13.7004	
2.4487287	13.7281	
2.4487981	13.7146	
2.4488676	13.7118	
2.448937	13.7198	
2.4490065	13.7043	
2.4490759	13.7043	
2.4491454	13.6998	
2.4492148	13.7042	
2.4492842	13.7191	
2.4493537	13.7104	
2.4494231	13.7127	
2.4494926	13.7155	
2.449562	13.7091	
2.4496315	13.7063	
2.4497009	13.7136	
2.4497704	13.7052	
2.4498398	13.7108	
2.4499092	13.7317	
2.4499787	13.7418	
2.4500481	13.743	
2.4501176	13.7258	
2.450187	13.7475	
2.4502565	13.7397	
2.4503259	13.7588	
2.4504648	13.7397	
2.4505342	13.7468	
2.4506037	13.7296	
2.4506731	13.7352	
2.4507426	13.729	
2.450812	13.7186	
2.4508815	13.7263	
2.4510204	13.7495	
2.4510898	13.7537	
2.4511592	13.7336	
2.4512287	13.7517	
2.4512981	13.7546	
2.4513676	13.7364	
2.451437	13.7531	
2.4515065	13.7342	
2.4515759	13.7395	
2.4518537	13.7374	
2.4519231	13.7324	
2.4519926	13.7303	
2.4521315	13.7557	
2.4522704	13.7546	
2.4523398	13.7572	
2.4524092	13.7548	
2.4524787	13.7587	
2.4525481	13.7493	
2.4526176	13.7655	
2.452687	13.773	
2.4527565	13.7595	
2.4528259	13.8587	
2.4528954	13.7744	
2.4529648	13.7746	
2.4530342	13.7679	
2.4531037	13.756	
2.4531731	13.7915	
2.4532426	13.7721	
2.453312	13.8057	
2.4533815	13.7769	
2.4534509	13.7742	
2.4535204	13.7716	
2.4535898	13.7821	
2.4536592	13.7908	
2.4537287	13.7945	
2.4537981	13.7793	
2.4538676	13.7779	
2.453937	13.7896	
2.4540065	13.7805	
2.4541454	13.7843	
2.4542148	13.7869	
2.4542842	13.7832	
2.4544231	13.7931	
2.4544926	13.794	
2.454562	13.7915	
2.4546315	13.7857	
2.4547704	13.8076	
2.4548398	13.7996	
2.4549092	13.7961	
2.4549787	13.7708	
2.4550481	13.7901	
2.4551176	13.7854	
2.455187	13.8191	
2.4552565	13.7874	
2.4553259	13.818	
2.4553954	13.8285	
2.4554648	13.8372	
2.4555342	13.8012	
2.4556731	13.8116	
2.4557426	13.7974	
2.4559509	13.7959	
2.4560204	13.8021	
2.4560898	13.7787	
2.4561592	13.8017	
2.4562287	13.853	
2.4562981	13.83	
2.4563676	13.8261	
2.456437	13.8188	
2.4565065	13.8117	
2.4565759	13.7888	
2.4566454	13.7723	
2.4567148	13.8211	
2.4569231	13.8159	
2.457062	13.8239	
2.4571315	13.8234	
2.4572009	13.8212	
2.4572704	13.7995	
2.4574092	13.7912	
2.4575481	13.8188	
2.457687	13.8115	
2.4577565	13.8111	
2.4578259	13.8121	
2.4578954	13.8184	
2.4579648	13.8156	
2.4581731	13.8193	
2.4582426	13.7878	
2.4583815	13.8183	
2.4584509	13.8143	
2.4585204	13.787	
2.4586592	13.8009	
2.4587287	13.8112	
2.4588676	13.7889	
2.458937	13.7863	
2.4590065	13.7853	
2.4590759	13.7673	
2.4592148	13.7973	
2.4593537	13.7255	
2.4594231	13.7799	
2.4594926	13.7967	
2.459562	13.7963	
2.4596315	13.8021	
2.4597009	13.7945	
2.4597704	13.8186	
2.4598398	13.7824	
2.4599092	13.7803	
2.4599787	13.7994	
2.4600481	13.8081	
2.4601176	13.7715	
2.460187	13.7784	
2.4602565	13.7968	
2.4603259	13.795	
2.4603954	13.7839	
2.4604648	13.7957	
2.4607426	13.7904	
2.460812	13.7941	
2.4608815	13.8118	
2.4609509	13.794	
2.4610204	13.7848	
2.4610898	13.7492	
2.4612287	13.7414	
2.4612981	13.7879	
2.4613676	13.7834	
2.461437	13.7815	
2.4615065	13.7858	
2.4615759	13.7766	
2.4616454	13.7828	
2.4617148	13.7759	
2.4618537	13.7912	
2.4619231	13.8065	
2.4619926	13.8207	
2.462062	13.8105	
2.4621315	13.7695	
2.4622009	13.8116	
2.4623398	13.8087	
2.4624092	13.8062	
2.4625481	13.8036	
2.462687	13.8117	
2.4628259	13.8068	
2.4628954	13.8	
2.4631731	13.8287	
2.4632426	13.8108	
2.463312	13.8012	
2.4635204	13.7966	
2.4635898	13.8138	
2.4637287	13.8387	
2.4637981	13.824	
2.4638676	13.7184	
2.463937	13.8234	
2.4640065	13.8297	
2.4642148	13.8282	
2.4642842	13.8231	
2.4643537	13.834	
2.4644231	13.8454	
2.4644926	13.8456	
2.464562	13.8132	
2.4646315	13.8246	
2.4647009	13.7999	
2.4647704	13.8426	
2.4649092	13.8225	
2.4649787	13.8517	
2.4650481	13.7488	
2.465187	13.8198	
2.4652565	13.8246	
2.4653259	13.8025	
2.4653954	13.8175	
2.4654648	13.8109	
2.4655342	13.8427	
2.4656037	13.7803	
2.4656731	13.8227	
2.4657426	13.8196	
2.465812	13.8392	
2.4659509	13.8284	
2.4660204	13.842	
2.4660898	13.813	
2.4661592	13.8249	
2.4663676	13.8318	
2.466437	13.8004	
2.4665065	13.8128	
2.4665759	13.825	
2.4666454	13.8008	
2.4667148	13.8206	
2.4667842	13.8	
2.4668537	13.8404	
2.4669231	13.8195	
2.4669926	13.8346	
2.467062	13.8142	
2.4671315	13.8276	
2.4672009	13.8382	
2.4672704	13.8455	
2.4673398	13.84	
2.4674092	13.8304	
2.4674787	13.8101	
2.4675481	13.856	
2.4676176	13.829	
2.467687	13.8267	
2.4677565	13.8103	
2.4678954	13.8441	
2.4679648	13.8184	
2.4680342	13.8412	
2.4681037	13.8258	
2.4681731	13.8521	
2.4682426	13.8125	
2.468312	13.851	
2.4683815	13.8348	
2.4684509	13.8459	
2.4685204	13.9213	
2.4685898	13.9238	
2.4686592	13.8658	
2.4687287	13.8352	
2.4687981	13.8226	
2.4688676	13.8483	
2.468937	13.8592	
2.4690065	13.8475	
2.4690759	13.8284	
2.4691454	13.7971	
2.4692148	13.832	
2.4692842	13.8291	
2.4693537	13.8271	
2.4694231	13.8131	
2.4694926	13.8153	
2.469562	13.8239	
2.4696315	13.8325	
2.4697009	13.8286	
2.4697704	13.8154	
2.4698398	13.8349	
2.4699092	13.8269	
2.4699787	13.8475	
2.4700481	13.8164	
2.470187	13.8358	
2.4702565	13.8147	
2.4703259	13.8229	
2.4703954	13.8359	
2.4704648	13.8274	
2.4706037	13.8055	
2.470812	13.8278	
2.4708815	13.8188	
2.4710898	13.851	
2.4711592	13.8154	
2.4712287	13.8224	
2.4712981	13.8312	
2.4713676	13.8191	
2.4715065	13.8264	
2.4715759	13.8136	
2.4716454	13.8418	
2.4717148	13.7831	
2.4718537	13.7399	
2.4719231	13.8176	
2.4719926	13.8149	
2.4721315	13.798	
2.4722009	13.8116	
2.4722704	13.7897	
2.4723398	13.8151	
2.4724092	13.7986	
2.4724787	13.8109	
2.4725481	13.8052	
2.4726176	13.7896	
2.472687	13.7818	
2.4727565	13.8119	
2.4728259	13.7753	
2.4728954	13.83	
2.4729648	13.7989	
2.4730342	13.8189	
2.4731037	13.814	
2.4731731	13.8103	
2.4732426	13.8137	
2.473312	13.8106	
2.4734509	13.8332	
2.4735204	13.8167	
2.4735898	13.8201	
2.4736592	13.8076	
2.4737287	13.8439	
2.4737981	13.8431	
2.4738676	13.7923	
2.473937	13.7916	
2.4740065	13.8117	
2.4740759	13.8198	
2.4741454	13.8205	
2.4742148	13.8199	
2.4742842	13.8056	
2.4743537	13.8033	
2.4744231	13.8104	
2.4744926	13.8454	
2.474562	13.7728	
2.4746315	13.805	
2.4747009	13.7951	
2.4747704	13.8013	
2.4748398	13.7789	
2.4749092	13.7968	
2.4749787	13.7971	
2.4750481	13.8214	
2.4751176	13.7897	
2.475187	13.7725	
2.4752565	13.782	
2.4753259	13.7817	
2.4753954	13.8247	
2.4754648	13.8071	
2.4755342	13.8293	
2.4756037	13.7761	
2.4756731	13.7889	
2.4757426	13.7889	
2.475812	13.8269	
2.4758815	13.8113	
2.4759509	13.7939	
2.4760204	13.8008	
2.4760898	13.7672	
2.4761592	13.8286	
2.4762287	13.7697	
2.4762981	13.7733	
2.4763676	13.7904	
2.476437	13.8095	
2.4765065	13.8071	
2.4765759	13.7735	
2.4766454	13.7688	
2.4767148	13.7956	
2.4767842	13.7625	
2.4768537	13.816	
2.4769231	13.8765	
2.4769926	13.7967	
2.477062	13.7916	
2.4771315	13.8118	
2.4772009	13.7944	
2.4772704	13.7923	
2.4773398	13.8027	
2.4774092	13.7617	
2.4774787	13.7991	
2.4775481	13.7991	
2.4776176	13.7727	
2.477687	13.7821	
2.4777565	13.7673	
2.4778259	13.7692	
2.4778954	13.7836	
2.4779648	13.7782	
2.4780342	13.7914	
2.4781037	13.7769	
2.4781731	13.7391	
2.478312	13.7753	
2.4783815	13.7775	
2.4784509	13.783	
2.4785898	13.7353	
2.4786592	13.7506	
2.4787287	13.7705	
2.4787981	13.7752	
2.4788676	13.7721	
2.4791454	13.7803	
2.4792148	13.7872	
2.4792842	13.7825	
2.4794231	13.7881	
2.4794926	13.7755	
2.479562	13.7888	
2.4796315	13.7747	
2.4797009	13.7772	
2.4797704	13.7736	
2.4798398	13.7932	
2.4799092	13.8024	
2.4800481	13.7891	
2.480187	13.8331	
2.4802565	13.8125	
2.4803259	13.7678	
2.4803954	13.8058	
2.4804648	13.8017	
2.4805342	13.8138	
2.4806731	13.8205	
2.4807426	13.8216	
2.480812	13.8148	
2.4808815	13.8293	
2.4809509	13.8174	
2.4810898	13.815	
2.4812287	13.82	
2.4812981	13.8122	
2.4813676	13.7784	
2.481437	13.8293	
2.4815065	13.8177	
2.4815759	13.8335	
2.4816454	13.8242	
2.4817148	13.8307	
2.4817842	13.8377	
2.4818537	13.8187	
2.4819231	13.8249	
2.4819926	13.8234	
2.4821315	13.8615	
2.4822009	13.8405	
2.4823398	13.8477	
2.4824787	13.8453	
2.4825481	13.8062	
2.4826176	13.8575	
2.4828259	13.8558	
2.4828954	13.8692	
2.4830342	13.8769	
2.4831037	13.8693	
2.4831731	13.8598	
2.4832426	13.8926	
2.483312	13.8537	
2.4834509	13.8986	
2.4835204	13.8813	
2.4835898	13.8884	
2.4836592	13.8866	
2.4837287	13.8807	
2.4837981	13.8975	
2.483937	13.907	
2.4840065	13.9136	
2.4840759	13.8603	
2.4842148	13.9137	
2.4842842	13.9268	
2.4844231	13.9144	
2.4844926	13.9231	
2.484562	13.9204	
2.4847009	13.9373	
2.4847704	13.962	
2.4849092	13.9526	
2.4849787	13.945	
2.4850481	13.9686	
2.4851176	13.9596	
2.485187	13.9363	
2.4852565	13.9684	
2.4853259	13.9767	
2.4853954	13.9886	
2.4854648	13.9916	
2.4855342	13.9915	
2.4856037	13.997	
2.4856731	14.0146	
2.4857426	14.0146	
2.485812	14.0146	
2.4858815	14.0369	
2.4859509	14.0469	
2.4860204	14.0555	
2.4860898	14.0553	
2.4861592	14.0736	
2.4862981	14.0742	
2.4863676	14.0901	
2.486437	14.0912	
2.4865065	14.1012	
2.4865759	14.0661	
2.4866454	14.1068	
2.4867148	14.1205	
2.4867842	14.1426	
2.4868537	14.1471	
2.4869231	14.1613	
2.487062	14.1744	
2.4871315	14.192	
2.4872009	14.2108	
2.4872704	14.2126	
2.4873398	14.2045	
2.4874092	14.2504	
2.4874787	14.2212	
2.4875481	14.2614	
2.4876176	14.2511	
2.4880342	14.3179	
2.4881731	14.3113	
2.4882426	14.3301	
2.488312	14.4053	
2.4883815	14.3349	
2.4884509	14.3792	
2.4885204	14.3588	
2.4885898	14.3582	
2.4886592	14.4057	
2.4887287	14.4125	
2.4887981	14.4154	
2.4888676	14.4209	
2.488937	14.4391	
2.4890065	14.4474	
2.4890759	14.4181	
2.4891454	14.4801	
2.4892148	14.487	
2.4892842	14.4752	
2.4893537	14.5967	
2.4894231	14.4997	
2.4894926	14.5218	
2.489562	14.5367	
2.4896315	14.5178	
2.4897009	14.5348	
2.4898398	14.588	
2.4899092	14.6021	
2.4899787	14.5887	
2.4900481	14.6194	
2.4901176	14.5999	
2.490187	14.6097	
2.4902565	14.6025	
2.4903259	14.6345	
2.4903954	14.6504	
2.4904648	14.6615	
2.4905342	14.6816	
2.4906731	14.6579	
2.4907426	14.676	
2.490812	14.703	
2.4908815	14.7057	
2.4909509	14.7155	
2.4910204	14.7037	
2.4911592	14.7506	
2.4912287	14.7463	
2.4912981	14.7514	
2.4913676	14.7482	
2.4915759	14.7991	
2.4916454	14.7791	
2.4917148	14.7888	
2.4917842	14.7386	
2.4918537	14.8109	
2.4919231	14.8352	
2.4919926	14.7705	
2.4921315	14.7417	
2.4922009	14.7417	
2.4922704	14.8452	
2.4923398	14.8315	
2.4924092	14.8837	
2.4924787	14.9147	
2.4925481	14.8324	
2.4926176	14.8464	
2.492687	14.8657	
2.4927565	14.8505	
2.4928259	14.862	
2.4928954	14.8897	
2.4929648	14.8722	
2.4930342	14.861	
2.4931037	14.8558	
2.4931731	14.8558	
2.493312	14.8755	
2.4933815	14.8663	
2.4934509	14.9365	
2.4935898	14.7849	
2.4936592	14.8494	
2.4937287	14.882	
2.4937981	14.8473	
2.4938676	14.8808	
2.493937	14.8758	
2.4940065	14.8728	
2.4940759	14.8879	
2.4941454	14.9316	
2.4942148	14.8972	
2.4942842	14.8429	
2.4943537	14.8602	
2.4944231	14.866	
2.4944926	14.9078	
2.494562	14.8893	
2.4946315	14.8943	
2.4947009	14.8785	
2.4947704	14.8728	
2.4948398	14.8914	
2.4949092	14.885	
2.4949787	14.8459	
2.4950481	14.9112	
2.4951176	14.9076	
2.495187	14.8834	
2.4952565	14.8565	
2.4953259	14.8908	
2.4953954	14.8632	
2.4954648	14.8441	
2.4955342	14.8374	
2.4956037	14.8374	
2.4956731	14.8794	
2.4957426	14.8606	
2.495812	14.8631	
2.4958815	14.8598	
2.4959509	14.8458	
2.4960204	14.8242	
2.4960898	14.816	
2.4961592	14.8215	
2.4962287	14.8151	
2.4962981	14.818	
2.4963676	14.8388	
2.496437	14.8104	
2.4965065	14.7928	
2.4965759	14.805	
2.4966454	14.7771	
2.4967148	14.7991	
2.4967842	14.7867	
2.4968537	14.8229	
2.4969231	14.7564	
2.4969926	14.7457	
2.497062	14.7168	
2.4971315	14.7501	
2.4972009	14.745	
2.4972704	14.747	
2.4973398	14.7327	
2.4974092	14.7117	
2.4974787	14.7496	
2.4975481	14.719	
2.4976176	14.703	
2.497687	14.7309	
2.4977565	14.7083	
2.4978259	14.7149	
2.4978954	14.6439	
2.4979648	14.6439	
2.4980342	14.6735	
2.4981037	14.6735	
2.4981731	14.6636	
2.4982426	14.6824	
2.498312	14.6596	
2.4983815	14.6652	
2.4984509	14.6141	
2.4985204	14.6196	
2.4985898	14.6155	
2.4986592	14.6152	
2.4987287	14.5969	
2.4987981	14.6923	
2.4988676	14.5963	
2.498937	14.5312	
2.4990065	14.5362	
2.4990759	14.5545	
2.4991454	14.5545	
2.4992148	14.5224	
2.4992842	14.4583	
2.4993537	14.518	
2.4994231	14.518	
2.4994926	14.4969	
2.499562	14.4878	
2.4996315	14.4878	
2.4997009	14.5059	
2.4997704	14.5063	
2.4998398	14.4898	
2.4999092	14.4898	
2.4999787	14.4898	
2.5000481	14.4898	
2.5001176	14.4898	
2.500187	14.4898	
2.5002565	14.3984	
2.5003259	14.3984	
2.5003954	14.3984	
2.5004648	14.3984	
2.5005342	14.3984	
2.5006037	14.3984	
2.5006731	14.3984	
2.5007426	14.3623	
2.500812	14.3623	
2.5008815	14.4423	
2.5009509	14.4423	
2.5010204	14.4423	
