0.2814129	-0.0159	12.2249
0.2814824	0.0	12.2263
0.2815518	-0.0023	12.2276
0.2816213	-0.006	12.2288
0.2816907	-0.0047	12.2301
0.2817601	0.0012	12.2313
0.2818296	-0.0067	12.2325
0.281899	-0.0091	12.2337
0.2819685	-0.0039	12.2349
0.2820379	-0.0045	12.2361
0.2821074	0.0074	12.2372
0.2821768	-0.0048	12.2384
0.2822463	-0.0104	12.2395
0.2823157	-0.0033	12.2406
0.2823851	0.0102	12.2416
0.2824546	-0.0237	12.2427
0.282524	-0.0014	12.2437
0.2825935	-0.0114	12.2447
0.2826629	-0.0052	12.2457
0.2827324	-0.0075	12.2467
0.2828018	-0.0063	12.2476
0.2828713	-0.0114	12.2486
0.2829407	0.0082	12.2495
0.2830101	0.0087	12.2504
0.2830796	0.0062	12.2513
0.283149	0.0151	12.2521
0.2832185	0.0072	12.253
0.2832879	-0.0041	12.2538
0.2833574	0.0221	12.2546
0.2834268	0.0068	12.2554
0.2834963	0.0129	12.2562
0.2835657	-0.001	12.257
0.2836351	0.0062	12.2577
0.2837046	0.0009	12.2584
0.283774	0.0004	12.2592
0.2838435	0.0068	12.2598
0.2839129	-0.0053	12.2605
0.2839824	-0.016	12.2612
0.2840518	0.0191	12.2618
0.2841213	0.0061	12.2624
0.2841907	-0.0034	12.263
0.2842601	-0.0013	12.2636
0.2843296	0.0033	12.2642
0.284399	0.0127	12.2648
0.2844685	-0.0038	12.2653
0.2845379	-0.0035	12.2658
0.2846074	0.0093	12.2663
0.2846768	-0.0068	12.2668
0.2847463	-0.0074	12.2673
0.2848157	-0.0154	12.2678
0.2848851	0.0089	12.2682
0.2849546	-0.0017	12.2686
0.285024	-0.0106	12.2691
0.2850935	-0.0044	12.2695
0.2851629	0.0002	12.2698
0.2852324	0.0012	12.2702
0.2853018	0.0004	12.2705
0.2853713	0.0015	12.2709
0.2854407	0.0034	12.2712
0.2855101	-0.0038	12.2715
0.2855796	0.008	12.2718
0.285649	-0.0132	12.2721
0.2857185	0.0189	12.2723
0.2857879	0.0061	12.2726
0.2858574	0.0068	12.2728
0.2859268	0.013	12.273
0.2859963	0.0198	12.2732
0.2860657	0.0158	12.2734
0.2861351	0.0329	12.2736
0.2862046	0.0201	12.2737
0.286274	0.0249	12.2739
0.2863435	0.0243	12.274
0.2864129	0.0363	12.2741
0.2864824	0.0256	12.2742
0.2865518	0.0229	12.2743
0.2866213	0.0341	12.2744
0.2866907	0.0213	12.2744
0.2867601	0.0336	12.2745
0.2868296	0.0177	12.2745
0.286899	0.0186	12.2745
0.2869685	0.0206	12.2745
0.2870379	0.0275	12.2745
0.2871074	0.0276	12.2745
0.2871768	0.03	12.2744
0.2872463	0.018	12.2744
0.2873157	0.0244	12.2743
0.2873851	0.0222	12.2743
0.2874546	0.0139	12.2742
0.287524	0.0142	12.2741
0.2875935	0.0071	12.2739
0.2876629	0.0108	12.2738
0.2877324	0.0025	12.2737
0.2878018	-0.0066	12.2735
0.2878713	-0.0097	12.2734
0.2879407	-0.0139	12.2732
0.2880101	0.0047	12.273
0.2880796	0.0197	12.2728
0.288149	0.0048	12.2726
0.2882185	0.0073	12.2723
0.2882879	0.0276	12.2721
0.2883574	0.0074	12.2718
0.2884268	0.0163	12.2716
0.2884963	0.0066	12.2713
0.2885657	0.0005	12.271
0.2886351	0.0086	12.2707
0.2887046	0.0023	12.2704
0.288774	0.0063	12.2701
0.2888435	0.0016	12.2697
0.2889129	0.0096	12.2694
0.2889824	0.0077	12.269
0.2890518	0.0243	12.2687
0.2891213	0.0171	12.2683
0.2891907	0.0191	12.2679
0.2892601	0.0279	12.2675
0.2893296	0.0241	12.2671
0.289399	0.0236	12.2667
0.2894685	0.0117	12.2662
0.2895379	0.0077	12.2658
0.2896074	0.0004	12.2653
0.2896768	0.0059	12.2649
0.2897463	0.0043	12.2644
0.2898157	-0.0035	12.2639
0.2898851	0.0016	12.2634
0.2899546	-0.0108	12.2629
0.290024	-0.0103	12.2624
0.2900935	-0.0086	12.2619
0.2901629	-0.0049	12.2613
0.2902324	-0.0019	12.2608
0.2903018	-0.0051	12.2603
0.2903713	-0.0068	12.2597
0.2904407	-0.0028	12.2591
0.2905101	-0.0008	12.2586
0.2905796	-0.0079	12.258
0.290649	-0.0049	12.2574
0.2907185	-0.0081	12.2569
0.2907879	-0.0075	12.2563
0.2908574	-0.0091	12.2557
0.2909268	-0.0247	12.2551
0.2909963	-0.0143	12.2545
0.2910657	-0.0085	12.2539
0.2911351	-0.0088	12.2533
0.2912046	-0.0092	12.2527
0.291274	0.006	12.2521
0.2913435	-0.0069	12.2515
0.2914129	-0.0057	12.2509
0.2914824	-0.0149	12.2503
0.2915518	-0.0094	12.2497
0.2916213	-0.0006	12.2491
0.2916907	-0.0186	12.2485
0.2917601	-0.0119	12.248
0.2918296	-0.0217	12.2474
0.291899	-0.0164	12.2468
0.2919685	-0.0129	12.2462
0.2920379	-0.0096	12.2456
0.2921074	-0.0076	12.2451
0.2921768	-0.0017	12.2445
0.2922463	0.0036	12.2439
0.2923157	0.0035	12.2434
0.2923851	0.0055	12.2429
0.2924546	0.015	12.2423
0.292524	-0.012	12.2418
0.2925935	-0.0088	12.2413
0.2926629	0.0011	12.2408
0.2927324	0.0101	12.2403
0.2928018	0.0179	12.2398
0.2928713	-0.0061	12.2393
0.2929407	0.006	12.2388
0.2930101	0.0002	12.2384
0.2930796	0.0065	12.2379
0.293149	0.0021	12.2375
0.2932185	0.0065	12.237
0.2932879	0.0122	12.2366
0.2933574	0.0277	12.2362
0.2934268	0.0102	12.2359
0.2934963	0.0074	12.2355
0.2935657	-0.0067	12.2351
0.2936351	0.0088	12.2348
0.2937046	0.0099	12.2345
0.293774	-0.0056	12.2342
0.2938435	-0.0103	12.2339
0.2939129	-0.0123	12.2336
0.2939824	-0.0095	12.2334
0.2940518	-0.0111	12.2331
0.2941213	-0.0075	12.2329
0.2941907	-0.0054	12.2327
0.2942601	-0.0025	12.2325
0.2943296	-0.0033	12.2324
0.294399	0.0108	12.2322
0.2944685	0.0243	12.2321
0.2945379	0.0044	12.232
0.2946074	-0.002	12.232
0.2946768	0.0017	12.2319
0.2947463	-0.0018	12.2319
0.2948157	-0.0035	12.2319
0.2948851	0.0075	12.2319
0.2949546	0.0027	12.2319
0.295024	-0.0005	12.232
0.2950935	-0.0084	12.2321
0.2951629	-0.0052	12.2322
0.2952324	-0.0107	12.2324
0.2953018	0.0048	12.2326
0.2953713	-0.0048	12.2328
0.2954407	-0.0051	12.233
0.2955101	-0.0044	12.2332
0.2955796	-0.0058	12.2335
0.295649	-0.0004	12.2338
0.2957185	-0.0031	12.2342
0.2957879	-0.0079	12.2345
0.2958574	0.0112	12.2349
0.2959268	0.0002	12.2353
0.2959963	-0.0183	12.2358
0.2960657	-0.0033	12.2362
0.2961351	-0.0398	12.2367
0.2962046	-0.0035	12.2372
0.296274	-0.01	12.2378
0.2963435	-0.0149	12.2383
0.2964129	-0.0069	12.2389
0.2964824	0.0041	12.2395
0.2965518	-0.0076	12.2402
0.2966213	-0.0255	12.2408
0.2966907	-0.0174	12.2415
0.2967601	-0.0308	12.2422
0.2968296	-0.0182	12.2429
0.296899	-0.0155	12.2436
0.2969685	-0.0165	12.2443
0.2970379	-0.0173	12.2451
0.2971074	-0.0167	12.2459
0.2971768	-0.0194	12.2467
0.2972463	-0.0172	12.2475
0.2973157	-0.0233	12.2483
0.2973851	-0.0343	12.2492
0.2974546	-0.0337	12.2501
0.297524	-0.0185	12.2509
0.2975935	-0.0212	12.2518
0.2976629	-0.013	12.2528
0.2977324	-0.0178	12.2537
0.2978018	-0.0126	12.2546
0.2978713	-0.0255	12.2556
0.2979407	-0.0155	12.2566
0.2980101	-0.0165	12.2575
0.2980796	-0.0243	12.2585
0.298149	-0.0139	12.2596
0.2982185	-0.0316	12.2606
0.2982879	-0.0204	12.2616
0.2983574	-0.026	12.2627
0.2984268	-0.0181	12.2637
0.2984963	-0.0296	12.2648
0.2985657	-0.0149	12.2659
0.2986351	-0.0356	12.2669
0.2987046	-0.0318	12.268
0.298774	-0.0423	12.2691
0.2988435	-0.0362	12.2702
0.2989129	-0.0151	12.2714
0.2989824	-0.0179	12.2725
0.2990518	-0.0285	12.2736
0.2991213	-0.0313	12.2748
0.2991907	-0.0233	12.2759
0.2992601	-0.0172	12.2771
0.2993296	-0.0359	12.2782
0.299399	0.0044	12.2794
0.2996768	-0.0102	12.2841
0.2997463	-0.0045	12.2853
0.2998157	0.0069	12.2864
0.2998851	-0.0049	12.2876
0.2999546	0.0073	12.2888
0.300024	0.033	12.29
0.3000935	-0.0065	12.2912
0.3001629	-0.0046	12.2924
0.3002324	0.0089	12.2936
0.3003018	0.0027	12.2948
0.3003713	0.0065	12.296
0.3004407	0.0061	12.2971
0.3005101	-0.0029	12.2983
0.3005796	0.0078	12.2995
0.300649	-0.0019	12.3007
0.3007185	0.0008	12.3019
0.3007879	-0.0011	12.3031
0.3008574	-0.0009	12.3042
0.3009268	-0.0036	12.3054
0.3009963	-0.0158	12.3066
0.3010657	-0.0113	12.3077
0.3011351	0.0182	12.3089
0.3012046	0.0097	12.31
0.301274	0.0035	12.3112
0.3013435	0.0018	12.3123
0.3014129	-0.0004	12.3135
0.3014824	0.0048	12.3146
0.3015518	0.0171	12.3157
0.3016213	0.0047	12.3168
0.3016907	0.0122	12.3179
0.3017601	0.0142	12.319
0.3018296	0.0054	12.3201
0.301899	-0.0056	12.3212
0.3019685	0.0103	12.3222
0.3020379	0.0121	12.3233
0.3021074	-0.0025	12.3243
0.3021768	-0.0016	12.3254
0.3022463	0.0038	12.3264
0.3023157	0.0063	12.3274
0.3023851	0.0063	12.3285
0.3024546	0.0074	12.3295
0.302524	0.0159	12.3304
0.3025935	0.0071	12.3314
0.3026629	0.0188	12.3324
0.3027324	0.013	12.3333
0.3028018	0.0075	12.3343
0.3028713	0.0146	12.3352
0.3029407	0.0358	12.3361
0.3030101	0.0228	12.337
0.3030796	0.0234	12.3379
0.303149	0.0133	12.3388
0.3032185	0.013	12.3397
0.3032879	0.024	12.3405
0.3033574	0.0201	12.3414
0.3034268	0.0224	12.3422
0.3034963	0.0169	12.343
0.3035657	0.0218	12.3438
0.3036351	0.0157	12.3446
0.3037046	0.0163	12.3453
0.303774	0.0207	12.3461
0.3038435	0.0084	12.3468
0.3039129	0.0153	12.3475
0.3039824	0.0252	12.3482
0.3040518	0.0164	12.3489
0.3041213	0.0179	12.3496
0.3041907	0.0182	12.3502
0.3042601	0.0169	12.3509
0.3043296	0.0162	12.3515
0.304399	0.0208	12.3521
0.3044685	0.0222	12.3526
0.3045379	0.0087	12.3532
0.3046074	0.024	12.3537
0.3046768	0.0034	12.3542
0.3047463	0.0101	12.3547
0.3048157	0.0213	12.3552
0.3048851	0.0074	12.3557
0.3049546	0.002	12.3561
0.305024	0.0077	12.3565
0.3050935	0.008	12.3569
0.3051629	0.0052	12.3573
0.3052324	-0.0125	12.3576
0.3053018	-0.0104	12.358
0.3053713	-0.0047	12.3583
0.3054407	0.0165	12.3586
0.3055101	0.0009	12.3588
0.3055796	0.0086	12.3591
0.305649	0.0063	12.3593
0.3057185	0.0079	12.3595
0.3057879	0.0037	12.3596
0.3058574	-0.0062	12.3598
0.3059268	0.0001	12.3599
0.3059963	0.001	12.36
0.3060657	0.0002	12.3601
0.3061351	-0.0084	12.3601
0.3062046	-0.0007	12.3601
0.306274	0.0099	12.3601
0.3063435	0.0126	12.3601
0.3064129	0.0045	12.36
0.3064824	0.0038	12.3599
0.3065518	0.016	12.3598
0.3066213	0.02	12.3597
0.3066907	0.0151	12.3595
0.3067601	0.0095	12.3593
0.3068296	0.0213	12.3591
0.306899	0.0306	12.3589
0.3069685	0.0277	12.3586
0.3070379	0.0315	12.3583
0.3071074	0.0211	12.3579
0.3071768	0.0175	12.3576
0.3072463	0.005	12.3572
0.3073157	0.0061	12.3568
0.3073851	0.0096	12.3564
0.3074546	0.0007	12.3559
0.307524	-0.0097	12.3554
0.3075935	0.0152	12.3549
0.3076629	0.0195	12.3544
0.3077324	0.0016	12.3539
0.3078018	0.0016	12.3533
0.3078713	0.0143	12.3527
0.3079407	0.0051	12.3521
0.3080101	0.0044	12.3515
0.3080796	-0.0012	12.3508
0.308149	-0.0006	12.3502
0.3082185	0.0079	12.3495
0.3082879	-0.0017	12.3488
0.3083574	0.0048	12.3481
0.3084268	0.0105	12.3474
0.3084963	0.0026	12.3467
0.3085657	0.0013	12.3459
0.3086351	-0.0009	12.3452
0.3087046	-0.0019	12.3444
0.308774	-0.0021	12.3436
0.3088435	0.0022	12.3428
0.3089129	0.007	12.342
0.3089824	0.0043	12.3412
0.3090518	0.0043	12.3404
0.3091213	0.0025	12.3396
0.3091907	0.0056	12.3387
0.3092601	-0.015	12.3379
0.3093296	-0.0006	12.337
0.309399	-0.0019	12.3362
0.3094685	0.0014	12.3353
0.3095379	-0.0104	12.3344
0.3096074	-0.0074	12.3336
0.3096768	-0.0134	12.3327
0.3097463	-0.0286	12.3318
0.3098157	-0.0116	12.331
0.3098851	-0.0108	12.3301
0.3099546	-0.0157	12.3292
0.310024	-0.0	12.3283
0.3100935	-0.006	12.3274
0.3101629	0.0043	12.3266
0.3102324	-0.0043	12.3257
0.3103018	-0.0099	12.3248
0.3103713	-0.0125	12.324
0.3104407	-0.0088	12.3231
0.3105101	-0.0168	12.3222
0.3105796	-0.0245	12.3214
0.310649	-0.0135	12.3206
0.3107185	-0.015	12.3197
0.3107879	-0.0148	12.3189
0.3108574	-0.0038	12.3181
0.3109268	-0.0025	12.3172
0.3109963	-0.0052	12.3164
0.3110657	0.0029	12.3156
0.3111351	0.0003	12.3148
0.3112046	0.005	12.3141
0.311274	0.0082	12.3133
0.3113435	-0.004	12.3126
0.3114129	-0.0005	12.3118
0.3114824	-0.0048	12.3111
0.3115518	-0.0103	12.3104
0.3116213	-0.0073	12.3097
0.3116907	-0.011	12.309
0.3117601	-0.0018	12.3083
0.3118296	-0.0051	12.3077
0.311899	-0.0111	12.3071
0.3119685	0.0041	12.3065
0.3120379	-0.0023	12.3059
0.3121074	0.0003	12.3053
0.3121768	0.0096	12.3047
0.3122463	-0.0032	12.3042
0.3123157	-0.0072	12.3037
0.3123851	0.0066	12.3032
0.3124546	0.0036	12.3027
0.312524	-0.021	12.3023
0.3125935	0.0	12.3019
0.3126629	-0.0109	12.3015
0.3127324	-0.0105	12.3011
0.3128018	0.0032	12.3008
0.3128713	-0.0086	12.3004
0.3129407	-0.0011	12.3001
0.3130101	-0.0111	12.2999
0.3130796	-0.0106	12.2996
0.313149	-0.0105	12.2994
0.3132185	-0.017	12.2992
0.3132879	-0.0151	12.299
0.3133574	-0.0132	12.2989
0.3134268	-0.0153	12.2987
0.3134963	-0.0164	12.2986
0.3135657	-0.0083	12.2986
0.3136351	-0.0018	12.2985
0.3137046	-0.0052	12.2985
0.313774	0.0084	12.2985
0.3138435	-0.0028	12.2985
0.3139129	-0.0023	12.2986
0.3139824	-0.0028	12.2987
0.3140518	-0.0003	12.2988
0.3141213	-0.0001	12.2989
0.3141907	0.0028	12.2991
0.3142601	0.0055	12.2993
0.3143296	-0.0096	12.2995
0.314399	-0.018	12.2997
0.3144685	-0.0146	12.3
0.3145379	-0.0083	12.3003
0.3146074	-0.0167	12.3006
0.3146768	-0.0163	12.301
0.3147463	-0.0121	12.3014
0.3148157	-0.0193	12.3018
0.3148851	-0.0047	12.3022
0.3149546	-0.0143	12.3027
0.315024	-0.01	12.3032
0.3150935	0.0008	12.3037
0.3151629	-0.0029	12.3043
0.3152324	-0.0047	12.3049
0.3153018	0.0026	12.3055
0.3153713	-0.0212	12.3061
0.3154407	-0.004	12.3068
0.3155101	-0.0032	12.3075
0.3155796	-0.0131	12.3082
0.315649	-0.0088	12.309
0.3157185	-0.0044	12.3098
0.3157879	-0.0078	12.3106
0.3158574	-0.0069	12.3114
0.3159268	-0.0018	12.3123
0.3159963	-0.0149	12.3132
0.3160657	-0.0184	12.3142
0.3161351	-0.0043	12.3152
0.3162046	-0.0092	12.3162
0.316274	0.0019	12.3172
0.3163435	0.0108	12.3183
0.3164129	-0.0107	12.3194
0.3164824	0.0112	12.3205
0.3165518	-0.0013	12.3217
0.3166213	-0.0085	12.3229
0.3166907	-0.0121	12.3241
0.3167601	-0.0047	12.3254
0.3168296	-0.0078	12.3267
0.316899	0.0008	12.328
0.3169685	-0.0082	12.3294
0.3170379	-0.0011	12.3309
0.3171074	-0.0025	12.3323
0.3171768	0.0013	12.3339
0.3172463	0.0107	12.3354
0.3173157	0.0037	12.337
0.3173851	0.0081	12.3387
0.3174546	0.0082	12.3404
0.317524	0.0163	12.3421
0.3175935	0.014	12.3439
0.3176629	0.0094	12.3458
0.3177324	0.0124	12.3477
0.3178018	0.0001	12.3497
0.3178713	0.0134	12.3517
0.3179407	-0.0024	12.3538
0.3180101	-0.0068	12.3559
0.3180796	-0.0047	12.3581
0.318149	-0.0064	12.3603
0.3182185	-0.0014	12.3626
0.3182879	-0.0077	12.365
0.3183574	-0.0039	12.3674
0.3184268	0.0044	12.3699
0.3184963	0.0016	12.3724
0.3185657	0.0047	12.375
0.3186351	0.0039	12.3776
0.3187046	0.0037	12.3803
0.318774	-0.0021	12.383
0.3188435	-0.0019	12.3859
0.3189129	-0.0037	12.3887
0.3189824	0.0063	12.3917
0.3190518	-0.0112	12.3946
0.3191213	-0.0055	12.3977
0.3191907	-0.0026	12.4008
0.3192601	0.0041	12.4039
0.3193296	0.0035	12.4072
0.319399	-0.0018	12.4104
0.3194685	-0.0078	12.4138
0.3195379	-0.0007	12.4172
0.3196074	-0.0149	12.4206
0.3196768	-0.0024	12.4241
0.3197463	-0.0199	12.4277
0.3198157	-0.0093	12.4313
0.3198851	-0.0081	12.435
0.3199546	-0.0229	12.4388
0.320024	-0.0158	12.4426
0.3200935	-0.0102	12.4464
0.3201629	-0.0021	12.4504
0.3202324	0.0013	12.4544
0.3203018	0.013	12.4584
0.3203713	0.0005	12.4625
0.3204407	-0.0127	12.4667
0.3205101	-0.0023	12.4709
0.3205796	-0.0034	12.4752
0.320649	0.0026	12.4796
0.3207185	-0.0058	12.484
0.3207879	-0.0056	12.4885
0.3208574	-0.0114	12.493
0.3209268	-0.0159	12.4976
0.3209963	-0.0114	12.5023
0.3210657	-0.0153	12.507
0.3211351	-0.0187	12.5118
0.3212046	-0.0004	12.5167
0.321274	-0.0083	12.5216
0.3213435	-0.0215	12.5266
0.3214129	-0.0189	12.5316
0.3214824	-0.0079	12.5367
0.3215518	-0.0186	12.5419
0.3216213	-0.0293	12.5471
0.3216907	-0.0209	12.5524
0.3217601	-0.0213	12.5577
0.3218296	-0.0194	12.5632
0.321899	-0.023	12.5686
0.3219685	-0.0158	12.5742
0.3220379	-0.0066	12.5798
0.3221074	-0.0135	12.5855
0.3221768	-0.0136	12.5912
0.3222463	-0.0145	12.597
0.3223157	-0.0041	12.6029
0.3223851	-0.0121	12.6088
0.3224546	-0.0055	12.6149
0.322524	0.0209	12.6209
0.3225935	0.0149	12.6271
0.3226629	-0.004	12.6332
0.3227324	-0.0059	12.6395
0.3228018	0.0109	12.6458
0.3228713	-0.0062	12.6522
0.3229407	-0.0026	12.6587
0.3230101	-0.0061	12.6652
0.3230796	-0.0031	12.6718
0.323149	0.0034	12.6785
0.3232185	-0.0012	12.6852
0.3232879	-0.0084	12.692
0.3233574	-0.008	12.6989
0.3234268	-0.0045	12.7058
0.3234963	0.0064	12.7128
0.3235657	-0.0005	12.7199
0.3236351	0.0102	12.727
0.3237046	0.0062	12.7342
0.323774	-0.0071	12.7414
0.3238435	-0.0204	12.7487
0.3239129	-0.0008	12.7561
0.3239824	-0.006	12.7635
0.3240518	-0.0161	12.771
0.3241213	-0.0122	12.7785
0.3241907	-0.0036	12.786
0.3242601	-0.009	12.7936
0.3243296	-0.0108	12.8012
0.324399	-0.0056	12.8088
0.3244685	-0.0002	12.8165
0.3245379	-0.0062	12.8242
0.3246074	-0.0052	12.832
0.3246768	0.0029	12.8397
0.3247463	0.0015	12.8475
0.3248157	-0.0007	12.8553
0.3248851	-0.0126	12.8631
0.3249546	-0.0067	12.871
0.325024	0.0046	12.8788
0.3250935	0.013	12.8867
0.3251629	0.0187	12.8945
0.3252324	0.0011	12.9024
0.3253018	0.0063	12.9102
0.3253713	0.0104	12.9181
0.3254407	0.0276	12.9259
0.3255101	-0.003	12.9337
0.3255796	0.0271	12.9416
0.325649	0.0313	12.9494
0.3257185	0.0111	12.9572
0.3257879	-0.0049	12.965
0.3258574	-0.0121	12.9727
0.3259268	-0.0112	12.9805
0.3259963	-0.0076	12.9882
0.3260657	-0.0125	12.9958
0.3261351	-0.0009	13.0035
0.3262046	0.0138	13.0111
0.326274	0.0053	13.0187
0.3263435	0.0064	13.0262
0.3264129	0.0028	13.0337
0.3264824	0.0064	13.0411
0.3265518	0.0047	13.0485
0.3266213	-0.0021	13.0559
0.3266907	0.0049	13.0632
0.3267601	0.0147	13.0704
0.3268296	0.0181	13.0776
0.326899	0.0012	13.0847
0.3269685	0.0124	13.0917
0.3270379	0.0165	13.0987
0.3271074	0.0016	13.1056
0.3271768	0.0103	13.1125
0.3272463	-0.0095	13.1192
0.3273157	0.0184	13.1259
0.3273851	0.0056	13.1325
0.3274546	-0.0006	13.1391
0.327524	0.0051	13.1455
0.3275935	0.0209	13.1519
0.3276629	0.0175	13.1581
0.3277324	-0.0058	13.1643
0.3278713	0.0042	13.1764
0.3279407	0.0086	13.1822
0.3280101	0.0004	13.188
0.3280796	-0.0039	13.1937
0.328149	-0.0009	13.1992
0.3282185	0.0093	13.2047
0.3282879	0.0062	13.21
0.3283574	-0.0021	13.2152
0.3284268	-0.0024	13.2203
0.3284963	0.0093	13.2253
0.3285657	-0.0031	13.2301
0.3286351	0.0102	13.2348
0.3287046	0.0087	13.2394
0.328774	0.0203	13.2439
0.3288435	0.0175	13.2482
0.3289129	0.0195	13.2524
0.3289824	0.0184	13.2564
0.3290518	0.0066	13.2603
0.3291213	0.0076	13.264
0.3291907	0.0082	13.2676
0.3292601	0.0081	13.2711
0.3293296	0.015	13.2744
0.329399	0.0179	13.2775
0.3294685	-0.0071	13.2805
0.3295379	-0.0085	13.2833
0.3296074	0.0083	13.286
0.3296768	-0.008	13.2886
0.3297463	0.0098	13.2909
0.3298157	0.0172	13.2932
0.3298851	0.0075	13.2952
0.3299546	0.0215	13.2972
0.330024	0.0036	13.2989
0.3300935	0.0057	13.3006
0.3301629	0.0128	13.302
0.3302324	0.012	13.3034
0.3303018	0.0138	13.3045
0.3303713	-0.0048	13.3056
0.3304407	0.0053	13.3065
0.3305101	0.0129	13.3072
0.3305796	0.0033	13.3078
0.330649	-0.003	13.3082
0.3307185	-0.0013	13.3085
0.3307879	0.0134	13.3086
0.3308574	0.0167	13.3086
0.3309268	0.0072	13.3084
0.3309963	0.0169	13.3081
0.3310657	0.002	13.3077
0.3311351	0.0089	13.307
0.3312046	0.0021	13.3063
0.331274	0.0031	13.3054
0.3313435	0.0057	13.3043
0.3314129	0.004	13.3032
0.3314824	-0.0176	13.3018
0.3315518	-0.0051	13.3003
0.3316213	-0.0146	13.2987
0.3316907	-0.0022	13.2969
0.3317601	0.0108	13.295
0.3318296	0.008	13.2929
0.331899	0.0137	13.2907
0.3319685	0.0314	13.2884
0.3320379	0.0208	13.2859
0.3321074	0.021	13.2832
0.3321768	0.0151	13.2805
0.3322463	0.0116	13.2775
0.3323157	0.0033	13.2745
0.3323851	0.0037	13.2713
0.3324546	0.0038	13.2679
0.332524	0.0152	13.2645
0.3325935	0.0075	13.2609
0.3326629	0.0104	13.2572
0.3327324	0.0039	13.2534
0.3328018	0.017	13.2494
0.3328713	0.0203	13.2453
0.3329407	0.0114	13.2412
0.3330101	0.0249	13.2369
0.3330796	0.0096	13.2325
0.333149	0.0085	13.228
0.3332185	0.0084	13.2233
0.3332879	0.0029	13.2186
0.3333574	-0.0007	13.2138
0.3334268	0.0152	13.2089
0.3334963	0.0083	13.2039
0.3335657	0.0156	13.1988
0.3336351	0.002	13.1936
0.3337046	0.0101	13.1884
0.333774	0.0167	13.183
0.3338435	0.0146	13.1776
0.3339129	0.0074	13.1721
0.3339824	0.0072	13.1665
0.3340518	0.0181	13.1609
0.3341213	0.0142	13.1552
0.3341907	0.0013	13.1494
0.3342601	0.0076	13.1435
0.3343296	-0.0035	13.1376
0.334399	0.0165	13.1316
0.3344685	0.0042	13.1256
0.3345379	-0.0127	13.1195
0.3346074	0.0108	13.1134
0.3346768	0.0147	13.1072
0.3347463	0.0079	13.101
0.3348157	0.003	13.0947
0.3348851	-0.007	13.0884
0.3349546	-0.0094	13.082
0.335024	-0.0018	13.0756
0.3350935	-0.0033	13.0692
0.3351629	-0.0096	13.0628
0.3352324	-0.0034	13.0563
0.3353018	-0.0028	13.0498
0.3353713	-0.0	13.0432
0.3354407	-0.0009	13.0367
0.3355101	0.0003	13.0301
0.3355796	-0.006	13.0236
0.335649	-0.0002	13.017
0.3357185	-0.0134	13.0104
0.3357879	-0.0047	13.0037
0.3358574	-0.0038	12.9971
0.3359268	0.0029	12.9905
0.3359963	0.0097	12.9839
0.3360657	0.0065	12.9773
0.3361351	0.003	12.9707
0.3362046	0.0027	12.9641
0.336274	0.0103	12.9575
0.3363435	0.0119	12.9509
0.3364129	0.0076	12.9444
0.3364824	-0.0047	12.9378
0.3365518	0.0067	12.9313
0.3366213	0.0034	12.9248
0.3366907	0.0046	12.9184
0.3367601	0.007	12.9119
0.3368296	-0.006	12.9055
0.336899	0.0085	12.8991
0.3369685	0.018	12.8928
0.3370379	0.0068	12.8865
0.3371074	0.003	12.8803
0.3371768	0.0118	12.8741
0.3372463	-0.0037	12.8679
0.3373157	-0.001	12.8618
0.3373851	0.0106	12.8557
0.3374546	-0.0022	12.8497
0.337524	0.0138	12.8438
0.3375935	0.0069	12.8379
0.3376629	0.0159	12.8321
0.3377324	0.0175	12.8264
0.3378018	0.0092	12.8207
0.3379407	0.0243	12.8095
0.3380101	0.0138	12.804
0.3380796	0.0051	12.7986
0.338149	0.0071	12.7933
0.3382185	-0.0144	12.788
0.3382879	-0.0115	12.7828
0.3383574	-0.0131	12.7777
0.3384268	-0.0182	12.7726
0.3384963	-0.0178	12.7676
0.3385657	-0.0126	12.7627
0.3386351	-0.0001	12.7578
0.3387046	-0.0212	12.753
0.338774	-0.0073	12.7482
0.3388435	-0.0082	12.7436
0.3389129	-0.0227	12.7389
0.3389824	-0.0014	12.7343
0.3390518	0.0011	12.7298
0.3391213	0.0138	12.7254
0.3391907	-0.0008	12.721
0.3392601	-0.0143	12.7167
0.3393296	-0.0175	12.7124
0.339399	-0.0209	12.7081
0.3394685	-0.0233	12.704
0.3395379	-0.0323	12.6998
0.3396074	-0.0366	12.6958
0.3396768	-0.0296	12.6918
0.3397463	-0.023	12.6878
0.3398157	-0.0282	12.6839
0.3398851	-0.0061	12.68
0.3399546	-0.0135	12.6762
0.340024	-0.0123	12.6725
0.3400935	-0.0165	12.6688
0.3401629	-0.0055	12.6651
0.3402324	-0.0081	12.6615
0.3403018	-0.0078	12.6579
0.3403713	-0.0168	12.6544
0.3404407	-0.0172	12.6509
0.3405101	-0.0181	12.6475
0.3405796	-0.0196	12.6441
0.340649	-0.0159	12.6407
0.3407185	-0.0203	12.6374
0.3407879	-0.0134	12.6342
0.3408574	-0.0022	12.631
0.3409268	-0.0139	12.6278
0.3409963	-0.0158	12.6246
0.3410657	-0.0031	12.6215
0.3411351	-0.0077	12.6185
0.3412046	0.0118	12.6154
0.341274	0.0009	12.6124
0.3413435	-0.0103	12.6095
0.3414129	-0.0111	12.6066
0.3414824	-0.0212	12.6037
0.3415518	-0.0178	12.6008
0.3416213	-0.0112	12.598
0.3416907	-0.0103	12.5952
0.3417601	-0.0068	12.5925
0.3418296	-0.0029	12.5897
0.341899	-0.0021	12.587
0.3419685	-0.001	12.5844
0.3420379	-0.0019	12.5817
0.3421074	0.014	12.5791
0.3421768	0.0124	12.5766
0.3422463	0.007	12.574
0.3423157	0.0095	12.5715
0.3423851	0.0063	12.569
0.3424546	0.0195	12.5665
0.342524	-0.003	12.564
0.3425935	0.0034	12.5616
0.3426629	0.0092	12.5592
0.3427324	0.0103	12.5568
0.3428018	-0.0025	12.5545
0.3428713	-0.0042	12.5521
0.3429407	0.0007	12.5498
0.3430101	0.0059	12.5475
0.3430796	0.0008	12.5452
0.343149	0.0018	12.5429
0.3432185	0.0016	12.5407
0.3432879	0.0043	12.5384
0.3433574	-0.0071	12.5362
0.3434268	-0.0072	12.534
0.3434963	0.0074	12.5318
0.3435657	0.0089	12.5297
0.3436351	0.013	12.5275
0.3437046	0.006	12.5253
0.343774	0.0093	12.5232
0.3438435	0.0038	12.5211
0.3439129	0.0061	12.519
0.3439824	0.012	12.5169
0.3440518	-0.0025	12.5148
0.3441213	0.0109	12.5127
0.3441907	0.0039	12.5106
0.3442601	-0.0014	12.5086
0.3443296	-0.0029	12.5065
0.344399	0.005	12.5045
0.3444685	0.002	12.5025
0.3445379	-0.0059	12.5005
0.3446074	-0.0121	12.4985
0.3446768	0.0021	12.4965
0.3447463	-0.0107	12.4945
0.3448157	0.0013	12.4925
0.3448851	-0.0013	12.4905
0.3449546	0.0077	12.4886
0.345024	-0.0044	12.4866
0.3450935	-0.0175	12.4847
0.3451629	-0.0041	12.4828
0.3452324	-0.017	12.4808
0.3453018	0.0006	12.4789
0.3453713	-0.0022	12.477
0.3454407	0.0024	12.4751
0.3455101	0.0065	12.4732
0.3455796	-0.0082	12.4713
0.345649	-0.0089	12.4695
0.3457185	-0.0026	12.4676
0.3457879	-0.0095	12.4657
0.3458574	-0.0092	12.4639
0.3459268	-0.0092	12.462
0.3459963	-0.0126	12.4602
0.3460657	-0.0195	12.4583
0.3461351	-0.0232	12.4565
0.3462046	-0.0143	12.4547
0.346274	-0.0197	12.4528
0.3463435	-0.004	12.451
0.3464129	0.0054	12.4492
0.3464824	0.0106	12.4474
0.3465518	0.0094	12.4456
0.3466213	0.0076	12.4438
0.3466907	0.0085	12.442
0.3467601	0.0085	12.4402
0.3468296	0.0142	12.4384
0.346899	0.0155	12.4366
0.3469685	0.0194	12.4348
0.3470379	0.0154	12.433
0.3471074	0.0135	12.4313
0.3471768	0.0093	12.4295
0.3472463	0.0037	12.4277
0.3473157	0.0216	12.4259
0.3473851	0.0207	12.4242
0.3474546	0.0362	12.4224
0.347524	0.0182	12.4206
0.3475935	0.0215	12.4188
0.3476629	0.0193	12.4171
0.3477324	0.0164	12.4153
0.3478018	0.0133	12.4135
0.3478713	0.0177	12.4118
0.3479407	0.0094	12.41
0.3480101	0.0275	12.4082
0.3480796	0.0115	12.4065
0.348149	0.0105	12.4047
0.3482185	0.0089	12.4029
0.3482879	0.0111	12.4012
0.3483574	0.0243	12.3994
0.3484268	0.0101	12.3976
0.3484963	0.0146	12.3958
0.3485657	0.0037	12.3941
0.3486351	0.0052	12.3923
0.3487046	0.0041	12.3905
0.348774	0.0034	12.3887
0.3488435	0.0004	12.3869
0.3489129	0.0106	12.3851
0.3489824	0.0078	12.3833
0.3490518	0.0142	12.3815
0.3491213	0.008	12.3797
0.3491907	0.0011	12.3779
0.3492601	0.0026	12.3761
0.3493296	-0.0195	12.3743
0.349399	-0.0061	12.3725
0.3494685	-0.0094	12.3707
0.3495379	-0.0053	12.3689
0.3496074	-0.0061	12.3671
0.3496768	-0.0013	12.3653
0.3497463	0.0052	12.3635
0.3498157	0.0058	12.3617
0.3498851	-0.0048	12.36
0.3499546	0.0016	12.3582
0.350024	0.0047	12.3565
0.3500935	-0.0039	12.3548
0.3501629	0.0018	12.3531
0.3502324	-0.0066	12.3514
0.3503018	-0.0035	12.3498
0.3503713	-0.0184	12.3482
0.3504407	-0.0197	12.3466
0.3505101	-0.0169	12.3451
0.3505796	-0.0135	12.3436
0.350649	-0.013	12.3421
0.3507185	-0.0131	12.3407
0.3507879	-0.0138	12.3393
0.3508574	-0.0061	12.338
0.3509268	-0.0185	12.3367
0.3509963	-0.0029	12.3354
0.3510657	-0.0059	12.3342
0.3511351	-0.0098	12.3331
0.3512046	-0.007	12.332
0.351274	-0.0016	12.3309
0.3513435	0.0003	12.3299
0.3514129	0.0023	12.3289
0.3514824	0.0123	12.328
0.3515518	0.002	12.3271
0.3516213	-0.0034	12.3263
0.3516907	-0.0001	12.3255
0.3517601	0.0045	12.3248
0.3518296	-0.012	12.324
0.351899	-0.0042	12.3234
0.3519685	-0.0061	12.3227
0.3520379	-0.0056	12.3221
0.3521074	-0.0188	12.3216
0.3521768	-0.014	12.321
0.3522463	-0.0068	12.3205
0.3523157	-0.0136	12.3201
0.3523851	-0.01	12.3197
0.3524546	-0.0064	12.3193
0.352524	-0.0099	12.3189
0.3525935	0.0082	12.3185
0.3526629	0.0075	12.3182
0.3527324	0.0054	12.3179
0.3528018	0.0111	12.3177
0.3528713	-0.0023	12.3174
0.3529407	-0.0203	12.3172
0.3530101	-0.0052	12.317
0.3530796	-0.0061	12.3169
0.353149	-0.0046	12.3167
0.3532185	-0.006	12.3166
0.3532879	-0.0052	12.3165
0.3533574	0.0038	12.3164
0.3534268	0.0044	12.3163
0.3534963	0.0019	12.3163
0.3535657	0.014	12.3162
0.3536351	0.0046	12.3162
0.3537046	0.0104	12.3162
0.353774	0.0051	12.3162
0.3538435	0.007	12.3162
0.3539129	0.0109	12.3162
0.3539824	0.0063	12.3163
0.3540518	-0.002	12.3163
0.3541213	-0.0011	12.3164
0.3541907	0.0037	12.3165
0.3542601	-0.0074	12.3165
0.3543296	-0.0124	12.3166
0.354399	-0.0095	12.3167
0.3544685	-0.0155	12.3168
0.3545379	-0.0069	12.317
0.3546074	-0.0101	12.3171
0.3546768	-0.0106	12.3172
0.3547463	-0.0028	12.3174
0.3548157	-0.0042	12.3176
0.3548851	-0.0025	12.3177
0.3549546	0.0011	12.3179
0.355024	0.0056	12.3181
0.3550935	0.0114	12.3183
0.3551629	0.0017	12.3185
0.3552324	0.0018	12.3187
0.3553018	0.0016	12.319
0.3553713	0.0008	12.3192
0.3554407	0.009	12.3194
0.3555101	0.0112	12.3197
0.3555796	0.0036	12.32
0.355649	0.0089	12.3202
0.3557185	0.0028	12.3205
0.3557879	0.0041	12.3208
0.3558574	0.014	12.3211
0.3559268	0.0233	12.3214
0.3559963	0.0128	12.3217
0.3560657	0.0053	12.322
0.3561351	0.0082	12.3223
0.3562046	0.0025	12.3227
0.356274	0.0188	12.323
0.3563435	0.0211	12.3233
0.3564129	0.0195	12.3237
0.3564824	0.032	12.324
0.3565518	0.0257	12.3244
0.3566213	0.0186	12.3248
0.3566907	0.0169	12.3251
0.3567601	0.0147	12.3255
0.3568296	0.0149	12.3259
0.356899	0.0115	12.3263
0.3569685	0.0201	12.3267
0.3570379	0.0115	12.3271
0.3571074	0.0044	12.3275
0.3571768	0.0079	12.3279
0.3572463	0.0033	12.3283
0.3573157	0.0183	12.3287
0.3573851	0.0113	12.3291
0.3574546	0.007	12.3296
0.357524	0.0165	12.33
0.3575935	0.014	12.3304
0.3576629	0.0102	12.3308
0.3577324	0.0141	12.3313
0.3578018	0.0102	12.3317
0.3578713	0.0128	12.3322
0.3579407	0.0128	12.3326
0.3580101	0.0025	12.3331
0.3580796	0.0047	12.3335
0.358149	0.0073	12.334
0.3582185	0.0129	12.3344
0.3582879	0.0098	12.3349
0.3583574	0.0084	12.3354
0.3584268	-0.0017	12.3358
0.3584963	-0.0032	12.3363
0.3585657	-0.0046	12.3368
0.3586351	-0.0172	12.3373
0.3587046	-0.01	12.3377
0.358774	-0.0055	12.3382
0.3588435	-0.0067	12.3387
0.3589129	-0.0074	12.3391
0.3589824	-0.0262	12.3396
0.3590518	-0.0085	12.3401
0.3591213	-0.013	12.3406
0.3591907	-0.0089	12.3411
0.3592601	-0.0086	12.3415
0.3593296	0.0041	12.342
0.359399	-0.0117	12.3425
0.3594685	-0.0151	12.343
0.3595379	-0.0064	12.3435
0.3596074	0.0034	12.3439
0.3596768	-0.003	12.3444
0.3597463	-0.0187	12.3449
0.3598157	-0.0097	12.3454
0.3598851	-0.0002	12.3458
0.3599546	0.0046	12.3463
0.360024	-0.0029	12.3468
0.3600935	-0.0047	12.3472
0.3601629	-0.0106	12.3477
0.3602324	-0.0146	12.3482
0.3603018	-0.0211	12.3486
0.3603713	-0.0131	12.3491
0.3604407	0.0013	12.3496
0.3605101	-0.0055	12.35
0.3605796	-0.0126	12.3505
0.360649	-0.0016	12.3509
0.3607185	-0.0098	12.3514
0.3607879	0.0027	12.3518
0.3608574	-0.0076	12.3523
0.3609268	-0.0001	12.3527
0.3609963	0.0026	12.3531
0.3610657	0.0041	12.3536
0.3611351	-0.0061	12.354
0.3612046	-0.0041	12.3544
0.361274	-0.0027	12.3548
0.3613435	0.0014	12.3552
0.3614129	-0.0049	12.3557
0.3614824	-0.0028	12.3561
0.3615518	-0.0104	12.3565
0.3616213	-0.0028	12.3569
0.3616907	-0.0143	12.3573
0.3617601	-0.0223	12.3576
0.3618296	-0.0145	12.358
0.361899	-0.0099	12.3584
0.3619685	-0.0057	12.3588
0.3620379	0.0018	12.3591
0.3621074	-0.0051	12.3595
0.3621768	0.0032	12.3598
0.3622463	-0.0104	12.3602
0.3623157	-0.0076	12.3605
0.3623851	-0.003	12.3609
0.3624546	0.002	12.3612
0.362524	0.003	12.3615
0.3625935	0.008	12.3618
0.3626629	0.0067	12.3621
0.3627324	0.0141	12.3624
0.3628018	0.0078	12.3627
0.3628713	-0.0051	12.363
0.3629407	0.0113	12.3633
0.3630101	0.0203	12.3635
0.3630796	0.0235	12.3638
0.363149	0.0105	12.364
0.3632185	0.0144	12.3643
0.3632879	0.0098	12.3645
0.3633574	0.0136	12.3647
0.3634268	0.0141	12.365
0.3634963	0.0093	12.3652
0.3635657	0.0113	12.3654
0.3636351	0.0014	12.3656
0.3637046	-0.007	12.3657
0.363774	-0.0058	12.3659
0.3638435	0.0008	12.3661
0.3639129	-0.0118	12.3662
0.3640518	-0.0027	12.3665
0.3641213	0.0049	12.3666
0.3641907	0.0052	12.3667
0.3642601	0.0087	12.3668
0.3643296	0.0117	12.3669
0.364399	0.0135	12.367
0.3644685	0.0124	12.367
0.3645379	0.0063	12.3671
0.3646074	0.0074	12.3671
0.3646768	0.0056	12.3672
0.3647463	-0.0013	12.3672
0.3648157	-0.0049	12.3672
0.3648851	-0.0025	12.3672
0.3649546	-0.0103	12.3672
0.365024	-0.0109	12.3672
0.3650935	-0.0109	12.3671
0.3651629	-0.0127	12.3671
0.3652324	0.003	12.367
0.3653018	-0.0012	12.3669
0.3653713	0.0011	12.3668
0.3654407	-0.0008	12.3667
0.3655101	0.006	12.3666
0.3655796	0.0013	12.3665
0.365649	0.0027	12.3664
0.3657185	-0.0012	12.3662
0.3657879	0.015	12.3661
0.3658574	0.0141	12.3659
0.3659268	0.0119	12.3657
0.3659963	-0.0012	12.3655
0.3660657	0.0053	12.3653
0.3661351	0.0038	12.3651
0.3662046	-0.001	12.3649
0.366274	-0.0026	12.3647
0.3663435	0.0076	12.3645
0.3664129	0.0028	12.3642
0.3664824	-0.0031	12.364
0.3665518	-0.0042	12.3637
0.3666213	0.0019	12.3634
0.3666907	0.0012	12.3631
0.3667601	0.0027	12.3628
0.3668296	-0.0081	12.3625
0.366899	0.0016	12.3622
0.3669685	0.0023	12.3619
0.3670379	0.0042	12.3616
0.3671074	-0.0019	12.3613
0.3671768	0.0087	12.3609
0.3672463	0.0142	12.3606
0.3673157	-0.0033	12.3602
0.3673851	-0.0147	12.3599
0.3674546	-0.0017	12.3595
0.367524	-0.0099	12.3591
0.3675935	-0.0096	12.3587
0.3676629	-0.0046	12.3583
0.3677324	0.0014	12.3579
0.3678018	-0.0053	12.3575
0.3678713	-0.0001	12.3571
0.3679407	0.0046	12.3567
0.3680101	-0.0056	12.3563
0.3680796	0.0077	12.3559
0.368149	0.0074	12.3554
0.3682185	-0.0045	12.355
0.3682879	0.013	12.3545
0.3683574	0.0185	12.3541
0.3684268	0.0005	12.3536
0.3684963	-0.0009	12.3532
0.3685657	-0.0084	12.3527
0.3686351	0.0068	12.3523
0.3687046	0.0073	12.3518
0.368774	-0.004	12.3513
0.3688435	0.003	12.3508
0.3689129	0.0132	12.3503
0.3689824	0.0017	12.3499
0.3690518	-0.0022	12.3494
0.3691213	0.0003	12.3489
0.3691907	0.01	12.3484
0.3692601	0.0108	12.3479
0.3693296	0.0034	12.3474
0.369399	0.0185	12.3469
0.3694685	0.011	12.3464
0.3695379	0.0081	12.3458
0.3696074	-0.0047	12.3453
0.3696768	-0.0043	12.3448
0.3697463	-0.012	12.3443
0.3698157	-0.0182	12.3438
0.3698851	-0.0251	12.3433
0.3699546	-0.0198	12.3427
0.370024	-0.014	12.3422
0.3700935	-0.0137	12.3417
0.3701629	-0.0186	12.3412
0.3702324	-0.01	12.3406
0.3703018	-0.0043	12.3401
0.3703713	-0.0072	12.3396
0.3704407	-0.0078	12.339
0.3705101	0.0029	12.3385
0.3705796	-0.009	12.338
0.370649	0.0073	12.3375
0.3707185	0.0047	12.3369
0.3707879	0.002	12.3364
0.3708574	0.0073	12.3359
0.3709268	0.0025	12.3353
0.3709963	0.0033	12.3348
0.3710657	0.0085	12.3343
0.3711351	0.0089	12.3338
0.3712046	0.0147	12.3332
0.371274	0.0068	12.3327
0.3713435	0.0091	12.3322
0.3714129	0.0077	12.3317
0.3714824	0.0072	12.3312
0.3715518	-0.0017	12.3306
0.3716213	-0.007	12.3301
0.3716907	-0.0091	12.3296
0.3717601	0.0045	12.3291
0.3718296	0.0104	12.3286
0.371899	0.0022	12.3281
0.3719685	0.0217	12.3276
0.3720379	0.0217	12.3271
0.3721074	0.0032	12.3266
0.3721768	0.0109	12.3261
0.3722463	0.0083	12.3256
0.3723157	-0.0027	12.3252
0.3723851	0.0033	12.3247
0.3724546	0.0038	12.3242
0.372524	-0.0034	12.3237
0.3725935	-0.0072	12.3233
0.3726629	-0.0063	12.3228
0.3727324	0.004	12.3224
0.3728018	-0.0071	12.3219
0.3728713	-0.009	12.3215
0.3729407	-0.0158	12.321
0.3730101	-0.0066	12.3206
0.3730796	0.0015	12.3202
0.373149	0.0075	12.3197
0.3732185	0.0121	12.3193
0.3732879	0.0023	12.3189
0.3733574	0.0056	12.3185
0.3734268	0.0166	12.3181
0.3734963	-0.0047	12.3177
0.3735657	-0.0063	12.3173
0.3736351	0.0007	12.3169
0.3737046	-0.0129	12.3166
0.373774	-0.0042	12.3162
0.3738435	-0.0157	12.3158
0.3739129	-0.007	12.3155
0.3739824	-0.0063	12.3152
0.3740518	-0.0017	12.3148
0.3741213	-0.0041	12.3145
0.3741907	0.0034	12.3142
0.3742601	0.0122	12.3139
0.3743296	0.0064	12.3136
0.374399	0.0126	12.3133
0.3744685	0.0109	12.313
0.3745379	0.0112	12.3127
0.3746074	0.0136	12.3124
0.3746768	-0.0074	12.3122
0.3747463	0.0062	12.3119
0.3748157	0.0	12.3117
0.3748851	0.0031	12.3114
0.3749546	-0.0144	12.3112
0.375024	0.0082	12.311
0.3750935	0.002	12.3108
0.3751629	-0.0052	12.3106
0.3752324	-0.0056	12.3104
0.3753018	0.0019	12.3103
0.3753713	0.0074	12.3101
0.3754407	0.0033	12.31
0.3755101	0.0043	12.3098
0.3755796	-0.0051	12.3097
0.375649	-0.0066	12.3096
0.3757185	-0.0012	12.3095
0.3757879	-0.013	12.3094
0.3758574	-0.0081	12.3093
0.3759268	-0.001	12.3092
0.3759963	-0.0001	12.3092
0.3760657	-0.0172	12.3091
0.3761351	-0.0229	12.3091
0.3762046	-0.0212	12.3091
0.376274	-0.0213	12.3091
0.3763435	-0.0131	12.3091
0.3764129	-0.0083	12.3091
0.3764824	-0.0025	12.3091
0.3765518	-0.0063	12.3092
0.3766213	-0.0086	12.3092
0.3766907	-0.021	12.3093
0.3767601	-0.0067	12.3094
0.3768296	0.0019	12.3095
0.376899	-0.0042	12.3096
0.3769685	-0.0052	12.3097
0.3770379	-0.0057	12.3098
0.3771074	-0.0123	12.3099
0.3771768	-0.0181	12.3101
0.3772463	-0.0023	12.3102
0.3773157	-0.0142	12.3104
0.3773851	-0.003	12.3105
0.3774546	-0.0074	12.3107
0.377524	0.002	12.3109
0.3775935	-0.0022	12.3111
0.3777324	-0.0117	12.3115
0.3778018	-0.0131	12.3117
0.3778713	-0.0154	12.3119
0.3779407	-0.0136	12.3121
0.3780101	-0.0092	12.3124
0.3780796	-0.0079	12.3126
0.378149	-0.0067	12.3128
0.3782185	-0.0049	12.3131
0.3782879	-0.0064	12.3133
0.3783574	-0.0006	12.3136
0.3784268	-0.0015	12.3139
0.3784963	-0.0049	12.3141
0.3785657	0.0005	12.3144
0.3786351	0.0075	12.3146
0.3787046	0.0027	12.3149
0.378774	0.0112	12.3152
0.378855	0.0168	12.3155
0.3789129	0.0166	12.3157
0.3789939	0.0027	12.3161
0.3790518	0.0117	12.3163
0.3791328	-0.0006	12.3166
0.3791907	-0.0127	12.3169
0.3792717	-0.0107	12.3172
0.3793296	-0.016	12.3174
0.3794106	-0.0151	12.3177
0.37948	-0.0169	12.318
0.3795495	-0.0056	12.3183
0.3796189	-0.0069	12.3186
0.3796884	0.0013	12.3188
0.3797463	-0.0092	12.3191
0.3798273	-0.008	12.3194
0.3798851	0.0006	12.3196
0.3799662	0.0075	12.3199
0.3800356	0.0103	12.3202
0.380105	-0.0005	12.3204
0.3801745	0.0037	12.3207
0.3802439	-0.001	12.3209
0.3803134	0.0016	12.3212
0.3803828	-0.0019	12.3214
0.3804523	0.002	12.3216
0.3805217	0.0008	12.3219
0.3805912	-0.0047	12.3221
0.3806606	-0.0003	12.3223
0.38073	0.0026	12.3225
0.3807995	0.002	12.3227
0.3808689	0.001	12.3229
0.3809384	-0.007	12.3231
0.3810078	-0.0013	12.3233
0.3810773	-0.0004	12.3234
0.3811467	-0.0025	12.3236
0.3812162	0.0037	12.3238
0.3812856	0.0061	12.3239
0.381355	0.0037	12.324
0.3814245	0.0032	12.3242
0.3814939	0.0036	12.3243
0.3815634	0.0047	12.3244
0.3816328	-0.0019	12.3245
0.3817023	0.0027	12.3246
0.3817717	-0.0083	12.3247
0.3818412	0.0002	12.3247
0.3819106	0.0057	12.3248
0.38198	0.0066	12.3248
0.3820495	-0.0022	12.3248
0.3821189	-0.0002	12.3248
0.3821884	-0.0069	12.3248
0.3822578	-0.0046	12.3248
0.3823273	0.0056	12.3248
0.3823967	0.0053	12.3248
0.3824662	0.0197	12.3247
0.3825356	0.0095	12.3247
0.382605	0.0059	12.3246
0.3826745	0.0109	12.3245
0.3827439	0.0134	12.3244
0.3828134	0.0021	12.3243
0.3828828	-0.0022	12.3242
0.3829523	0.0068	12.3241
0.3830217	0.0117	12.3239
0.3830912	0.0016	12.3238
0.3831606	-0.007	12.3236
0.38323	-0.0089	12.3235
0.3832995	0.0033	12.3233
0.3833689	-0.0016	12.3231
0.3834384	0.0133	12.3229
0.3835773	0.0087	12.3225
0.3836467	0.0015	12.3222
0.3837162	0.0003	12.322
0.3837856	0.0062	12.3217
0.383855	0.0019	12.3215
0.3839245	0.0073	12.3212
0.3839939	0.0067	12.3209
0.3840634	0.004	12.3207
0.3841328	0.0121	12.3204
0.3842023	-0.0093	12.3201
0.3842717	0.0021	12.3197
0.3843412	-0.0021	12.3194
0.3844106	-0.0032	12.3191
0.38448	0.0025	12.3188
0.3845495	-0.0003	12.3184
0.3846189	0.002	12.3181
0.3846884	0.0012	12.3177
0.3847578	0.0103	12.3173
0.3848273	0.0002	12.317
0.3848967	0.009	12.3166
0.3849662	0.0116	12.3162
0.3850356	0.0021	12.3158
0.385105	-0.0045	12.3154
0.3851745	0.0131	12.315
0.3852439	0.0084	12.3146
0.3853134	0.003	12.3141
0.3853828	0.0015	12.3137
0.3854523	-0.0059	12.3133
0.3855217	0.0054	12.3128
0.3855912	0.0009	12.3124
0.3856606	-0.0084	12.3119
0.38573	-0.004	12.3115
0.3857995	0.0062	12.311
0.3858689	0.0067	12.3105
0.3859384	0.0024	12.31
0.3860078	-0.0022	12.3096
0.3860773	0.0185	12.3091
0.3861467	0.0148	12.3086
0.3862162	0.0078	12.3081
0.3862856	0.0093	12.3076
0.386355	0.0088	12.3071
0.3864245	0.0183	12.3066
0.3864939	0.009	12.306
0.3865634	0.0142	12.3055
0.3866328	0.0268	12.305
0.3867023	0.0251	12.3045
0.3867717	0.0054	12.3039
0.3869106	0.0089	12.3029
0.38698	0.0017	12.3023
0.3870495	0.0075	12.3018
0.3871189	0.0022	12.3012
0.3871884	0.0087	12.3007
0.3872578	0.0035	12.3001
0.3873273	0.0035	12.2995
0.3873967	0.0026	12.299
0.3874662	0.0107	12.2984
0.3875356	0.0086	12.2978
0.387605	0.0022	12.2973
0.3876745	-0.0059	12.2967
0.3877439	0.0016	12.2961
0.3878134	0.0023	12.2956
0.3878828	-0.0067	12.295
0.3879523	0.0035	12.2944
0.3880217	0.003	12.2938
0.3880912	0.0038	12.2932
0.38823	0.0011	12.2921
0.3882995	0.002	12.2915
0.3883689	0.0002	12.2909
0.3884384	-0.0041	12.2903
0.3885078	-0.0007	12.2897
0.3885773	0.0013	12.2891
0.3886467	0.0102	12.2886
0.3887162	-0.0018	12.288
0.3887856	0.0104	12.2874
0.388855	0.0073	12.2868
0.3889939	-0.0024	12.2856
0.3890634	0.0016	12.285
0.3891328	0.0077	12.2844
0.3892023	0.0117	12.2839
0.3892717	-0.0037	12.2833
0.3893412	-0.0035	12.2827
0.3894106	0.0109	12.2821
0.38948	0.0094	12.2815
0.3895495	-0.0079	12.2809
0.3896189	-0.0018	12.2804
0.3898273	0.0052	12.2786
0.3898967	-0.0025	12.2781
0.3899662	0.0047	12.2775
0.3900356	0.0111	12.2769
0.390105	-0.0082	12.2764
0.3901745	0.0055	12.2758
0.3902439	0.0032	12.2752
0.3903134	0.0129	12.2747
0.3903828	-0.0066	12.2741
0.3904523	-0.0044	12.2736
0.3905217	0.0031	12.273
0.3905912	-0.0035	12.2725
0.3906606	-0.0149	12.272
0.39073	-0.0133	12.2714
0.3907995	-0.0144	12.2709
0.3908689	-0.0172	12.2703
0.3909384	-0.0167	12.2698
0.3910078	-0.0263	12.2693
0.3910773	-0.0146	12.2688
0.3911467	-0.0195	12.2683
0.3912162	-0.007	12.2678
0.391355	-0.0285	12.2668
0.3914245	-0.013	12.2663
0.3914939	-0.0138	12.2658
0.3915634	-0.0206	12.2653
0.3916328	-0.0135	12.2648
0.3917023	-0.0122	12.2643
0.3917717	-0.0055	12.2639
0.3918412	-0.0222	12.2634
0.3919106	-0.014	12.2629
0.39198	-0.013	12.2625
0.3920495	-0.0115	12.2621
0.3922578	-0.0155	12.2608
0.3923967	-0.024	12.2599
0.3924662	-0.0303	12.2595
0.3925356	-0.0302	12.2591
0.392605	-0.0282	12.2587
0.3926745	-0.0345	12.2583
0.3927439	-0.0272	12.258
0.3928134	-0.012	12.2576
0.3928828	-0.0217	12.2572
0.3929523	-0.0088	12.2569
0.3930217	-0.0076	12.2565
0.3930912	-0.0074	12.2562
0.3931606	-0.0171	12.2559
0.39323	-0.0116	12.2555
0.3932995	-0.0028	12.2552
0.3933689	-0.0115	12.2549
0.3935078	-0.0227	12.2543
0.3935773	-0.0168	12.2541
0.3936467	-0.0209	12.2538
0.3937162	-0.0228	12.2535
0.3937856	-0.0279	12.2533
0.393855	-0.0033	12.253
0.3939245	-0.0036	12.2528
0.3939939	-0.0115	12.2526
0.3940634	-0.0175	12.2524
0.3942023	-0.0022	12.252
0.3942717	-0.0107	12.2518
0.3943412	-0.0244	12.2516
0.3944106	-0.0096	12.2514
0.3945495	-0.0126	12.2511
0.3946189	-0.0109	12.251
0.3946884	-0.0183	12.2508
0.3947578	-0.0077	12.2507
0.3948273	-0.0001	12.2506
0.3948967	0.0011	12.2505
0.3949662	0.0006	12.2504
0.3950356	0.0051	12.2503
0.395105	0.0037	12.2502
0.3951745	0.0016	12.2501
0.3952439	0.0236	12.25
0.3953134	0.0225	12.2499
0.3953828	0.0259	12.2498
0.3954523	0.0044	12.2498
0.3955217	0.0092	12.2497
0.3955912	0.0106	12.2496
0.3956606	0.0129	12.2495
0.39573	0.0077	12.2495
0.3957995	0.0096	12.2494
0.3958689	0.0072	12.2494
0.3959384	0.0086	12.2493
0.3960078	0.0074	12.2493
0.3960773	0.0135	12.2492
0.3961467	0.0174	12.2492
0.3962162	0.0218	12.2491
0.3962856	0.0176	12.2491
0.396355	0.0254	12.249
0.3964245	0.0101	12.249
0.3964939	0.0217	12.2489
0.3965634	0.0223	12.2489
0.3966328	0.0185	12.2488
0.3967023	0.0155	12.2488
0.3967717	0.0237	12.2487
0.3968412	0.015	12.2487
0.39698	0.0135	12.2486
0.3971189	0.0088	12.2484
0.3971884	0.0259	12.2484
0.3972578	0.008	12.2483
0.3973273	0.0097	12.2482
0.3973967	0.0067	12.2481
0.3974662	0.0094	12.2481
0.3975356	0.0187	12.248
0.397605	0.009	12.2479
0.3976745	0.0088	12.2478
0.3977439	0.0009	12.2477
0.3978134	0.0195	12.2476
0.3978828	0.0041	12.2475
0.3979523	0.0171	12.2473
0.3980217	-0.0025	12.2472
0.3981606	0.0077	12.2469
0.39823	0.0057	12.2468
0.3982995	0.0036	12.2466
0.3983689	0.0015	12.2465
0.3984384	0.0052	12.2463
0.3985078	-0.0001	12.2461
0.3985773	-0.0004	12.2459
0.3986467	0.0053	12.2457
0.3987162	0.0055	12.2455
0.398855	0.0132	12.2451
0.3989245	0.013	12.2448
0.3989939	0.0253	12.2446
0.3990634	0.0017	12.2443
0.3991328	0.0108	12.244
0.3992023	0.0101	12.2438
0.3992717	0.0142	12.2435
0.3993412	0.0042	12.2432
0.3994106	0.015	12.2428
0.39948	0.0103	12.2425
0.3995495	0.007	12.2421
0.3996189	-0.0016	12.2418
0.3996884	0.003	12.2414
0.3997578	0.0065	12.241
0.3998273	0.0147	12.2406
0.3998967	0.025	12.2402
0.3999662	0.0187	12.2398
0.4000356	0.0206	12.2393
0.400105	0.0326	12.2389
0.4001745	0.0217	12.2384
0.4002439	0.0189	12.2379
0.4003134	0.018	12.2374
0.4003828	0.0247	12.2369
0.4004523	0.0065	12.2363
0.4005217	0.0197	12.2358
0.4005912	0.0122	12.2352
0.4006606	0.0083	12.2346
0.40073	0.0064	12.234
0.4007995	0.0055	12.2334
0.4008689	0.0134	12.2328
0.4009384	0.0101	12.2322
0.4010078	-0.0016	12.2316
0.4010773	0.0006	12.2309
0.4011467	0.0056	12.2303
0.4012162	0.0003	12.2296
0.4012856	0.0054	12.2289
0.401355	0.0111	12.2282
0.4014245	0.0083	12.2275
0.4014939	0.0077	12.2268
0.4015634	0.0079	12.2261
0.4016328	-0.0004	12.2254
0.4017023	0.0126	12.2247
0.4017717	0.0134	12.2239
0.4018412	0.0044	12.2232
0.40198	-0.005	12.2217
0.4020495	-0.0188	12.2209
0.4021189	-0.0109	12.2201
0.4021884	-0.0157	12.2193
0.4022578	-0.0169	12.2186
0.4023273	-0.0199	12.2178
0.4023967	-0.021	12.217
0.4024662	-0.0378	12.2162
0.4025356	-0.0287	12.2154
0.402605	-0.0194	12.2146
0.4026745	-0.0178	12.2137
0.4027439	-0.0168	12.2129
0.4028828	-0.0116	12.2113
0.4029523	-0.0178	12.2105
0.4030217	-0.0168	12.2096
0.4030912	-0.0104	12.2088
0.40323	-0.0039	12.2072
0.4032995	-0.0079	12.2063
0.4033689	-0.0132	12.2055
0.4034384	-0.0033	12.2047
0.4035078	-0.0065	12.2039
0.4035773	-0.0047	12.203
0.4036467	0.0018	12.2022
0.4037162	0.0042	12.2014
0.4037856	0.001	12.2006
0.403855	-0.0011	12.1997
0.4039245	0.0057	12.1989
0.4039939	0.0057	12.1981
0.4040634	0.0158	12.1973
0.4041328	0.0009	12.1965
0.4042023	-0.0038	12.1957
0.4042717	0.001	12.1949
0.4043412	0.0045	12.1941
0.4044106	-0.0001	12.1933
0.40448	-0.0057	12.1925
0.4045495	0.0164	12.1917
0.4046884	0.0168	12.1901
0.4047578	0.0025	12.1894
0.4048273	-0.002	12.1886
0.4048967	0.0161	12.1879
0.4049662	-0.0009	12.1871
0.4050356	-0.0013	12.1864
0.405105	0.0042	12.1856
0.4051745	-0.0055	12.1849
0.4052439	-0.0087	12.1842
0.4053134	-0.0064	12.1835
0.4053828	0.0067	12.1828
0.4054523	0.0051	12.1821
0.4055217	0.0008	12.1814
0.4055912	0.0035	12.1808
0.4056606	0.0022	12.1801
0.40573	0.0071	12.1795
0.4057995	0.0055	12.1788
0.4058689	-0.0021	12.1782
0.4059384	0.0039	12.1776
0.4060078	-0.0059	12.177
0.4060773	-0.0096	12.1764
0.4061467	-0.0076	12.1759
0.4062162	-0.0116	12.1753
0.4062856	-0.0151	12.1747
0.406355	-0.0218	12.1742
0.4064245	-0.0112	12.1737
0.4064939	-0.0235	12.1732
0.4065634	-0.0146	12.1726
0.4066328	-0.0084	12.1722
0.4067023	-0.0091	12.1717
0.4067717	-0.0119	12.1712
0.4068412	-0.0129	12.1707
0.4069106	-0.0051	12.1703
0.40698	0.0014	12.1698
0.4070495	-0.0053	12.1694
0.4071189	-0.0053	12.169
0.4071884	0.0012	12.1686
0.4072578	-0.0171	12.1682
0.4073273	0.0045	12.1678
0.4073967	-0.0021	12.1674
0.4074662	-0.0072	12.167
0.4075356	-0.0149	12.1667
0.407605	-0.0007	12.1663
0.4076745	0.002	12.166
0.4077439	-0.0151	12.1656
0.4078134	-0.0172	12.1653
0.4078828	-0.01	12.165
0.4079523	-0.0106	12.1647
0.4080217	-0.0209	12.1644
0.4080912	-0.0084	12.1641
0.4081606	-0.0141	12.1638
0.40823	-0.0059	12.1635
0.4082995	-0.0097	12.1632
0.4083689	-0.008	12.163
0.4084384	0.007	12.1627
0.4085078	0.0033	12.1625
0.4085773	-0.0259	12.1622
0.4086467	0.0022	12.162
0.4087162	-0.0083	12.1618
0.4087856	0.0004	12.1615
0.408855	-0.0074	12.1613
0.4089245	-0.0065	12.1611
0.4089939	-0.0049	12.1609
0.4090634	-0.0043	12.1607
0.4091328	-0.0041	12.1605
0.4092023	-0.0001	12.1604
0.4092717	0.0066	12.1602
0.4093412	0.0114	12.16
0.4094106	-0.0037	12.1599
0.40948	0.002	12.1597
0.4095495	0.0033	12.1595
0.4096189	0.0004	12.1594
0.4096884	0.0044	12.1593
0.4097578	-0.0049	12.1591
0.4098273	0.0016	12.159
0.4098967	0.0097	12.1589
0.4099662	0.0009	12.1588
0.4100356	0.0026	12.1586
0.410105	0.0124	12.1585
0.4101745	0.0146	12.1584
0.4102439	0.0166	12.1583
0.4103134	0.0111	12.1582
0.4103828	0.0054	12.1581
0.4104523	0.0177	12.158
0.4105217	0.0022	12.1579
0.4105912	0.0086	12.1579
0.4106606	0.0064	12.1578
0.41073	0.0118	12.1577
0.4107995	0.0048	12.1576
0.4108689	0.0015	12.1576
0.4109384	0.0033	12.1575
0.4110078	0.0075	12.1574
0.4110773	0.0175	12.1574
0.4111467	0.005	12.1573
0.4112162	0.0106	12.1572
0.4112856	0.0134	12.1572
0.411355	0.0016	12.1571
0.4114245	0.0009	12.1571
0.4114939	0.0053	12.157
0.4115634	0.0089	12.157
0.4116328	-0.0006	12.1569
0.4117023	-0.0063	12.1569
0.4117717	-0.0066	12.1568
0.4118412	0.0005	12.1568
0.4119106	0.0029	12.1568
0.41198	0.0023	12.1567
0.4120495	-0.0043	12.1567
0.4121189	0.0007	12.1566
0.4121884	-0.0	12.1566
0.4122578	-0.0005	12.1566
0.4123273	-0.0136	12.1565
0.4123967	0.0083	12.1565
0.4124662	0.001	12.1565
0.4125356	-0.0084	12.1564
0.412605	-0.0082	12.1564
0.4126745	-0.0028	12.1563
0.4127439	0.0008	12.1563
0.4128134	-0.0076	12.1563
0.4128828	-0.0056	12.1562
0.4129523	-0.0083	12.1562
0.4130217	-0.0034	12.1561
0.4130912	-0.0034	12.1561
0.4131606	-0.0074	12.1561
0.41323	-0.0137	12.156
0.4132995	-0.0049	12.156
0.4133689	-0.007	12.1559
0.4134384	-0.0041	12.1559
0.4135078	0.0006	12.1558
0.4135773	0.0073	12.1558
0.4136467	-0.0064	12.1557
0.4137162	0.0003	12.1556
0.4137856	-0.004	12.1556
0.413855	0.0033	12.1555
0.4139245	-0.0159	12.1554
0.4139939	-0.0025	12.1554
0.4140634	-0.0108	12.1553
0.4141328	-0.0086	12.1552
0.4142023	0.0034	12.1551
0.4142717	-0.0044	12.1551
0.4143412	0.0039	12.155
0.4144106	0.0108	12.1549
0.41448	0.0051	12.1548
0.4145495	0.0032	12.1547
0.4146189	0.0026	12.1546
0.4146884	0.0043	12.1545
0.4147578	0.0014	12.1544
0.4148273	0.004	12.1543
0.4148967	-0.0026	12.1542
0.4149662	-0.0034	12.154
0.4150356	-0.0132	12.1539
0.415105	-0.0142	12.1538
0.4151745	-0.0138	12.1536
0.4152439	-0.0056	12.1535
0.4153134	-0.0067	12.1533
0.4153828	-0.0088	12.1532
0.4154523	-0.019	12.153
0.4155217	-0.0073	12.1529
0.4155912	-0.0043	12.1527
0.4156606	-0.0122	12.1525
0.41573	-0.0058	12.1523
0.4157995	0.0024	12.1521
0.4158689	-0.0137	12.152
0.4159384	-0.0036	12.1518
0.4160078	-0.0027	12.1515
0.4160773	0.0054	12.1513
0.4161467	0.0037	12.1511
0.4162162	0.001	12.1509
0.4162856	0.0148	12.1506
0.416355	0.0212	12.1504
0.4164245	0.002	12.1501
0.4164939	-0.0098	12.1499
0.4165634	-0.0065	12.1496
0.4166328	0.0063	12.1493
0.4167023	0.0028	12.1491
0.4167717	-0.0046	12.1488
0.4168412	0.0	12.1485
0.4169106	-0.0027	12.1482
0.41698	-0.0021	12.1479
0.4170495	-0.003	12.1475
0.4171189	0.0115	12.1472
0.4171884	0.0145	12.1469
0.4172578	0.0067	12.1465
0.4173273	0.0122	12.1462
0.4173967	0.0097	12.1458
0.4174662	0.0152	12.1454
0.4175356	0.0105	12.145
0.417605	0.0047	12.1446
0.4176745	0.003	12.1442
0.4177439	0.0151	12.1438
0.4178134	0.0025	12.1434
0.4178828	-0.0046	12.143
0.4179523	0.0063	12.1426
0.4180217	0.0055	12.1421
0.4180912	0.018	12.1417
0.4181606	0.0133	12.1413
0.41823	0.02	12.1408
0.4182995	0.023	12.1404
0.4183689	0.0206	12.1399
0.4184384	0.0063	12.1394
0.4185078	0.0202	12.139
0.4185773	0.0167	12.1385
0.4186467	0.0111	12.138
0.4187162	0.0025	12.1376
0.4187856	0.0046	12.1371
0.418855	0.0054	12.1366
0.4189245	0.0002	12.1361
0.4189939	0.0002	12.1356
0.4190634	0.0003	12.1352
0.4191328	-0.0002	12.1347
0.4192023	0.0049	12.1342
0.4192717	-0.0043	12.1337
0.4193412	-0.0151	12.1332
0.4194106	-0.0101	12.1327
0.41948	-0.0144	12.1322
0.4195495	-0.009	12.1317
0.4196189	-0.0079	12.1312
0.4196884	-0.0075	12.1307
0.4197578	-0.0002	12.1303
0.4198273	-0.0125	12.1298
0.4198967	-0.019	12.1293
0.4199662	-0.013	12.1288
0.4200356	-0.0142	12.1283
0.420105	-0.0168	12.1279
0.4201745	-0.0186	12.1274
0.4202439	-0.0179	12.1269
0.4203134	-0.0208	12.1264
0.4203828	-0.0094	12.126
0.4204523	-0.0133	12.1255
0.4205217	-0.0148	12.1251
0.4205912	-0.0065	12.1246
0.4206606	-0.0144	12.1242
0.42073	-0.0114	12.1237
0.4207995	-0.001	12.1233
0.4208689	0.0016	12.1229
0.4209384	-0.0116	12.1225
0.4210078	-0.0089	12.122
0.4210773	-0.0136	12.1216
0.4211467	-0.0088	12.1212
0.4212162	-0.0051	12.1208
0.4212856	-0.0046	12.1205
0.421355	-0.0063	12.1201
0.4214245	-0.0142	12.1197
0.4214939	-0.0053	12.1193
0.4215634	-0.0049	12.119
0.4216328	-0.0024	12.1186
0.4217023	0.0004	12.1183
0.4217717	0.0033	12.118
0.4218412	-0.0034	12.1177
0.4219106	-0.0081	12.1174
0.42198	0.0037	12.1171
0.4220495	-0.0088	12.1168
0.4221189	-0.0083	12.1165
0.4221884	0.0014	12.1163
0.4222578	-0.0008	12.116
0.4223273	-0.0117	12.1158
0.4223967	-0.0098	12.1155
0.4224662	-0.0167	12.1153
0.4225356	-0.0133	12.1151
0.422605	-0.0172	12.1149
0.4226745	-0.0166	12.1148
0.4227439	-0.0113	12.1146
0.4228134	-0.0121	12.1145
0.4228828	-0.0113	12.1143
0.4229523	-0.0031	12.1142
0.4230217	-0.0065	12.1141
0.4230912	-0.0104	12.114
0.4231606	0.0	12.114
0.42323	0.0046	12.1139
0.4232995	-0.0011	12.1138
0.4233689	-0.004	12.1138
0.4234384	-0.0063	12.1138
0.4235078	0.0026	12.1138
0.4235773	-0.0009	12.1138
0.4236467	0.002	12.1138
0.4237162	-0.0034	12.1139
0.4237856	-0.0011	12.1139
0.423855	-0.0021	12.114
0.4239245	0.0011	12.114
0.4239939	0.0002	12.1141
0.4240634	0.0022	12.1142
0.4241328	0.0087	12.1143
0.4242023	0.0051	12.1145
0.4242717	0.0076	12.1146
0.4243412	0.0073	12.1147
0.4244106	0.0081	12.1149
0.42448	0.0083	12.1151
0.4245495	0.0093	12.1153
0.4246189	0.0142	12.1155
0.4246884	0.0125	12.1157
0.4247578	0.0008	12.1159
0.4248273	0.0084	12.1161
0.4248967	0.0015	12.1164
0.4249662	0.0175	12.1166
0.4250356	0.0144	12.1169
0.425105	0.0082	12.1172
0.4251745	0.0165	12.1175
0.4252439	0.0002	12.1178
0.4253134	0.0088	12.1181
0.4253828	0.0123	12.1184
0.4254523	0.0016	12.1187
0.4255217	0.0034	12.1191
0.4255912	0.01	12.1194
0.4256606	0.0067	12.1198
0.42573	0.0007	12.1202
0.4257995	0.0058	12.1206
0.4258689	-0.0044	12.121
0.4259384	0.0034	12.1214
0.4260078	-0.0112	12.1218
0.4260773	-0.0081	12.1222
0.4261467	-0.0099	12.1226
0.4262162	-0.0056	12.1231
0.4262856	-0.0126	12.1235
0.426355	-0.0078	12.124
0.4264245	-0.0079	12.1245
0.4264939	-0.0101	12.1249
0.4265634	-0.0085	12.1254
0.4266328	-0.0089	12.1259
0.4267023	0.0013	12.1264
0.4267717	-0.0116	12.127
0.4268412	-0.0159	12.1275
0.4269106	-0.0085	12.128
0.42698	-0.0075	12.1286
0.4270495	-0.0086	12.1291
0.4271189	-0.009	12.1297
0.4271884	-0.0186	12.1303
0.4272578	-0.015	12.1308
0.4273273	-0.0184	12.1314
0.4273967	-0.0092	12.132
0.4274662	-0.0193	12.1326
0.4275356	-0.0169	12.1332
0.427605	-0.0037	12.1338
0.4276745	0.0016	12.1345
0.4277439	-0.0046	12.1351
0.4278134	0.005	12.1357
0.4278828	-0.0057	12.1364
0.4279523	0.002	12.137
0.4280217	-0.0023	12.1377
0.4280912	0.0099	12.1383
0.4281606	0.0013	12.139
0.42823	0.0071	12.1397
0.4282995	0.0056	12.1404
0.4283689	-0.0085	12.1411
0.4284384	-0.0074	12.1418
0.4285078	-0.0099	12.1425
0.4285773	0.0006	12.1432
0.4286467	-0.0037	12.1439
0.4287162	-0.0012	12.1446
0.4287856	0.0011	12.1453
0.428855	0.0152	12.1461
0.4289245	0.0068	12.1468
0.4289939	0.0104	12.1476
0.4290634	0.0169	12.1483
0.4291328	0.0049	12.1491
0.4292023	0.0128	12.1498
0.4292717	0.0078	12.1506
0.4293412	0.0053	12.1513
0.4294106	0.0123	12.1521
0.42948	0.0061	12.1529
0.4295495	0.0067	12.1537
0.4296189	-0.0	12.1544
0.4296884	0.0071	12.1552
0.4297578	0.0067	12.156
0.4298273	0.0074	12.1568
0.4298967	0.0007	12.1576
0.4299662	0.0014	12.1583
0.4300356	-0.0007	12.1591
0.430105	0.0079	12.1599
0.4301745	-0.0061	12.1607
0.4302439	-0.0043	12.1615
0.4303134	-0.0056	12.1623
0.4303828	-0.0145	12.1631
0.4304523	-0.0139	12.1639
0.4305217	-0.0111	12.1647
0.4305912	-0.0118	12.1655
0.4306606	-0.0087	12.1663
0.43073	-0.0134	12.1671
0.4307995	-0.0201	12.1678
0.4308689	-0.0048	12.1686
0.4309384	-0.0066	12.1694
0.4310078	-0.0081	12.1702
0.4310773	-0.0022	12.171
0.4311467	-0.0032	12.1718
0.4312162	-0.0043	12.1726
0.4312856	-0.0023	12.1733
0.431355	-0.0003	12.1741
0.4314245	-0.0017	12.1749
0.4314939	-0.0019	12.1757
0.4315634	-0.0006	12.1764
0.4316328	-0.0025	12.1772
0.4317023	0.0026	12.178
0.4317717	0.0121	12.1787
0.4318412	0.0029	12.1795
0.4319106	0.0109	12.1802
0.43198	0.0221	12.181
0.4320495	0.0243	12.1817
0.4321189	0.0176	12.1824
0.4321884	0.0171	12.1832
0.4322578	0.0148	12.1839
0.4323273	0.0098	12.1846
0.4323967	-0.0005	12.1853
0.4324662	0.0052	12.186
0.4325356	-0.0007	12.1867
0.432605	-0.0067	12.1874
0.4326745	-0.0012	12.1881
0.4327439	-0.0008	12.1888
0.4328134	-0.0002	12.1894
0.4328828	-0.0051	12.1901
0.4329523	-0.0064	12.1908
0.4330217	0.0048	12.1914
0.4330912	0.0046	12.1921
0.4331606	0.0025	12.1927
0.43323	0.0083	12.1933
0.4332995	0.0004	12.1939
0.4333689	0.0058	12.1945
0.4334384	0.007	12.1951
0.4335078	0.0036	12.1957
0.4335773	0.0105	12.1963
0.4336467	0.0143	12.1969
0.4337162	0.0065	12.1974
0.4337856	-0.0087	12.198
0.433855	-0.0074	12.1985
0.4339245	0.0024	12.199
0.4339939	-0.0014	12.1996
0.4340634	-0.0024	12.2001
0.4341328	0.0068	12.2006
0.4342023	0.0163	12.201
0.4342717	0.006	12.2015
0.4343412	0.0003	12.202
0.4344106	0.0024	12.2024
0.43448	0.0108	12.2029
0.4345495	0.0077	12.2033
0.4346189	0.007	12.2037
0.4346884	0.0145	12.2041
0.4347578	0.0121	12.2045
0.4348273	0.0141	12.2049
0.4348967	0.0087	12.2053
0.4349662	0.0067	12.2056
0.4350356	0.0104	12.206
0.435105	-0.0017	12.2063
0.4351745	0.0073	12.2067
0.4352439	0.0061	12.207
0.4353134	0.0127	12.2073
0.4353828	0.0156	12.2076
0.4354523	0.0069	12.2079
0.4355217	0.0042	12.2082
0.4355912	0.0089	12.2085
0.4356606	0.018	12.2088
0.43573	0.0171	12.209
0.4357995	0.0174	12.2093
0.4358689	0.0144	12.2095
0.4359384	0.0124	12.2098
0.4360078	0.0093	12.21
0.4360773	0.0148	12.2102
0.4361467	0.0112	12.2104
0.4362162	0.009	12.2106
0.4362856	0.0172	12.2108
0.436355	-0.0024	12.211
0.4364245	0.0004	12.2112
0.4364939	-0.0019	12.2114
0.4365634	-0.0053	12.2115
0.4366328	-0.0012	12.2117
0.4367023	0.013	12.2118
0.4367717	0.0125	12.212
0.4368412	-0.0015	12.2121
0.4369106	0.0104	12.2123
0.43698	0.0205	12.2124
0.4370495	0.0168	12.2125
0.4371189	0.0092	12.2126
0.4371884	0.0094	12.2127
0.4372578	0.0133	12.2128
0.4373273	0.0119	12.2129
0.4373967	0.0014	12.213
0.4374662	-0.0034	12.2131
0.4375356	-0.0051	12.2131
0.437605	0.001	12.2132
0.4376745	-0.0076	12.2133
0.4377439	-0.0023	12.2133
0.4378134	0.0049	12.2134
0.4378828	0.0023	12.2134
0.4379523	0.01	12.2135
0.4380217	0.0048	12.2135
0.4380912	0.0073	12.2136
0.4381606	0.0087	12.2136
0.43823	0.0066	12.2136
0.4382995	0.0114	12.2136
0.4383689	0.0094	12.2136
0.4384384	0.0064	12.2136
0.4385078	-0.0047	12.2137
0.4385773	0.0	12.2137
0.4386467	-0.0045	12.2137
0.4387162	0.0011	12.2136
0.4387856	0.0003	12.2136
0.438855	-0.0	12.2136
0.4389245	-0.0064	12.2136
0.4389939	0.0072	12.2136
0.4390634	0.0001	12.2136
0.4391328	-0.0012	12.2135
0.4392023	0.0039	12.2135
0.4392717	0.0016	12.2135
0.4393412	-0.0065	12.2135
0.4394106	0.0012	12.2134
0.43948	0.0077	12.2134
0.4395495	0.001	12.2133
0.4396189	-0.004	12.2133
0.4396884	-0.0026	12.2132
0.4397578	-0.0029	12.2132
0.4398273	-0.0013	12.2131
0.4398967	-0.0008	12.2131
0.4399662	-0.01	12.213
0.4400356	-0.0061	12.213
0.440105	-0.007	12.2129
0.4401745	-0.0136	12.2129
0.4402439	-0.0166	12.2128
0.4403134	-0.0112	12.2128
0.4403828	-0.0104	12.2127
0.4404523	-0.0098	12.2126
0.4405217	-0.0212	12.2126
0.4405912	-0.0154	12.2125
0.4406606	-0.0157	12.2124
0.44073	-0.0093	12.2124
0.4407995	-0.0169	12.2123
0.4408689	-0.0159	12.2123
0.4409384	0.0001	12.2122
0.4410078	-0.0019	12.2121
0.4410773	-0.0087	12.2121
0.4411467	0.0084	12.212
0.4412162	-0.0005	12.2119
0.4412856	0.0067	12.2119
0.441355	-0.0032	12.2118
0.4414245	0.0006	12.2117
0.4414939	0.0046	12.2117
0.4415634	-0.0022	12.2116
0.4416328	-0.0082	12.2116
0.4417023	-0.011	12.2115
0.4417717	-0.0088	12.2115
0.4418412	-0.007	12.2114
0.4419106	-0.0205	12.2113
0.44198	-0.0184	12.2113
0.4420495	-0.0098	12.2112
0.4421189	-0.0059	12.2112
0.4421884	-0.003	12.2112
0.4422578	-0.0039	12.2111
0.4423273	-0.0045	12.2111
0.4423967	-0.0066	12.211
0.4424662	-0.0045	12.211
0.4425356	-0.0091	12.211
0.442605	-0.0128	12.2109
0.4426745	-0.0117	12.2109
0.4427439	0.0033	12.2109
0.4428134	-0.0046	12.2109
0.4428828	-0.0052	12.2108
0.4429523	-0.0026	12.2108
0.4430217	0.0042	12.2108
0.4430912	-0.0097	12.2108
0.4431606	-0.0033	12.2108
0.44323	0.0042	12.2108
0.4432995	0.0007	12.2108
0.4433689	0.0015	12.2108
0.4434384	0.0014	12.2108
0.4435078	0.0035	12.2108
0.4435773	0.0007	12.2109
0.4436467	-0.0013	12.2109
0.4437162	-0.0004	12.2109
0.4437856	-0.0031	12.211
0.443855	-0.0017	12.211
0.4439245	-0.008	12.211
0.4439939	-0.0027	12.2111
0.4440634	0.0056	12.2111
0.4441328	0.0094	12.2112
0.4442023	0.0105	12.2113
0.4442717	0.0094	12.2113
0.4443412	0.0166	12.2114
0.4444106	0.013	12.2115
0.44448	0.0139	12.2116
0.4445495	0.0135	12.2117
0.4446189	0.0141	12.2118
0.4446884	0.0057	12.2119
0.4447578	-0.0001	12.212
0.4448273	0.0045	12.2121
0.4448967	0.0035	12.2122
0.4449662	0.0066	12.2124
0.4450356	0.0068	12.2125
0.445105	-0.0013	12.2127
0.4451745	0.0081	12.2128
0.4452439	-0.0095	12.213
0.4453134	-0.0032	12.2131
0.4453828	0.0038	12.2133
0.4454523	0.0114	12.2135
0.4455217	-0.0027	12.2137
0.4455912	-0.0031	12.2139
0.4456606	0.0049	12.2141
0.44573	-0.0034	12.2143
0.4457995	-0.0092	12.2145
0.4458689	-0.0091	12.2147
0.4459384	-0.0093	12.215
0.4460078	-0.0128	12.2152
0.4460773	-0.016	12.2155
0.4461467	-0.0221	12.2157
0.4462162	-0.0111	12.216
0.4462856	-0.0112	12.2162
0.446355	-0.0218	12.2165
0.4464245	-0.0124	12.2168
0.4464939	-0.011	12.2171
0.4465634	-0.014	12.2174
0.4466328	-0.0131	12.2177
0.4467023	-0.0107	12.218
0.4467717	-0.0149	12.2183
0.4468412	0.0028	12.2186
0.4469106	-0.0196	12.2189
0.44698	-0.0215	12.2193
0.4470495	-0.018	12.2196
0.4471189	-0.0104	12.2199
0.4471884	-0.0121	12.2203
0.4472578	-0.0092	12.2206
0.4473273	-0.013	12.221
0.4473967	-0.004	12.2214
0.4474662	-0.0149	12.2217
0.4475356	-0.0183	12.2221
0.447605	-0.0067	12.2225
0.4476745	-0.0022	12.2229
0.4477439	-0.0028	12.2233
0.4478134	-0.014	12.2236
0.4478828	-0.0055	12.224
0.4479523	-0.0055	12.2245
0.4480217	-0.0012	12.2249
0.4480912	-0.0014	12.2253
0.4481606	0.0126	12.2257
0.44823	0.0072	12.2261
0.4482995	-0.008	12.2266
0.4483689	-0.0027	12.227
0.4484384	-0.0022	12.2274
0.4485078	-0.0058	12.2279
0.4485773	-0.0117	12.2283
0.4486467	-0.008	12.2288
0.4487162	-0.0145	12.2292
0.4487856	-0.0132	12.2297
0.448855	-0.0179	12.2302
0.4489245	-0.0114	12.2306
0.4489939	-0.0076	12.2311
0.4490634	-0.0058	12.2316
0.4491328	0.0052	12.232
0.4492023	0.002	12.2325
0.4492717	0.0061	12.233
0.4493412	0.0112	12.2335
0.4494106	0.0047	12.234
0.44948	0.0092	12.2345
0.4495495	0.0042	12.235
0.4496189	0.0063	12.2355
0.4496884	0.0045	12.236
0.4497578	-0.0031	12.2365
0.4498273	-0.0037	12.237
0.4498967	-0.0058	12.2376
0.4499662	-0.0079	12.2381
0.4500356	-0.018	12.2386
0.450105	-0.0057	12.2391
0.4501745	-0.0037	12.2397
0.4502439	-0.0045	12.2402
0.4503134	-0.0171	12.2407
0.4503828	-0.005	12.2413
0.4504523	-0.0038	12.2418
0.4505217	-0.0117	12.2424
0.4505912	-0.0088	12.2429
0.4506606	0.003	12.2435
0.45073	0.0032	12.244
0.4507995	-0.0086	12.2446
0.4508689	-0.0018	12.2451
0.4509384	-0.005	12.2457
0.4510078	-0.0054	12.2462
0.4510773	0.0076	12.2468
0.4511467	-0.0041	12.2474
0.4512162	-0.0015	12.2479
0.4512856	-0.0006	12.2485
0.451355	-0.004	12.2491
0.4514245	-0.0055	12.2496
0.4514939	0.0074	12.2502
0.4515634	0.0011	12.2508
0.4516328	0.0007	12.2513
0.4517023	-0.0026	12.2519
0.4517717	-0.0026	12.2525
0.4518412	0.0058	12.2531
0.4519106	-0.0028	12.2537
0.45198	-0.0051	12.2542
0.4520495	-0.0065	12.2548
0.4521189	0.0057	12.2554
0.4521884	-0.0003	12.256
0.4522578	-0.0094	12.2566
0.4523273	0.002	12.2572
0.4523967	0.0112	12.2577
0.4524662	0.0038	12.2583
0.4525356	0.0038	12.2589
0.452605	0.0069	12.2595
0.4526745	0.0117	12.2601
0.4528134	-0.001	12.2613
0.4528828	0.0046	12.2619
0.4529523	0.0114	12.2624
0.4530217	0.0051	12.263
0.4530912	0.0085	12.2636
0.4531606	0.01	12.2642
0.45323	0.0099	12.2648
0.4532995	0.0038	12.2654
0.4533689	0.0076	12.266
0.4534384	0.0091	12.2666
0.4535078	0.0147	12.2671
0.4535773	0.0077	12.2677
0.4536467	0.005	12.2683
0.4537162	0.0126	12.2689
0.4537856	0.009	12.2695
0.453855	0.0097	12.2701
0.4539245	0.0045	12.2707
0.4539939	0.0049	12.2712
0.4540634	-0.0032	12.2718
0.4541328	0.0007	12.2724
0.4542023	0.0037	12.273
0.4542717	-0.0101	12.2736
0.4543412	-0.0037	12.2741
0.4544106	0.0105	12.2747
0.45448	0.0071	12.2753
0.4545495	-0.0054	12.2759
0.4546189	-0.0051	12.2764
0.4546884	0.003	12.277
0.4547578	-0.0046	12.2776
0.4548273	-0.0005	12.2781
0.4548967	0.0049	12.2787
0.4549662	-0.0115	12.2793
0.4550356	-0.0077	12.2798
0.455105	-0.0074	12.2804
0.4551745	-0.0099	12.281
0.4552439	-0.0178	12.2815
0.4553134	-0.0108	12.2821
0.4553828	-0.0201	12.2826
0.4554523	-0.0069	12.2832
0.4555217	-0.006	12.2837
0.4555912	-0.0136	12.2843
0.4556606	0.0051	12.2848
0.45573	0.0113	12.2853
0.4557995	-0.0003	12.2859
0.4558689	-0.0028	12.2864
0.4559384	0.008	12.2869
0.4560078	0.0103	12.2875
0.4560773	0.0084	12.288
0.4561467	0.0123	12.2885
0.4562162	0.015	12.289
0.4562856	0.0067	12.2896
0.456355	0.0121	12.2901
0.4564245	0.0071	12.2906
0.4564939	0.0047	12.2911
0.4565634	0.0052	12.2916
0.4566328	0.0071	12.2921
0.4567023	0.0019	12.2926
0.4567717	0.0109	12.2931
0.4568412	0.0076	12.2936
0.4569106	0.0119	12.294
0.45698	0.0205	12.2945
0.4570495	0.0147	12.295
0.4571189	0.0218	12.2955
0.4571884	0.0223	12.296
0.4572578	0.0259	12.2964
0.4573273	0.0181	12.2969
0.4573967	0.0124	12.2973
0.4574662	0.0147	12.2978
0.4575356	0.0201	12.2982
0.457605	0.0299	12.2987
0.4576745	0.0266	12.2991
0.4577439	0.0118	12.2996
0.4578134	0.0199	12.3
0.4578828	0.0126	12.3004
0.4579523	0.0122	12.3008
0.4580217	0.0169	12.3013
0.4580912	0.0141	12.3017
0.4581606	0.0065	12.3021
0.45823	0.0031	12.3025
0.4582995	0.0173	12.3029
0.4583689	0.012	12.3033
0.4584384	0.0148	12.3037
0.4585078	0.0187	12.304
0.4585773	0.0257	12.3044
0.4586467	0.0229	12.3048
0.4587162	0.0206	12.3052
0.4587856	0.0224	12.3055
0.458855	0.0233	12.3059
0.4589245	0.0154	12.3062
0.4589939	0.0125	12.3066
0.4590634	0.0131	12.3069
0.4591328	0.0128	12.3072
0.4592023	0.0163	12.3076
0.4592717	0.0152	12.3079
0.4593412	0.0109	12.3082
0.4594106	0.0212	12.3085
0.45948	0.0119	12.3088
0.4595495	0.0265	12.3091
0.4596189	0.0239	12.3094
0.4596884	0.021	12.3097
0.4597578	0.0149	12.3099
0.4598273	0.015	12.3102
0.4598967	0.0169	12.3105
0.4599662	0.0179	12.3107
0.4600356	0.0031	12.311
0.460105	0.0024	12.3112
0.4601745	0.0058	12.3115
0.4602439	0.0017	12.3117
0.4603134	-0.0055	12.3119
0.4603828	-0.005	12.3121
0.4604523	-0.0059	12.3123
0.4605217	-0.0073	12.3125
0.4605912	-0.0028	12.3127
0.4606606	-0.0084	12.3129
0.46073	0.0005	12.3131
0.4607995	-0.0098	12.3132
0.4608689	0.0002	12.3134
0.4609384	-0.0029	12.3136
0.4610078	-0.005	12.3137
0.4610773	-0.0072	12.3139
0.4611467	-0.002	12.314
0.4612162	-0.0095	12.3141
0.4612856	-0.0096	12.3142
0.461355	-0.0048	12.3143
0.4614245	-0.0038	12.3144
0.4614939	-0.0144	12.3145
0.4615634	-0.0083	12.3146
0.4616328	-0.0016	12.3147
0.4617023	-0.0065	12.3148
0.4617717	-0.0015	12.3148
0.4618412	-0.0016	12.3149
0.4619106	0.001	12.3149
0.46198	-0.005	12.3149
0.4620495	0.0014	12.315
0.4621189	-0.0084	12.315
0.4621884	-0.0041	12.315
0.4622578	-0.0014	12.315
0.4623273	-0.0013	12.315
0.4623967	-0.002	12.315
0.4624662	-0.0087	12.3149
0.4625356	-0.0116	12.3149
0.462605	-0.0044	12.3148
0.4626745	-0.0067	12.3148
0.4627439	-0.0045	12.3147
0.4628134	-0.004	12.3147
0.4628828	-0.0125	12.3146
0.4629523	-0.0122	12.3145
0.4630217	-0.0144	12.3144
0.4630912	-0.0169	12.3143
0.4631606	-0.0167	12.3142
0.46323	-0.0015	12.3141
0.4632995	-0.0076	12.314
0.4633689	-0.0239	12.3139
0.4634384	-0.0148	12.3137
0.4635078	-0.0052	12.3136
0.4635773	-0.011	12.3135
0.4636467	-0.0167	12.3133
0.4637162	-0.0104	12.3132
0.4637856	-0.0177	12.313
0.463855	-0.0127	12.3129
0.4639245	-0.0132	12.3127
0.4639939	-0.0112	12.3125
0.4640634	-0.016	12.3124
0.4641328	-0.022	12.3122
0.4642023	-0.0229	12.312
0.4642717	-0.0166	12.3118
0.4643412	-0.0239	12.3116
0.4644106	-0.0137	12.3115
0.46448	-0.017	12.3113
0.4645495	-0.0173	12.3111
0.4646189	-0.0313	12.3109
0.4646884	-0.0157	12.3107
0.4647578	-0.03	12.3105
0.4648273	-0.0124	12.3103
0.4648967	-0.0151	12.3101
0.4649662	-0.006	12.3099
0.4650356	-0.0064	12.3097
0.465105	-0.0124	12.3095
0.4651745	-0.0063	12.3093
0.4652439	-0.0039	12.3091
0.4653134	-0.0208	12.3089
0.4653828	-0.0163	12.3087
0.4654523	-0.0086	12.3085
0.4655217	-0.0111	12.3083
0.4655912	-0.0028	12.3081
0.4656606	-0.0203	12.3079
0.46573	-0.011	12.3077
0.4657995	-0.0164	12.3075
0.4658689	-0.0074	12.3073
0.4659384	-0.022	12.3071
0.4660078	-0.0124	12.307
0.4660773	-0.0211	12.3068
0.4661467	-0.0169	12.3066
0.4662162	-0.0229	12.3064
0.4662856	-0.0189	12.3062
0.466355	-0.0152	12.3061
0.4664245	-0.0114	12.3059
0.4664939	-0.0102	12.3057
0.4665634	-0.0217	12.3056
0.4666328	-0.0163	12.3054
0.4667023	-0.011	12.3053
0.4667717	-0.0326	12.3051
0.4668412	-0.0204	12.305
0.4669106	-0.0166	12.3048
0.46698	-0.02	12.3047
0.4670495	-0.0304	12.3046
0.4671189	-0.0139	12.3044
0.4671884	-0.0275	12.3043
0.4672578	-0.0274	12.3042
0.4673273	-0.0159	12.3041
0.4673967	-0.0165	12.304
0.4674662	-0.0179	12.3039
0.4675356	-0.0212	12.3038
0.467605	-0.0305	12.3038
0.4676745	-0.014	12.3037
0.4677439	-0.015	12.3036
0.4678134	-0.017	12.3036
0.4678828	-0.0298	12.3035
0.4679523	-0.0218	12.3035
0.4680217	-0.019	12.3035
0.4680912	-0.018	12.3034
0.4681606	-0.0198	12.3034
0.46823	-0.0255	12.3034
0.4682995	-0.0143	12.3034
0.4683689	-0.0116	12.3034
0.4684384	-0.0078	12.3035
0.4685078	-0.0056	12.3035
0.4685773	0.0028	12.3036
0.4686467	0.0042	12.3036
0.4687162	0.0099	12.3037
0.4687856	0.0179	12.3038
0.468855	0.0158	12.3038
0.4689245	0.0221	12.3039
0.4689939	0.0042	12.3041
0.4690634	0.0057	12.3042
0.4691328	0.0091	12.3043
0.4692023	0.019	12.3045
0.4692717	0.0134	12.3046
0.4693412	0.0173	12.3048
0.4694106	0.0132	12.305
0.46948	0.013	12.3052
0.4695495	0.0255	12.3054
0.4696189	0.0275	12.3056
0.4696884	0.0286	12.3058
0.4697578	0.0335	12.3061
0.4698273	0.0317	12.3064
0.4698967	0.037	12.3066
0.4699662	0.0469	12.3069
0.4700356	0.0446	12.3072
0.470105	0.0474	12.3076
0.4701745	0.0484	12.3079
0.4702439	0.057	12.3083
0.4703134	0.0456	12.3086
0.4703828	0.0475	12.309
0.4704523	0.0448	12.3094
0.4705217	0.0402	12.3098
0.4705912	0.04	12.3103
0.4706606	0.0359	12.3107
0.47073	0.0418	12.3112
0.4707995	0.0436	12.3117
0.4708689	0.0373	12.3122
0.4709384	0.0499	12.3127
0.4710078	0.0445	12.3132
0.4710773	0.0373	12.3138
0.4711467	0.0382	12.3143
0.4712162	0.0361	12.3149
0.4712856	0.0349	12.3155
0.471355	0.0352	12.3162
0.4714245	0.0287	12.3168
0.4714939	0.0283	12.3175
0.4715634	0.0299	12.3182
0.4716328	0.0203	12.3189
0.4717023	0.0251	12.3196
0.4717717	0.017	12.3203
0.4718412	0.0221	12.3211
0.4719106	0.0218	12.3219
0.47198	0.0163	12.3227
0.4720495	0.0102	12.3235
0.4721189	0.0129	12.3244
0.4721884	0.0058	12.3252
0.4722578	0.0098	12.3261
0.4723273	0.013	12.327
0.4723967	0.0056	12.328
0.4724662	-0.0007	12.3289
0.4725356	-0.0004	12.3299
0.472605	0.0024	12.3309
0.4726745	0.0046	12.3319
0.4727439	0.0092	12.333
0.4728134	0.0113	12.3341
0.4728828	0.001	12.3352
0.4729523	0.0095	12.3363
0.4730217	0.0023	12.3375
0.4730912	0.0012	12.3387
0.4731606	0.0034	12.3399
0.47323	-0.0022	12.3412
0.4732995	-0.0074	12.3426
0.4733689	0.0007	12.3439
0.4734384	-0.0032	12.3454
0.4735078	-0.0097	12.3468
0.4735773	-0.0009	12.3484
0.4736467	-0.0103	12.35
0.4737162	-0.0107	12.3516
0.4737856	-0.0175	12.3533
0.473855	-0.0186	12.3551
0.4739245	-0.0249	12.3569
0.4739939	-0.0234	12.3588
0.4740634	-0.0253	12.3608
0.4741328	-0.0174	12.3628
0.4742023	-0.0221	12.3649
0.4742717	-0.0193	12.3671
0.4743412	-0.0321	12.3693
0.4744106	-0.0264	12.3717
0.47448	-0.0237	12.3741
0.4745495	-0.0443	12.3765
0.4746189	-0.0214	12.3791
0.4746884	-0.0184	12.3817
0.4747578	-0.0165	12.3844
0.4748273	-0.0269	12.3872
0.4748967	-0.0165	12.3901
0.4749662	-0.019	12.3931
0.4750356	-0.0183	12.3961
0.475105	-0.0254	12.3993
0.4751745	-0.0229	12.4025
0.4752439	-0.0051	12.4058
0.4753134	-0.009	12.4092
0.4753828	-0.0084	12.4127
0.4754523	-0.0175	12.4163
0.4755217	-0.0118	12.4199
0.4755912	-0.0089	12.4237
0.4756606	-0.0182	12.4276
0.47573	-0.0164	12.4315
0.4757995	-0.0234	12.4356
0.4758689	-0.011	12.4397
0.4759384	-0.0193	12.444
0.4760078	-0.0125	12.4484
0.4760773	-0.01	12.4528
0.4761467	-0.0109	12.4574
0.4762162	-0.0083	12.4621
0.4762856	0.0004	12.4668
0.476355	-0.0019	12.4717
0.4764245	0.0025	12.4767
0.4764939	0.0023	12.4818
0.4765634	0.0056	12.487
0.4766328	0.0156	12.4923
0.4767023	-0.0004	12.4978
0.4767717	-0.0138	12.5033
0.4768412	-0.0058	12.509
0.4769106	-0.0032	12.5148
0.47698	-0.0042	12.5207
0.4770495	-0.0007	12.5267
0.4771189	-0.0072	12.5328
0.4771884	-0.0009	12.539
0.4772578	-0.0006	12.5454
0.4773273	-0.0093	12.5518
0.4773967	-0.0102	12.5584
0.4774662	0.0027	12.565
0.4775356	-0.0031	12.5718
0.477605	-0.0066	12.5786
0.4776745	-0.0077	12.5856
0.4777439	0.0038	12.5927
0.4778134	0.0015	12.5998
0.4778828	-0.0021	12.607
0.4779523	-0.0017	12.6144
0.4780217	0.0114	12.6218
0.4780912	0.0038	12.6294
0.4781606	-0.0106	12.637
0.47823	-0.0052	12.6447
0.4782995	-0.0057	12.6525
0.4783689	-0.0071	12.6603
0.4784384	0.0007	12.6683
0.4785078	-0.0114	12.6763
0.4785773	0.001	12.6844
0.4786467	-0.0082	12.6926
0.4787162	-0.0036	12.7009
0.4787856	-0.0145	12.7093
0.478855	-0.0088	12.7177
0.4789245	0.0051	12.7262
0.4789939	0.0013	12.7348
0.4790634	-0.0062	12.7434
0.4791328	0.0036	12.7521
0.4792023	0.001	12.7609
0.4792717	-0.0079	12.7698
0.4793412	-0.0115	12.7787
0.4794106	0.0077	12.7877
0.47948	0.0102	12.7967
0.4795495	-0.0001	12.8058
0.4796189	-0.0096	12.815
0.4796884	-0.0094	12.8242
0.4797578	0.0016	12.8335
0.4798273	-0.0177	12.8428
0.4798967	0.0038	12.8522
0.4799662	-0.0048	12.8616
0.4800356	-0.0022	12.871
0.480105	0.0029	12.8805
0.4801745	0.0069	12.89
0.4802439	0.0065	12.8996
0.4803134	0.0044	12.9092
0.4803828	-0.0041	12.9187
0.4804523	-0.0078	12.9283
0.4805217	-0.0036	12.9379
0.4805912	0.0039	12.9476
0.4806606	-0.0039	12.9572
0.48073	-0.0047	12.9668
0.4807995	-0.0094	12.9764
0.4808689	-0.0005	12.986
0.4809384	-0.007	12.9956
0.4810078	0.0001	13.0051
0.4810773	-0.0219	13.0147
0.4811467	-0.01	13.0242
0.4812162	-0.018	13.0337
0.4812856	-0.0109	13.0431
0.481355	-0.0003	13.0525
0.4814245	0.0007	13.0619
0.4814939	-0.0144	13.0712
0.4815634	-0.0099	13.0804
0.4816328	-0.0029	13.0896
0.4817023	-0.0103	13.0988
0.4817717	0.007	13.1079
0.4818412	-0.0126	13.1169
0.4819106	-0.0215	13.1258
0.48198	0.0046	13.1347
0.4820495	-0.0047	13.1435
0.4821189	0.0007	13.1521
0.4821884	-0.0098	13.1608
0.4822578	-0.0063	13.1693
0.4823273	0.003	13.1777
0.4823967	-0.0055	13.186
0.4824662	0.0006	13.1942
0.4825356	-0.0021	13.2023
0.482605	-0.0096	13.2103
0.4826745	-0.0066	13.2181
0.4827439	0.0002	13.2259
0.4828134	0.0044	13.2335
0.4828828	0.0162	13.241
0.4829523	0.0041	13.2484
0.4830217	0.0208	13.2556
0.4830912	0.0025	13.2627
0.4831606	0.0302	13.2696
0.48323	0.0043	13.2764
0.4832995	0.0029	13.2831
0.4833689	0.0011	13.2896
0.4834384	0.0172	13.296
0.4835078	0.0234	13.3022
0.4835773	0.0062	13.3082
0.4836467	0.0133	13.3141
0.4837162	0.0148	13.3198
0.4837856	0.0143	13.3253
0.483855	0.022	13.3307
0.4839245	0.024	13.3359
0.4839939	0.0185	13.3409
0.4840634	0.0362	13.3457
0.4841328	0.0285	13.3503
0.4842023	0.0364	13.3548
0.4842717	0.0278	13.359
0.4843412	0.0267	13.3631
0.4844106	0.0085	13.3669
0.48448	0.0147	13.3706
0.4845495	0.0299	13.374
0.4846189	0.0234	13.3773
0.4846884	0.022	13.3803
0.4847578	0.0192	13.3831
0.4848273	0.0311	13.3857
0.4848967	0.0061	13.388
0.4849662	0.0287	13.3901
0.4850356	0.0397	13.392
0.485105	0.021	13.3937
0.4851745	0.029	13.3951
0.4852439	0.0315	13.3963
0.4853134	0.0202	13.3973
0.4853828	0.019	13.3979
0.4854523	0.0231	13.3984
0.4855217	0.0146	13.3986
0.4855912	0.0178	13.3986
0.4856606	0.0166	13.3983
0.48573	0.0283	13.3978
0.4857995	0.0294	13.3971
0.4858689	0.0156	13.3962
0.4859384	0.0228	13.395
0.4860078	0.0345	13.3936
0.4860773	0.0274	13.3921
0.4861467	0.0407	13.3903
0.4862162	0.0279	13.3883
0.4862856	0.0398	13.3862
0.486355	0.0277	13.3838
0.4864245	0.0209	13.3813
0.4864939	0.0215	13.3786
0.4865634	0.0183	13.3757
0.4866328	0.0205	13.3727
0.4867023	0.0263	13.3695
0.4867717	0.0102	13.3661
0.4868412	0.016	13.3626
0.4869106	0.0213	13.3589
0.48698	0.0446	13.3551
0.4870495	0.0164	13.3511
0.4871189	0.0111	13.347
0.4871884	0.0127	13.3428
0.4872578	0.0243	13.3384
0.4873273	0.0077	13.334
0.4873967	0.0113	13.3294
0.4874662	0.0146	13.3247
0.4875356	-0.0036	13.3198
0.487605	0.0009	13.3149
0.4876745	-0.0099	13.3099
0.4877439	-0.001	13.3048
0.4878134	-0.0059	13.2996
0.4878828	-0.0241	13.2943
0.4879523	-0.0173	13.2889
0.4880217	-0.0025	13.2834
0.4880912	-0.005	13.2779
0.4881606	-0.0101	13.2723
0.48823	-0.0018	13.2667
0.4882995	0.0019	13.261
0.4883689	0.0176	13.2552
0.4884384	0.0023	13.2494
0.4885078	-0.0041	13.2435
0.4885773	0.0083	13.2375
0.4886467	-0.0113	13.2315
0.4887162	-0.0039	13.2255
0.4887856	0.0054	13.2194
0.488855	-0.0153	13.2133
0.4889245	-0.0126	13.2071
0.4889939	-0.0199	13.2008
0.4890634	-0.0339	13.1945
0.4891328	-0.0093	13.1882
0.4892023	-0.0062	13.1818
0.4892717	-0.0119	13.1754
0.4893412	-0.0051	13.169
0.4894106	-0.0058	13.1625
0.48948	0.0145	13.156
0.4895495	-0.0114	13.1494
0.4896189	0.0041	13.1428
0.4896884	0.0079	13.1362
0.4897578	0.0094	13.1296
0.4898273	0.0139	13.1229
0.4898967	-0.0038	13.1162
0.4899662	0.0045	13.1094
0.4900356	-0.0117	13.1027
0.490105	-0.008	13.0959
0.4901745	-0.0091	13.0891
0.4902439	0.0002	13.0823
0.4903134	0.013	13.0754
0.4903828	-0.0001	13.0686
0.4904523	-0.0126	13.0617
0.4905217	0.005	13.0548
0.4905912	0.0107	13.0479
0.4906606	0.0037	13.041
0.49073	0.0065	13.034
0.4907995	-0.0032	13.0271
0.4908689	0.0003	13.0201
0.4909384	-0.003	13.0132
0.4910078	-0.0086	13.0062
0.4910773	-0.0007	12.9993
0.4911467	-0.01	12.9923
0.4912162	0.0015	12.9853
0.4912856	-0.0005	12.9783
0.4914245	-0.0033	12.9644
0.4914939	-0.001	12.9575
0.4915634	-0.016	12.9505
0.4916328	0.0035	12.9435
0.4917023	0.0094	12.9366
0.4917717	0.0028	12.9297
0.4918412	-0.0032	12.9227
0.4919106	-0.0048	12.9158
0.49198	-0.0054	12.909
0.4920495	0.0006	12.9021
0.4921189	-0.0126	12.8952
0.4921884	-0.0129	12.8884
0.4922578	-0.007	12.8816
0.4923273	0.0006	12.8747
0.4923967	-0.0154	12.868
0.4924662	-0.01	12.8612
0.4925356	-0.0089	12.8545
0.492605	-0.0058	12.8478
0.4926745	-0.0032	12.8411
0.4927439	-0.0021	12.8345
0.4928134	-0.0153	12.8278
0.4928828	-0.0283	12.8213
0.4929523	-0.0042	12.8147
0.4930217	-0.0023	12.8082
0.4930912	-0.003	12.8017
0.4931606	-0.0046	12.7953
0.49323	0.0018	12.7889
0.4932995	0.0068	12.7825
0.4933689	0.001	12.7762
0.4934384	-0.0046	12.7699
0.4935078	0.0023	12.7637
0.4935773	0.0004	12.7575
0.4936467	-0.0027	12.7514
0.4937162	-0.0074	12.7453
0.4937856	0.0084	12.7393
0.493855	-0.0011	12.7333
0.4939245	0.0027	12.7273
0.4939939	-0.0034	12.7215
0.4940634	0.0117	12.7156
0.4941328	-0.0025	12.7099
0.4942023	0.0135	12.7042
0.4942717	0.0091	12.6985
0.4943412	0.0084	12.6929
0.4944106	0.0016	12.6873
0.49448	0.0062	12.6819
0.4945495	-0.0038	12.6764
0.4946189	-0.0151	12.671
0.4946884	-0.0097	12.6657
0.4947578	-0.0153	12.6604
0.4948273	-0.0078	12.6551
0.4948967	-0.0038	12.6499
0.4949662	-0.0134	12.6448
0.4950356	-0.0116	12.6397
0.495105	0.0022	12.6347
0.4951745	-0.007	12.6297
0.4952439	-0.0023	12.6247
0.4953134	0.0024	12.6198
0.4953828	-0.0006	12.615
0.4954523	-0.0088	12.6102
0.4955217	-0.0091	12.6054
0.4955912	-0.0062	12.6007
0.4956606	-0.0151	12.5961
0.49573	-0.0173	12.5915
0.4957995	-0.0169	12.5869
0.4958689	-0.0079	12.5824
0.4959384	-0.0106	12.5779
0.4960078	-0.0141	12.5735
0.4960773	-0.0159	12.5691
0.4961467	-0.0153	12.5647
0.4962162	-0.003	12.5604
0.4962856	-0.0021	12.5562
0.496355	0.0046	12.552
0.4964245	0.0112	12.5478
0.4964939	0.0026	12.5437
0.4965634	-0.0026	12.5396
0.4966328	0.0001	12.5355
0.4967023	-0.0046	12.5315
0.4967717	-0.0024	12.5276
0.4968412	0.0078	12.5236
0.4969106	-0.0117	12.5198
0.49698	0.0065	12.5159
0.4970495	0.0072	12.5121
0.4971189	0.0071	12.5084
0.4971884	0.0032	12.5046
0.4972578	0.005	12.5009
0.4973273	0.0097	12.4973
0.4973967	0.011	12.4937
0.4974662	0.0133	12.4901
0.4975356	0.0098	12.4865
0.497605	0.0107	12.483
0.4976745	0.015	12.4796
0.4977439	0.0098	12.4761
0.4978134	0.0147	12.4727
0.4978828	0.0097	12.4694
0.4979523	0.0003	12.466
0.4980217	-0.0018	12.4627
0.4980912	0.0017	12.4595
0.4981606	0.0014	12.4562
0.49823	0.002	12.453
0.4982995	-0.0031	12.4499
0.4983689	0.005	12.4467
0.4984384	-0.0008	12.4436
0.4985078	-0.004	12.4406
0.4985773	0.0047	12.4375
0.4986467	0.0139	12.4345
0.4987162	0.0001	12.4315
0.4987856	-0.0092	12.4286
0.498855	-0.0005	12.4257
0.4989245	-0.0004	12.4228
0.4989939	-0.0009	12.4199
0.4990634	0.0035	12.4171
0.4991328	0.002	12.4143
0.4992023	-0.0041	12.4115
0.4992717	0.0006	12.4087
0.4993412	0.0006	12.406
0.4994106	-0.0028	12.4033
0.49948	-0.0086	12.4006
0.4995495	-0.0099	12.398
0.4996189	0.0014	12.3954
0.4996884	-0.0078	12.3928
0.4997578	0.0036	12.3902
0.4998273	-0.0108	12.3877
0.4998967	-0.0165	12.3851
0.4999662	-0.007	12.3826
0.5000356	-0.0048	12.3802
0.500105	-0.0072	12.3777
0.5001745	0.006	12.3753
0.5002439	-0.0004	12.3729
0.5003134	0.0024	12.3705
0.5003828	0.0003	12.3681
0.5004523	0.0016	12.3658
0.5005217	-0.0038	12.3634
0.5005912	-0.0142	12.3611
0.5006606	-0.0139	12.3588
0.50073	0.0037	12.3566
0.5007995	-0.0232	12.3543
0.5008689	-0.0109	12.3521
0.5009384	-0.0158	12.3499
0.5010078	-0.0166	12.3477
0.5010773	-0.0316	12.3455
0.5011467	-0.0139	12.3434
0.5012162	-0.0136	12.3412
0.5012856	-0.0057	12.3391
0.501355	-0.0253	12.337
0.5014245	-0.0101	12.3349
0.5014939	-0.0059	12.3328
0.5015634	-0.008	12.3307
0.5016328	-0.0131	12.3287
0.5017023	0.0061	12.3267
0.5017717	-0.0029	12.3246
0.5018412	0.0085	12.3226
0.5019106	-0.0087	12.3206
0.50198	-0.0117	12.3186
0.5020495	-0.0044	12.3167
0.5021189	-0.0225	12.3147
0.5021884	-0.0172	12.3128
0.5022578	-0.0197	12.3108
0.5023273	-0.0106	12.3089
0.5023967	-0.0122	12.307
0.5024662	-0.0105	12.3051
0.5025356	-0.0055	12.3032
0.502605	-0.0039	12.3013
0.5026745	0.002	12.2994
0.5027439	0.0002	12.2976
0.5028134	0.0002	12.2957
0.5028828	0.0006	12.2939
0.5029523	-0.0032	12.292
0.5030217	0.0107	12.2902
0.5030912	0.0034	12.2883
0.5031606	0.0004	12.2865
0.50323	0.0096	12.2847
0.5032995	0.0056	12.2829
0.5033689	0.0104	12.2811
0.5034384	0.0194	12.2793
0.5035078	0.0191	12.2775
0.5035773	0.0355	12.2757
0.5036467	0.0399	12.2739
0.5037162	0.0406	12.2721
0.5037856	0.031	12.2703
0.503855	0.034	12.2686
0.5039245	0.0335	12.2668
0.5039939	0.0451	12.265
0.5040634	0.0438	12.2632
0.5041328	0.0389	12.2614
0.5042023	0.05	12.2597
0.5042717	0.0403	12.2579
0.5043412	0.0433	12.2561
0.5044106	0.0464	12.2544
