0.2814129	-0.016	12.225
0.2814824	0.0	12.2263
0.2815518	-0.0023	12.2276
0.2816213	-0.006	12.2288
0.2816907	-0.0047	12.2301
0.2817601	0.0012	12.2313
0.2818296	-0.0067	12.2325
0.281899	-0.0091	12.2337
0.2819685	-0.0039	12.2349
0.2820379	-0.0045	12.2361
0.2821074	0.0074	12.2372
0.2821768	-0.0047	12.2383
0.2822463	-0.0103	12.2394
0.2823157	-0.0032	12.2405
0.2823851	0.0102	12.2416
0.2824546	-0.0236	12.2426
0.282524	-0.0014	12.2437
0.2825935	-0.0114	12.2447
0.2826629	-0.0052	12.2457
0.2827324	-0.0074	12.2466
0.2828018	-0.0063	12.2476
0.2828713	-0.0113	12.2485
0.2829407	0.0083	12.2494
0.2830101	0.0088	12.2503
0.2830796	0.0063	12.2512
0.283149	0.0151	12.2521
0.2832185	0.0073	12.2529
0.2832879	-0.0041	12.2538
0.2833574	0.0221	12.2546
0.2834268	0.0068	12.2554
0.2834963	0.0129	12.2562
0.2835657	-0.0009	12.2569
0.2836351	0.0062	12.2577
0.2837046	0.0009	12.2584
0.283774	0.0005	12.2591
0.2838435	0.0068	12.2598
0.2839129	-0.0053	12.2605
0.2839824	-0.0159	12.2611
0.2840518	0.0191	12.2618
0.2841213	0.0061	12.2624
0.2841907	-0.0034	12.263
0.2842601	-0.0013	12.2636
0.2843296	0.0033	12.2642
0.284399	0.0128	12.2647
0.2844685	-0.0038	12.2653
0.2845379	-0.0035	12.2658
0.2846074	0.0093	12.2663
0.2846768	-0.0068	12.2668
0.2847463	-0.0074	12.2673
0.2848157	-0.0153	12.2677
0.2848851	0.0089	12.2682
0.2849546	-0.0017	12.2686
0.285024	-0.0105	12.269
0.2850935	-0.0043	12.2694
0.2851629	0.0002	12.2698
0.2852324	0.0012	12.2702
0.2853018	0.0004	12.2705
0.2853713	0.0015	12.2709
0.2854407	0.0034	12.2712
0.2855101	-0.0038	12.2715
0.2855796	0.008	12.2718
0.285649	-0.0131	12.272
0.2857185	0.0189	12.2723
0.2857879	0.0061	12.2726
0.2858574	0.0068	12.2728
0.2859268	0.013	12.273
0.2859963	0.0198	12.2732
0.2860657	0.0158	12.2734
0.2861351	0.0329	12.2736
0.2862046	0.0201	12.2737
0.286274	0.0249	12.2739
0.2863435	0.0243	12.274
0.2864129	0.0363	12.2741
0.2864824	0.0256	12.2742
0.2865518	0.0229	12.2743
0.2866213	0.0341	12.2744
0.2866907	0.0213	12.2744
0.2867601	0.0336	12.2745
0.2868296	0.0177	12.2745
0.286899	0.0186	12.2745
0.2869685	0.0206	12.2745
0.2870379	0.0275	12.2745
0.2871074	0.0276	12.2745
0.2871768	0.0299	12.2745
0.2872463	0.018	12.2744
0.2873157	0.0243	12.2744
0.2873851	0.0222	12.2743
0.2874546	0.0139	12.2742
0.287524	0.0142	12.2741
0.2875935	0.007	12.274
0.2876629	0.0107	12.2739
0.2877324	0.0025	12.2737
0.2878018	-0.0067	12.2736
0.2878713	-0.0097	12.2734
0.2879407	-0.0139	12.2732
0.2880101	0.0047	12.273
0.2880796	0.0197	12.2728
0.288149	0.0048	12.2726
0.2882185	0.0072	12.2724
0.2882879	0.0275	12.2722
0.2883574	0.0073	12.2719
0.2884268	0.0163	12.2716
0.2884963	0.0065	12.2714
0.2885657	0.0004	12.2711
0.2886351	0.0085	12.2708
0.2887046	0.0022	12.2705
0.288774	0.0062	12.2702
0.2888435	0.0015	12.2698
0.2889129	0.0095	12.2695
0.2889824	0.0076	12.2691
0.2890518	0.0242	12.2688
0.2891213	0.017	12.2684
0.2891907	0.019	12.268
0.2892601	0.0278	12.2676
0.2893296	0.024	12.2672
0.289399	0.0235	12.2668
0.2894685	0.0116	12.2663
0.2895379	0.0076	12.2659
0.2896074	0.0003	12.2654
0.2896768	0.0058	12.265
0.2897463	0.0042	12.2645
0.2898157	-0.0036	12.264
0.2898851	0.0015	12.2635
0.2899546	-0.0109	12.263
0.290024	-0.0104	12.2625
0.2900935	-0.0087	12.262
0.2901629	-0.005	12.2614
0.2902324	-0.002	12.2609
0.2903018	-0.0051	12.2603
0.2903713	-0.0069	12.2598
0.2904407	-0.0029	12.2592
0.2905101	-0.0009	12.2587
0.2905796	-0.008	12.2581
0.290649	-0.005	12.2575
0.2907185	-0.0081	12.2569
0.2907879	-0.0075	12.2563
0.2908574	-0.0092	12.2558
0.2909268	-0.0248	12.2552
0.2909963	-0.0144	12.2546
0.2910657	-0.0086	12.254
0.2911351	-0.0089	12.2534
0.2912046	-0.0093	12.2528
0.291274	0.0059	12.2522
0.2913435	-0.007	12.2516
0.2914129	-0.0058	12.251
0.2914824	-0.015	12.2504
0.2915518	-0.0095	12.2498
0.2916213	-0.0007	12.2492
0.2916907	-0.0187	12.2486
0.2917601	-0.0119	12.248
0.2918296	-0.0217	12.2474
0.291899	-0.0164	12.2468
0.2919685	-0.0129	12.2462
0.2920379	-0.0097	12.2457
0.2921074	-0.0076	12.2451
0.2921768	-0.0017	12.2445
0.2922463	0.0035	12.244
0.2923157	0.0035	12.2434
0.2923851	0.0055	12.2429
0.2924546	0.015	12.2423
0.292524	-0.012	12.2418
0.2925935	-0.0088	12.2413
0.2926629	0.0011	12.2408
0.2927324	0.0101	12.2403
0.2928018	0.0179	12.2398
0.2928713	-0.0061	12.2393
0.2929407	0.006	12.2388
0.2930101	0.0003	12.2383
0.2930796	0.0065	12.2379
0.293149	0.0021	12.2375
0.2932185	0.0065	12.237
0.2932879	0.0122	12.2366
0.2933574	0.0277	12.2362
0.2934268	0.0103	12.2358
0.2934963	0.0074	12.2355
0.2935657	-0.0067	12.2351
0.2936351	0.0088	12.2348
0.2937046	0.01	12.2344
0.293774	-0.0055	12.2341
0.2938435	-0.0102	12.2338
0.2939129	-0.0123	12.2336
0.2939824	-0.0094	12.2333
0.2940518	-0.0111	12.2331
0.2941213	-0.0075	12.2329
0.2941907	-0.0054	12.2327
0.2942601	-0.0025	12.2325
0.2943296	-0.0032	12.2323
0.294399	0.0108	12.2322
0.2944685	0.0243	12.2321
0.2945379	0.0044	12.232
0.2946074	-0.0019	12.2319
0.2946768	0.0018	12.2318
0.2947463	-0.0017	12.2318
0.2948157	-0.0034	12.2318
0.2948851	0.0076	12.2318
0.2949546	0.0027	12.2319
0.295024	-0.0004	12.2319
0.2950935	-0.0083	12.232
0.2951629	-0.0051	12.2321
0.2952324	-0.0106	12.2323
0.2953018	0.0049	12.2325
0.2953713	-0.0047	12.2327
0.2954407	-0.005	12.2329
0.2955101	-0.0044	12.2332
0.2955796	-0.0057	12.2334
0.295649	-0.0003	12.2337
0.2957185	-0.003	12.2341
0.2957879	-0.0078	12.2344
0.2958574	0.0113	12.2348
0.2959268	0.0002	12.2353
0.2959963	-0.0182	12.2357
0.2960657	-0.0033	12.2362
0.2961351	-0.0397	12.2366
0.2962046	-0.0035	12.2372
0.296274	-0.0099	12.2377
0.2963435	-0.0149	12.2383
0.2964129	-0.0068	12.2388
0.2964824	0.0042	12.2394
0.2965518	-0.0075	12.2401
0.2966213	-0.0254	12.2407
0.2966907	-0.0173	12.2414
0.2967601	-0.0307	12.2421
0.2968296	-0.0181	12.2428
0.296899	-0.0154	12.2435
0.2969685	-0.0164	12.2442
0.2970379	-0.0172	12.245
0.2971074	-0.0166	12.2458
0.2971768	-0.0193	12.2466
0.2972463	-0.0171	12.2474
0.2973157	-0.0233	12.2483
0.2973851	-0.0342	12.2491
0.2974546	-0.0336	12.25
0.297524	-0.0185	12.2509
0.2975935	-0.0212	12.2518
0.2976629	-0.0129	12.2527
0.2977324	-0.0177	12.2536
0.2978018	-0.0126	12.2546
0.2978713	-0.0254	12.2555
0.2979407	-0.0154	12.2565
0.2980101	-0.0165	12.2575
0.2980796	-0.0243	12.2585
0.298149	-0.0138	12.2595
0.2982185	-0.0315	12.2605
0.2982879	-0.0204	12.2616
0.2983574	-0.0259	12.2626
0.2984268	-0.0181	12.2637
0.2984963	-0.0295	12.2647
0.2985657	-0.0148	12.2658
0.2986351	-0.0356	12.2669
0.2987046	-0.0318	12.268
0.298774	-0.0423	12.2691
0.2988435	-0.0362	12.2702
0.2989129	-0.015	12.2713
0.2989824	-0.0179	12.2725
0.2990518	-0.0285	12.2736
0.2991213	-0.0312	12.2747
0.2991907	-0.0233	12.2759
0.2992601	-0.0171	12.277
0.2993296	-0.0359	12.2782
0.299399	0.0044	12.2794
0.2996768	-0.0102	12.2841
0.2997463	-0.0045	12.2853
0.2998157	0.0069	12.2864
0.2998851	-0.0049	12.2876
0.2999546	0.0073	12.2888
0.300024	0.033	12.29
0.3000935	-0.0065	12.2912
0.3001629	-0.0046	12.2924
0.3002324	0.0089	12.2936
0.3003018	0.0027	12.2948
0.3003713	0.0065	12.296
0.3004407	0.006	12.2972
0.3005101	-0.003	12.2984
0.3005796	0.0078	12.2995
0.300649	-0.0019	12.3007
0.3007185	0.0008	12.3019
0.3007879	-0.0011	12.3031
0.3008574	-0.001	12.3043
0.3009268	-0.0036	12.3054
0.3009963	-0.0158	12.3066
0.3010657	-0.0114	12.3078
0.3011351	0.0182	12.3089
0.3012046	0.0096	12.3101
0.301274	0.0035	12.3112
0.3013435	0.0017	12.3124
0.3014129	-0.0004	12.3135
0.3014824	0.0048	12.3146
0.3015518	0.017	12.3158
0.3016213	0.0046	12.3169
0.3016907	0.0121	12.318
0.3017601	0.0141	12.3191
0.3018296	0.0053	12.3202
0.301899	-0.0056	12.3212
0.3019685	0.0102	12.3223
0.3020379	0.012	12.3234
0.3021074	-0.0026	12.3244
0.3021768	-0.0017	12.3255
0.3022463	0.0037	12.3265
0.3023157	0.0062	12.3275
0.3023851	0.0063	12.3285
0.3024546	0.0074	12.3295
0.302524	0.0158	12.3305
0.3025935	0.007	12.3315
0.3026629	0.0187	12.3325
0.3027324	0.0129	12.3334
0.3028018	0.0074	12.3344
0.3028713	0.0145	12.3353
0.3029407	0.0357	12.3362
0.3030101	0.0227	12.3371
0.3030796	0.0233	12.338
0.303149	0.0132	12.3389
0.3032185	0.0129	12.3398
0.3032879	0.0239	12.3406
0.3033574	0.02	12.3415
0.3034268	0.0223	12.3423
0.3034963	0.0168	12.3431
0.3035657	0.0217	12.3439
0.3036351	0.0156	12.3447
0.3037046	0.0162	12.3454
0.303774	0.0206	12.3462
0.3038435	0.0083	12.3469
0.3039129	0.0152	12.3476
0.3039824	0.0251	12.3483
0.3040518	0.0163	12.349
0.3041213	0.0178	12.3497
0.3041907	0.0181	12.3503
0.3042601	0.0169	12.3509
0.3043296	0.0161	12.3516
0.304399	0.0208	12.3521
0.3044685	0.0221	12.3527
0.3045379	0.0086	12.3533
0.3046074	0.0239	12.3538
0.3046768	0.0033	12.3543
0.3047463	0.01	12.3548
0.3048157	0.0212	12.3553
0.3048851	0.0074	12.3557
0.3049546	0.0019	12.3562
0.305024	0.0076	12.3566
0.3050935	0.0079	12.357
0.3051629	0.0052	12.3573
0.3052324	-0.0126	12.3577
0.3053018	-0.0104	12.358
0.3053713	-0.0047	12.3583
0.3054407	0.0165	12.3586
0.3055101	0.0008	12.3589
0.3055796	0.0086	12.3591
0.305649	0.0063	12.3593
0.3057185	0.0079	12.3595
0.3057879	0.0036	12.3597
0.3058574	-0.0062	12.3598
0.3059268	0.0001	12.3599
0.3059963	0.001	12.36
0.3060657	0.0002	12.3601
0.3061351	-0.0084	12.3601
0.3062046	-0.0007	12.3601
0.306274	0.0099	12.3601
0.3063435	0.0126	12.3601
0.3064129	0.0045	12.36
0.3064824	0.0038	12.3599
0.3065518	0.016	12.3598
0.3066213	0.0201	12.3596
0.3066907	0.0151	12.3595
0.3067601	0.0095	12.3593
0.3068296	0.0214	12.359
0.306899	0.0307	12.3588
0.3069685	0.0278	12.3585
0.3070379	0.0316	12.3582
0.3071074	0.0212	12.3578
0.3071768	0.0176	12.3575
0.3072463	0.0051	12.3571
0.3073157	0.0063	12.3566
0.3073851	0.0098	12.3562
0.3074546	0.0009	12.3557
0.307524	-0.0096	12.3553
0.3075935	0.0154	12.3547
0.3076629	0.0197	12.3542
0.3077324	0.0018	12.3537
0.3078018	0.0018	12.3531
0.3078713	0.0145	12.3525
0.3079407	0.0053	12.3519
0.3080101	0.0047	12.3512
0.3080796	-0.001	12.3506
0.308149	-0.0003	12.3499
0.3082185	0.0082	12.3492
0.3082879	-0.0014	12.3485
0.3083574	0.0051	12.3478
0.3084268	0.0108	12.3471
0.3084963	0.0029	12.3464
0.3085657	0.0016	12.3456
0.3086351	-0.0005	12.3448
0.3087046	-0.0016	12.3441
0.308774	-0.0018	12.3433
0.3088435	0.0025	12.3425
0.3089129	0.0073	12.3417
0.3089824	0.0047	12.3408
0.3090518	0.0047	12.34
0.3091213	0.0029	12.3392
0.3091907	0.006	12.3383
0.3092601	-0.0146	12.3375
0.3093296	-0.0002	12.3366
0.309399	-0.0015	12.3358
0.3094685	0.0018	12.3349
0.3095379	-0.01	12.334
0.3096074	-0.007	12.3332
0.3096768	-0.013	12.3323
0.3097463	-0.0282	12.3314
0.3098157	-0.0111	12.3305
0.3098851	-0.0103	12.3296
0.3099546	-0.0153	12.3288
0.310024	0.0004	12.3279
0.3100935	-0.0056	12.327
0.3101629	0.0048	12.3261
0.3102324	-0.0039	12.3253
0.3103018	-0.0095	12.3244
0.3103713	-0.012	12.3235
0.3104407	-0.0084	12.3227
0.3105101	-0.0164	12.3218
0.3105796	-0.0241	12.321
0.310649	-0.013	12.3201
0.3107185	-0.0146	12.3193
0.3107879	-0.0144	12.3185
0.3108574	-0.0034	12.3177
0.3109268	-0.0021	12.3168
0.3109963	-0.0048	12.316
0.3110657	0.0032	12.3153
0.3111351	0.0006	12.3145
0.3112046	0.0054	12.3137
0.311274	0.0085	12.313
0.3113435	-0.0036	12.3122
0.3114129	-0.0002	12.3115
0.3114824	-0.0045	12.3108
0.3115518	-0.01	12.3101
0.3116213	-0.007	12.3094
0.3116907	-0.0108	12.3088
0.3117601	-0.0016	12.3081
0.3118296	-0.0049	12.3075
0.311899	-0.0109	12.3069
0.3119685	0.0043	12.3063
0.3120379	-0.0021	12.3057
0.3121074	0.0004	12.3052
0.3121768	0.0097	12.3046
0.3122463	-0.0031	12.3041
0.3123157	-0.0071	12.3036
0.3123851	0.0066	12.3032
0.3124546	0.0036	12.3027
0.312524	-0.021	12.3023
0.3125935	-0.0	12.3019
0.3126629	-0.011	12.3016
0.3127324	-0.0106	12.3012
0.3128018	0.0031	12.3009
0.3128713	-0.0088	12.3006
0.3129407	-0.0014	12.3004
0.3130101	-0.0113	12.3001
0.3130796	-0.0109	12.2999
0.313149	-0.0108	12.2997
0.3132185	-0.0174	12.2996
0.3132879	-0.0156	12.2995
0.3133574	-0.0136	12.2993
0.3134268	-0.0159	12.2993
0.3134963	-0.017	12.2992
0.3135657	-0.0089	12.2992
0.3136351	-0.0025	12.2992
0.3137046	-0.0059	12.2992
0.313774	0.0076	12.2993
0.3138435	-0.0037	12.2994
0.3139129	-0.0032	12.2995
0.3139824	-0.0037	12.2996
0.3140518	-0.0013	12.2998
0.3141213	-0.0012	12.3
0.3141907	0.0017	12.3002
0.3142601	0.0043	12.3005
0.3143296	-0.0108	12.3007
0.314399	-0.0194	12.3011
0.3144685	-0.016	12.3014
0.3145379	-0.0098	12.3018
0.3146074	-0.0183	12.3022
0.3146768	-0.0179	12.3026
0.3147463	-0.0137	12.303
0.3148157	-0.021	12.3035
0.3148851	-0.0065	12.304
0.3149546	-0.0162	12.3046
0.315024	-0.012	12.3052
0.3150935	-0.0013	12.3058
0.3151629	-0.005	12.3064
0.3152324	-0.0069	12.3071
0.3153018	0.0003	12.3078
0.3153713	-0.0236	12.3085
0.3154407	-0.0065	12.3093
0.3155101	-0.0057	12.31
0.3155796	-0.0158	12.3109
0.315649	-0.0115	12.3117
0.3157185	-0.0072	12.3126
0.3157879	-0.0107	12.3135
0.3158574	-0.01	12.3145
0.3159268	-0.005	12.3155
0.3159963	-0.0182	12.3165
0.3160657	-0.0217	12.3175
0.3161351	-0.0077	12.3186
0.3162046	-0.0127	12.3197
0.316274	-0.0017	12.3208
0.3163435	0.0071	12.322
0.3164129	-0.0145	12.3232
0.3164824	0.0072	12.3245
0.3165518	-0.0053	12.3257
0.3166213	-0.0127	12.3271
0.3166907	-0.0164	12.3284
0.3167601	-0.0091	12.3298
0.3168296	-0.0123	12.3312
0.316899	-0.0038	12.3326
0.3169685	-0.0129	12.3341
0.3170379	-0.0058	12.3356
0.3171074	-0.0074	12.3372
0.3171768	-0.0036	12.3388
0.3172463	0.0057	12.3404
0.3173157	-0.0013	12.342
0.3173851	0.0031	12.3437
0.3174546	0.0032	12.3454
0.317524	0.0112	12.3472
0.3175935	0.0089	12.349
0.3176629	0.0044	12.3508
0.3177324	0.0074	12.3527
0.3178018	-0.0048	12.3546
0.3178713	0.0086	12.3565
0.3179407	-0.0071	12.3585
0.3180101	-0.0114	12.3605
0.3180796	-0.0092	12.3626
0.318149	-0.0108	12.3647
0.3182185	-0.0056	12.3668
0.3182879	-0.0116	12.3689
0.3183574	-0.0076	12.3711
0.3184268	0.0009	12.3734
0.3184963	-0.0016	12.3756
0.3185657	0.0018	12.3779
0.3186351	0.0012	12.3803
0.3187046	0.0013	12.3827
0.318774	-0.0042	12.3851
0.3188435	-0.0036	12.3876
0.3189129	-0.0051	12.3901
0.3189824	0.0054	12.3926
0.3190518	-0.0118	12.3952
0.3191213	-0.0056	12.3978
0.3191907	-0.0023	12.4005
0.3192601	0.0048	12.4032
0.3193296	0.0048	12.4059
0.319399	-0.0001	12.4087
0.3194685	-0.0055	12.4115
0.3195379	0.0021	12.4144
0.3196074	-0.0117	12.4174
0.3196768	0.0013	12.4204
0.3197463	-0.0157	12.4235
0.3198157	-0.0046	12.4266
0.3198851	-0.0029	12.4298
0.3199546	-0.0172	12.4331
0.320024	-0.0097	12.4365
0.3200935	-0.0038	12.44
0.3201629	0.0048	12.4435
0.3202324	0.0085	12.4472
0.3203018	0.0204	12.451
0.3203713	0.0082	12.4548
0.3204407	-0.0048	12.4588
0.3205101	0.0058	12.4628
0.3205796	0.0048	12.467
0.320649	0.0109	12.4713
0.3207185	0.0025	12.4757
0.3207879	0.0026	12.4803
0.3208574	-0.0033	12.4849
0.3209268	-0.0079	12.4896
0.3209963	-0.0036	12.4945
0.3210657	-0.0077	12.4994
0.3211351	-0.0113	12.5044
0.3212046	0.0067	12.5096
0.321274	-0.0015	12.5148
0.3213435	-0.0151	12.5202
0.3214129	-0.0129	12.5256
0.3214824	-0.0023	12.5311
0.3215518	-0.0134	12.5367
0.3216213	-0.0246	12.5424
0.3216907	-0.0167	12.5482
0.3217601	-0.0177	12.5541
0.3218296	-0.0162	12.56
0.321899	-0.0204	12.566
0.3219685	-0.0137	12.5721
0.3220379	-0.0051	12.5783
0.3221074	-0.0126	12.5846
0.3221768	-0.0133	12.5909
0.3222463	-0.0148	12.5973
0.3223157	-0.0049	12.6037
0.3223851	-0.0136	12.6103
0.3224546	-0.0075	12.6169
0.322524	0.0183	12.6235
0.3225935	0.0118	12.6302
0.3226629	-0.0078	12.637
0.3227324	-0.0102	12.6438
0.3228018	0.006	12.6507
0.3228713	-0.0116	12.6576
0.3229407	-0.0085	12.6646
0.3230101	-0.0125	12.6716
0.3230796	-0.01	12.6787
0.323149	-0.0039	12.6858
0.3232185	-0.009	12.693
0.3232879	-0.0166	12.7002
0.3233574	-0.0166	12.7075
0.3234268	-0.0134	12.7147
0.3234963	-0.0029	12.7221
0.3235657	-0.01	12.7294
0.3236351	0.0004	12.7368
0.3237046	-0.0038	12.7442
0.323774	-0.0173	12.7516
0.3238435	-0.0308	12.7591
0.3239129	-0.0113	12.7666
0.3239824	-0.0166	12.7741
0.3240518	-0.0267	12.7816
0.3241213	-0.0228	12.7891
0.3241907	-0.0143	12.7967
0.3242601	-0.0196	12.8042
0.3243296	-0.0214	12.8118
0.324399	-0.0162	12.8194
0.3244685	-0.0107	12.827
0.3245379	-0.0166	12.8346
0.3246074	-0.0154	12.8422
0.3246768	-0.0072	12.8498
0.3247463	-0.0084	12.8574
0.3248157	-0.0104	12.865
0.3248851	-0.0221	12.8726
0.3249546	-0.0159	12.8802
0.325024	-0.0044	12.8878
0.3250935	0.0043	12.8954
0.3251629	0.0103	12.9029
0.3252324	-0.007	12.9105
0.3253018	-0.0015	12.918
0.3253713	0.003	12.9255
0.3254407	0.0205	12.933
0.3255101	-0.0098	12.9405
0.3255796	0.0208	12.9479
0.325649	0.0253	12.9554
0.3257185	0.0055	12.9628
0.3257879	-0.01	12.9701
0.3258574	-0.0169	12.9775
0.3259268	-0.0155	12.9848
0.3259963	-0.0114	12.992
0.3260657	-0.016	12.9993
0.3261351	-0.0038	13.0064
0.3262046	0.0113	13.0136
0.326274	0.0033	13.0207
0.3263435	0.0048	13.0278
0.3264129	0.0017	13.0348
0.3264824	0.0058	13.0417
0.3265518	0.0045	13.0487
0.3266213	-0.0017	13.0555
0.3266907	0.0058	13.0623
0.3267601	0.016	13.0691
0.3268296	0.0199	13.0758
0.326899	0.0035	13.0824
0.3269685	0.0151	13.089
0.3270379	0.0197	13.0955
0.3271074	0.0052	13.102
0.3271768	0.0145	13.1083
0.3272463	-0.005	13.1147
0.3273157	0.0234	13.1209
0.3273851	0.011	13.1271
0.3274546	0.0053	13.1332
0.327524	0.0114	13.1392
0.3275935	0.0276	13.1452
0.3276629	0.0245	13.1511
0.3277324	0.0016	13.1569
0.3278713	0.0124	13.1682
0.3279407	0.017	13.1738
0.3280101	0.0091	13.1793
0.3280796	0.0051	13.1847
0.328149	0.0084	13.1899
0.3282185	0.0189	13.1951
0.3282879	0.016	13.2002
0.3283574	0.0078	13.2053
0.3284268	0.0077	13.2102
0.3284963	0.0196	13.215
0.3285657	0.0073	13.2197
0.3286351	0.0207	13.2243
0.3287046	0.0192	13.2289
0.328774	0.0309	13.2333
0.3288435	0.0281	13.2376
0.3289129	0.0301	13.2418
0.3289824	0.0289	13.2459
0.3290518	0.0171	13.2498
0.3291213	0.0179	13.2537
0.3291907	0.0184	13.2574
0.3292601	0.0181	13.2611
0.3293296	0.0248	13.2646
0.329399	0.0274	13.268
0.3294685	0.0021	13.2713
0.3295379	0.0004	13.2744
0.3296074	0.0169	13.2774
0.3296768	0.0003	13.2803
0.3297463	0.0176	13.2831
0.3298157	0.0247	13.2857
0.3298851	0.0145	13.2882
0.3299546	0.0281	13.2906
0.330024	0.0097	13.2928
0.3300935	0.0113	13.295
0.3301629	0.0179	13.2969
0.3302324	0.0167	13.2987
0.3303018	0.0179	13.3004
0.3303713	-0.0011	13.3019
0.3304407	0.0085	13.3033
0.3305101	0.0155	13.3046
0.3305796	0.0054	13.3057
0.330649	-0.0014	13.3066
0.3307185	-0.0002	13.3074
0.3307879	0.014	13.308
0.3308574	0.0168	13.3085
0.3309268	0.0068	13.3088
0.3309963	0.016	13.309
0.3310657	0.0007	13.309
0.3311351	0.007	13.3089
0.3312046	-0.0001	13.3085
0.331274	0.0005	13.308
0.3313435	0.0026	13.3074
0.3314129	0.0006	13.3066
0.3314824	-0.0214	13.3056
0.3315518	-0.0092	13.3044
0.3316213	-0.019	13.3031
0.3316907	-0.0068	13.3015
0.3317601	0.006	13.2998
0.3318296	0.0029	13.298
0.331899	0.0085	13.2959
0.3319685	0.0261	13.2937
0.3320379	0.0155	13.2912
0.3321074	0.0156	13.2886
0.3321768	0.0098	13.2858
0.3322463	0.0062	13.2829
0.3323157	-0.0019	13.2797
0.3323851	-0.0014	13.2764
0.3324546	-0.0013	13.273
0.332524	0.0103	13.2694
0.3325935	0.0028	13.2656
0.3326629	0.0059	13.2617
0.3327324	-0.0003	13.2576
0.3328018	0.013	13.2534
0.3328713	0.0165	13.2491
0.3329407	0.008	13.2446
0.3330101	0.0218	13.24
0.3330796	0.0068	13.2353
0.333149	0.006	13.2305
0.3332185	0.0061	13.2256
0.3332879	0.001	13.2205
0.3333574	-0.0023	13.2154
0.3334268	0.014	13.2101
0.3334963	0.0074	13.2048
0.3335657	0.015	13.1994
0.3336351	0.0018	13.1938
0.3337046	0.0103	13.1882
0.333774	0.0171	13.1826
0.3338435	0.0154	13.1768
0.3339129	0.0085	13.171
0.3339824	0.0086	13.1651
0.3340518	0.0198	13.1592
0.3341213	0.0162	13.1532
0.3341907	0.0035	13.1472
0.3342601	0.01	13.1411
0.3343296	-0.0009	13.135
0.334399	0.0193	13.1288
0.3344685	0.0072	13.1226
0.3345379	-0.0096	13.1164
0.3346074	0.014	13.1102
0.3346768	0.018	13.1039
0.3347463	0.0113	13.0976
0.3348157	0.0064	13.0913
0.3348851	-0.0037	13.0851
0.3349546	-0.0062	13.0788
0.335024	0.0013	13.0725
0.3350935	-0.0003	13.0662
0.3351629	-0.0067	13.0599
0.3352324	-0.0007	13.0536
0.3353018	-0.0003	13.0473
0.3353713	0.0022	13.041
0.3354407	0.0011	13.0347
0.3355101	0.002	13.0284
0.3355796	-0.0046	13.0222
0.335649	0.0009	13.0159
0.3357185	-0.0126	13.0096
0.3357879	-0.0044	13.0034
0.3358574	-0.0038	12.9971
0.3359268	0.0025	12.9909
0.3359963	0.0089	12.9847
0.3360657	0.0054	12.9784
0.3361351	0.0015	12.9722
0.3362046	0.0008	12.966
0.336274	0.0079	12.9599
0.3363435	0.0091	12.9537
0.3364129	0.0045	12.9475
0.3364824	-0.0083	12.9414
0.3365518	0.0027	12.9353
0.3366213	-0.001	12.9292
0.3366907	-0.0001	12.9231
0.3367601	0.0019	12.917
0.3368296	-0.0115	12.911
0.336899	0.0026	12.905
0.3369685	0.0118	12.899
0.3370379	0.0003	12.893
0.3371074	-0.0037	12.887
0.3371768	0.0048	12.8811
0.3372463	-0.011	12.8752
0.3373157	-0.0085	12.8693
0.3373851	0.0029	12.8634
0.3374546	-0.0101	12.8576
0.337524	0.0058	12.8518
0.3375935	-0.0012	12.846
0.3376629	0.0077	12.8403
0.3377324	0.0093	12.8346
0.3378018	0.001	12.8289
0.3379407	0.0162	12.8176
0.3380101	0.0057	12.8121
0.3380796	-0.0028	12.8065
0.338149	-0.0006	12.801
0.3382185	-0.0219	12.7955
0.3382879	-0.0188	12.7901
0.3383574	-0.0201	12.7847
0.3384268	-0.0249	12.7793
0.3384963	-0.0242	12.774
0.3385657	-0.0186	12.7687
0.3386351	-0.0058	12.7635
0.3387046	-0.0265	12.7583
0.338774	-0.0122	12.7531
0.3388435	-0.0126	12.748
0.3389129	-0.0268	12.743
0.3389824	-0.005	12.7379
0.3390518	-0.0021	12.733
0.3391213	0.0112	12.728
0.3391907	-0.003	12.7232
0.3392601	-0.0159	12.7183
0.3393296	-0.0187	12.7136
0.339399	-0.0216	12.7088
0.3394685	-0.0235	12.7042
0.3395379	-0.032	12.6995
0.3396074	-0.0358	12.695
0.3396768	-0.0282	12.6904
0.3397463	-0.0212	12.686
0.3398157	-0.0259	12.6816
0.3398851	-0.0033	12.6772
0.3399546	-0.0102	12.6729
0.340024	-0.0085	12.6687
0.3400935	-0.0122	12.6645
0.3401629	-0.0008	12.6604
0.3402324	-0.0029	12.6563
0.3403018	-0.0022	12.6523
0.3403713	-0.0108	12.6484
0.3404407	-0.0108	12.6445
0.3405101	-0.0113	12.6407
0.3405796	-0.0125	12.637
0.340649	-0.0085	12.6333
0.3407185	-0.0126	12.6297
0.3407879	-0.0053	12.6261
0.3408574	0.0061	12.6227
0.3409268	-0.0053	12.6192
0.3409963	-0.0071	12.6159
0.3410657	0.0058	12.6126
0.3411351	0.0015	12.6093
0.3412046	0.021	12.6062
0.341274	0.0103	12.603
0.3413435	-0.0008	12.6
0.3414129	-0.0014	12.5969
0.3414824	-0.0115	12.594
0.3415518	-0.0081	12.5911
0.3416213	-0.0014	12.5882
0.3416907	-0.0005	12.5854
0.3417601	0.003	12.5827
0.3418296	0.0068	12.58
0.341899	0.0076	12.5773
0.3419685	0.0087	12.5747
0.3420379	0.0076	12.5722
0.3421074	0.0234	12.5697
0.3421768	0.0218	12.5672
0.3422463	0.0162	12.5648
0.3423157	0.0186	12.5624
0.3423851	0.0153	12.56
0.3424546	0.0283	12.5577
0.342524	0.0055	12.5555
0.3425935	0.0117	12.5533
0.3426629	0.0173	12.5511
0.3427324	0.0182	12.5489
0.3428018	0.0052	12.5468
0.3428713	0.0031	12.5448
0.3429407	0.0078	12.5427
0.3430101	0.0127	12.5407
0.3430796	0.0073	12.5387
0.343149	0.0079	12.5368
0.3432185	0.0074	12.5349
0.3432879	0.0097	12.533
0.3433574	-0.002	12.5311
0.3434268	-0.0025	12.5293
0.3434963	0.0117	12.5275
0.3435657	0.0129	12.5257
0.3436351	0.0165	12.524
0.3437046	0.0091	12.5222
0.343774	0.012	12.5205
0.3438435	0.0061	12.5188
0.3439129	0.0079	12.5172
0.3439824	0.0134	12.5155
0.3440518	-0.0016	12.5139
0.3441213	0.0113	12.5123
0.3441907	0.0038	12.5107
0.3442601	-0.0019	12.5091
0.3443296	-0.0039	12.5075
0.344399	0.0035	12.506
0.3444685	0.0001	12.5044
0.3445379	-0.0083	12.5029
0.3446074	-0.015	12.5014
0.3446768	-0.0013	12.4999
0.3447463	-0.0145	12.4983
0.3448157	-0.0031	12.4969
0.3448851	-0.0062	12.4954
0.3449546	0.0024	12.4939
0.345024	-0.0102	12.4924
0.3450935	-0.0237	12.4909
0.3451629	-0.0107	12.4894
0.3452324	-0.0242	12.488
0.3453018	-0.007	12.4865
0.3453713	-0.0102	12.485
0.3454407	-0.0061	12.4836
0.3455101	-0.0024	12.4821
0.3455796	-0.0175	12.4806
0.345649	-0.0185	12.4791
0.3457185	-0.0126	12.4776
0.3457879	-0.0199	12.4761
0.3458574	-0.0199	12.4746
0.3459268	-0.0203	12.4731
0.3459963	-0.024	12.4716
0.3460657	-0.0313	12.4701
0.3461351	-0.0352	12.4685
0.3462046	-0.0266	12.467
0.346274	-0.0323	12.4654
0.3463435	-0.0168	12.4638
0.3464129	-0.0076	12.4622
0.3464824	-0.0026	12.4606
0.3465518	-0.004	12.459
0.3466213	-0.0059	12.4573
0.3466907	-0.0052	12.4557
0.3467601	-0.0053	12.454
0.3468296	0.0003	12.4523
0.346899	0.0014	12.4507
0.3469685	0.0052	12.449
0.3470379	0.0012	12.4472
0.3471074	-0.0007	12.4455
0.3471768	-0.005	12.4438
0.3472463	-0.0107	12.4421
0.3473157	0.0072	12.4403
0.3473851	0.0064	12.4385
0.3474546	0.0218	12.4368
0.347524	0.0038	12.435
0.3475935	0.0071	12.4332
0.3476629	0.005	12.4314
0.3477324	0.0021	12.4296
0.3478018	-0.001	12.4278
0.3478713	0.0035	12.426
0.3479407	-0.0048	12.4242
0.3480101	0.0134	12.4223
0.3480796	-0.0025	12.4205
0.348149	-0.0035	12.4187
0.3482185	-0.005	12.4168
0.3482879	-0.0027	12.415
0.3483574	0.0106	12.4131
0.3484268	-0.0036	12.4113
0.3484963	0.001	12.4094
0.3485657	-0.0097	12.4075
0.3486351	-0.0082	12.4057
0.3487046	-0.0092	12.4038
0.348774	-0.0099	12.402
0.3488435	-0.0128	12.4001
0.3489129	-0.0026	12.3983
0.3489824	-0.0053	12.3964
0.3490518	0.0011	12.3946
0.3491213	-0.005	12.3927
0.3491907	-0.0119	12.3909
0.3492601	-0.0104	12.3891
0.3493296	-0.0325	12.3873
0.349399	-0.019	12.3854
0.3494685	-0.0224	12.3837
0.3495379	-0.0183	12.3819
0.3496074	-0.0191	12.3801
0.3496768	-0.0143	12.3783
0.3497463	-0.0079	12.3766
0.3498157	-0.0074	12.3749
0.3498851	-0.018	12.3732
0.3499546	-0.0117	12.3715
0.350024	-0.0086	12.3698
0.3500935	-0.0172	12.3681
0.3501629	-0.0116	12.3665
0.3502324	-0.0201	12.3649
0.3503018	-0.017	12.3633
0.3503713	-0.0319	12.3617
0.3504407	-0.0332	12.3601
0.3505101	-0.0304	12.3586
0.3505796	-0.027	12.3571
0.350649	-0.0266	12.3557
0.3507185	-0.0266	12.3542
0.3507879	-0.0273	12.3528
0.3508574	-0.0195	12.3514
0.3509268	-0.0319	12.3501
0.3509963	-0.0162	12.3487
0.3510657	-0.0191	12.3474
0.3511351	-0.0229	12.3462
0.3512046	-0.0199	12.3449
0.351274	-0.0145	12.3438
0.3513435	-0.0124	12.3426
0.3514129	-0.0103	12.3415
0.3514824	-0.0001	12.3404
0.3515518	-0.0102	12.3393
0.3516213	-0.0153	12.3382
0.3516907	-0.0118	12.3372
0.3517601	-0.007	12.3363
0.3518296	-0.0233	12.3353
0.351899	-0.0152	12.3344
0.3519685	-0.0169	12.3335
0.3520379	-0.0161	12.3326
0.3521074	-0.029	12.3318
0.3521768	-0.024	12.331
0.3522463	-0.0165	12.3302
0.3523157	-0.023	12.3295
0.3523851	-0.019	12.3287
0.3524546	-0.0151	12.328
0.352524	-0.0184	12.3274
0.3525935	-0.0	12.3267
0.3526629	-0.0004	12.3261
0.3527324	-0.0022	12.3255
0.3528018	0.0038	12.325
0.3528713	-0.0093	12.3244
0.3529407	-0.027	12.3239
0.3530101	-0.0116	12.3234
0.3530796	-0.0122	12.323
0.353149	-0.0104	12.3225
0.3532185	-0.0115	12.3221
0.3532879	-0.0104	12.3217
0.3533574	-0.0012	12.3214
0.3534268	-0.0003	12.321
0.3534963	-0.0025	12.3207
0.3535657	0.0098	12.3204
0.3536351	0.0007	12.3201
0.3537046	0.0067	12.3199
0.353774	0.0017	12.3196
0.3538435	0.0038	12.3194
0.3539129	0.0079	12.3192
0.3539824	0.0036	12.319
0.3540518	-0.0046	12.3189
0.3541213	-0.0035	12.3188
0.3541907	0.0015	12.3187
0.3542601	-0.0095	12.3186
0.3543296	-0.0143	12.3185
0.354399	-0.0112	12.3184
0.3544685	-0.0171	12.3184
0.3545379	-0.0083	12.3184
0.3546074	-0.0114	12.3184
0.3546768	-0.0118	12.3184
0.3547463	-0.0039	12.3185
0.3548157	-0.0051	12.3185
0.3548851	-0.0034	12.3186
0.3549546	0.0003	12.3187
0.355024	0.0049	12.3188
0.3550935	0.0108	12.3189
0.3551629	0.0012	12.319
0.3552324	0.0013	12.3192
0.3553018	0.0012	12.3194
0.3553713	0.0004	12.3196
0.3554407	0.0086	12.3198
0.3555101	0.0109	12.32
0.3555796	0.0034	12.3202
0.355649	0.0087	12.3204
0.3557185	0.0026	12.3207
0.3557879	0.0039	12.321
0.3558574	0.0139	12.3212
0.3559268	0.0232	12.3215
0.3559963	0.0127	12.3218
0.3560657	0.0051	12.3222
0.3561351	0.008	12.3225
0.3562046	0.0024	12.3228
0.356274	0.0186	12.3232
0.3563435	0.0208	12.3236
0.3564129	0.0193	12.3239
0.3564824	0.0317	12.3243
0.3565518	0.0254	12.3247
0.3566213	0.0183	12.3251
0.3566907	0.0165	12.3255
0.3567601	0.0142	12.326
0.3568296	0.0144	12.3264
0.356899	0.011	12.3268
0.3569685	0.0195	12.3273
0.3570379	0.0108	12.3278
0.3571074	0.0037	12.3282
0.3571768	0.0071	12.3287
0.3572463	0.0024	12.3292
0.3573157	0.0173	12.3297
0.3573851	0.0102	12.3302
0.3574546	0.0059	12.3307
0.357524	0.0153	12.3312
0.3575935	0.0127	12.3317
0.3576629	0.0088	12.3322
0.3577324	0.0127	12.3327
0.3578018	0.0086	12.3333
0.3578713	0.0112	12.3338
0.3579407	0.0111	12.3343
0.3580101	0.0007	12.3349
0.3580796	0.0028	12.3354
0.358149	0.0053	12.336
0.3582185	0.0108	12.3365
0.3582879	0.0076	12.3371
0.3583574	0.0061	12.3377
0.3584268	-0.0041	12.3382
0.3584963	-0.0057	12.3388
0.3585657	-0.0072	12.3394
0.3586351	-0.0198	12.3399
0.3587046	-0.0128	12.3405
0.358774	-0.0084	12.3411
0.3588435	-0.0096	12.3416
0.3589129	-0.0105	12.3422
0.3589824	-0.0294	12.3428
0.3590518	-0.0117	12.3433
0.3591213	-0.0163	12.3439
0.3591907	-0.0123	12.3445
0.3592601	-0.0122	12.3451
0.3593296	0.0005	12.3456
0.359399	-0.0154	12.3462
0.3594685	-0.0189	12.3468
0.3595379	-0.0102	12.3473
0.3596074	-0.0006	12.3479
0.3596768	-0.007	12.3484
0.3597463	-0.0228	12.349
0.3598157	-0.0138	12.3495
0.3598851	-0.0045	12.3501
0.3599546	0.0003	12.3506
0.360024	-0.0073	12.3512
0.3600935	-0.0092	12.3517
0.3601629	-0.0151	12.3522
0.3602324	-0.0191	12.3527
0.3603018	-0.0258	12.3533
0.3603713	-0.0178	12.3538
0.3604407	-0.0034	12.3543
0.3605101	-0.0103	12.3548
0.3605796	-0.0174	12.3553
0.360649	-0.0065	12.3558
0.3607185	-0.0146	12.3562
0.3607879	-0.0022	12.3567
0.3608574	-0.0125	12.3572
0.3609268	-0.005	12.3576
0.3609963	-0.0024	12.3581
0.3610657	-0.0008	12.3585
0.3611351	-0.0111	12.359
0.3612046	-0.0091	12.3594
0.361274	-0.0077	12.3598
0.3613435	-0.0036	12.3602
0.3614129	-0.0098	12.3606
0.3614824	-0.0077	12.361
0.3615518	-0.0152	12.3613
0.3616213	-0.0076	12.3617
0.3616907	-0.0191	12.3621
0.3617601	-0.0271	12.3624
0.3618296	-0.0192	12.3627
0.361899	-0.0145	12.363
0.3619685	-0.0102	12.3633
0.3620379	-0.0027	12.3636
0.3621074	-0.0095	12.3639
0.3621768	-0.0012	12.3642
0.3622463	-0.0146	12.3644
0.3623157	-0.0118	12.3647
0.3623851	-0.007	12.3649
0.3624546	-0.0019	12.3651
0.362524	-0.0008	12.3653
0.3625935	0.0043	12.3655
0.3626629	0.0032	12.3656
0.3627324	0.0107	12.3658
0.3628018	0.0046	12.3659
0.3628713	-0.0082	12.3661
0.3629407	0.0084	12.3662
0.3630101	0.0175	12.3663
0.3630796	0.0209	12.3664
0.363149	0.008	12.3665
0.3632185	0.0122	12.3665
0.3632879	0.0077	12.3666
0.3633574	0.0117	12.3666
0.3634268	0.0124	12.3667
0.3634963	0.0078	12.3667
0.3635657	0.01	12.3667
0.3636351	0.0003	12.3667
0.3637046	-0.008	12.3667
0.363774	-0.0066	12.3667
0.3638435	0.0003	12.3666
0.3639129	-0.0122	12.3666
0.3640518	-0.0026	12.3664
0.3641213	0.0051	12.3664
0.3641907	0.0056	12.3663
0.3642601	0.0093	12.3662
0.3643296	0.0125	12.3661
0.364399	0.0145	12.366
0.3644685	0.0136	12.3658
0.3645379	0.0077	12.3657
0.3646074	0.009	12.3655
0.3646768	0.0074	12.3654
0.3647463	0.0007	12.3652
0.3648157	-0.0027	12.365
0.3648851	-0.0002	12.3649
0.3649546	-0.0078	12.3647
0.365024	-0.0082	12.3645
0.3650935	-0.0081	12.3643
0.3651629	-0.0096	12.364
0.3652324	0.0062	12.3638
0.3653018	0.0021	12.3636
0.3653713	0.0046	12.3633
0.3654407	0.0028	12.3631
0.3655101	0.0098	12.3628
0.3655796	0.0052	12.3626
0.365649	0.0068	12.3623
0.3657185	0.003	12.362
0.3657879	0.0194	12.3617
0.3658574	0.0186	12.3614
0.3659268	0.0165	12.3611
0.3659963	0.0035	12.3608
0.3660657	0.0101	12.3605
0.3661351	0.0087	12.3602
0.3662046	0.004	12.3599
0.366274	0.0026	12.3595
0.3663435	0.0129	12.3592
0.3664129	0.0081	12.3589
0.3664824	0.0024	12.3585
0.3665518	0.0013	12.3582
0.3666213	0.0075	12.3578
0.3666907	0.0069	12.3574
0.3667601	0.0084	12.3571
0.3668296	-0.0023	12.3567
0.366899	0.0075	12.3563
0.3669685	0.0083	12.3559
0.3670379	0.0103	12.3555
0.3671074	0.0043	12.3551
0.3671768	0.0149	12.3547
0.3672463	0.0205	12.3543
0.3673157	0.003	12.3539
0.3673851	-0.0083	12.3535
0.3674546	0.0047	12.3531
0.367524	-0.0035	12.3527
0.3675935	-0.0032	12.3523
0.3676629	0.0019	12.3518
0.3677324	0.0079	12.3514
0.3678018	0.0012	12.351
0.3678713	0.0065	12.3505
0.3679407	0.0112	12.3501
0.3680101	0.001	12.3497
0.3680796	0.0144	12.3492
0.368149	0.014	12.3488
0.3682185	0.0022	12.3483
0.3682879	0.0196	12.3479
0.3683574	0.0252	12.3474
0.3684268	0.0071	12.347
0.3684963	0.0058	12.3465
0.3685657	-0.0018	12.3461
0.3686351	0.0135	12.3456
0.3687046	0.0139	12.3452
0.368774	0.0026	12.3447
0.3688435	0.0095	12.3443
0.3689129	0.0197	12.3438
0.3689824	0.0083	12.3433
0.3690518	0.0043	12.3429
0.3691213	0.0068	12.3424
0.3691907	0.0165	12.3419
0.3692601	0.0172	12.3415
0.3693296	0.0098	12.341
0.369399	0.0248	12.3406
0.3694685	0.0173	12.3401
0.3695379	0.0143	12.3396
0.3696074	0.0014	12.3392
0.3696768	0.0018	12.3387
0.3697463	-0.006	12.3383
0.3698157	-0.0122	12.3378
0.3698851	-0.0191	12.3373
0.3699546	-0.014	12.3369
0.370024	-0.0082	12.3364
0.3700935	-0.008	12.336
0.3701629	-0.0129	12.3355
0.3702324	-0.0045	12.3351
0.3703018	0.0012	12.3346
0.3703713	-0.0018	12.3342
0.3704407	-0.0025	12.3337
0.3705101	0.0081	12.3333
0.3705796	-0.0039	12.3329
0.370649	0.0124	12.3324
0.3707185	0.0096	12.332
0.3707879	0.0068	12.3316
0.3708574	0.0121	12.3311
0.3709268	0.0071	12.3307
0.3709963	0.0078	12.3303
0.3710657	0.0129	12.3299
0.3711351	0.0132	12.3295
0.3712046	0.0188	12.3291
0.371274	0.0108	12.3287
0.3713435	0.013	12.3283
0.3714129	0.0115	12.3279
0.3714824	0.0109	12.3275
0.3715518	0.0018	12.3271
0.3716213	-0.0036	12.3267
0.3716907	-0.0058	12.3263
0.3717601	0.0077	12.3259
0.3718296	0.0134	12.3256
0.371899	0.0051	12.3252
0.3719685	0.0244	12.3249
0.3720379	0.0243	12.3245
0.3721074	0.0056	12.3242
0.3721768	0.0132	12.3238
0.3722463	0.0104	12.3235
0.3723157	-0.0007	12.3232
0.3723851	0.0052	12.3228
0.3724546	0.0055	12.3225
0.372524	-0.0019	12.3222
0.3725935	-0.0058	12.3219
0.3726629	-0.0051	12.3216
0.3727324	0.0051	12.3213
0.3728018	-0.0062	12.321
0.3728713	-0.0082	12.3207
0.3729407	-0.0153	12.3205
0.3730101	-0.0062	12.3202
0.3730796	0.0017	12.32
0.373149	0.0075	12.3197
0.3732185	0.0119	12.3195
0.3732879	0.002	12.3192
0.3733574	0.0051	12.319
0.3734268	0.0159	12.3188
0.3734963	-0.0056	12.3186
0.3735657	-0.0074	12.3184
0.3736351	-0.0006	12.3182
0.3737046	-0.0143	12.318
0.373774	-0.0059	12.3179
0.3738435	-0.0176	12.3177
0.3739129	-0.0091	12.3176
0.3739824	-0.0085	12.3174
0.3740518	-0.0042	12.3173
0.3741213	-0.0067	12.3171
0.3741907	0.0006	12.317
0.3742601	0.0092	12.3169
0.3743296	0.0032	12.3168
0.374399	0.0092	12.3167
0.3744685	0.0073	12.3166
0.3745379	0.0074	12.3165
0.3746074	0.0096	12.3164
0.3746768	-0.0116	12.3164
0.3747463	0.0018	12.3163
0.3748157	-0.0045	12.3162
0.3748851	-0.0017	12.3162
0.3749546	-0.0193	12.3161
0.375024	0.0031	12.3161
0.3750935	-0.0033	12.3161
0.3751629	-0.0106	12.316
0.3752324	-0.0112	12.316
0.3753018	-0.0038	12.316
0.3753713	0.0015	12.316
0.3754407	-0.0027	12.316
0.3755101	-0.0019	12.316
0.3755796	-0.0114	12.316
0.375649	-0.013	12.316
0.3757185	-0.0077	12.316
0.3757879	-0.0196	12.316
0.3758574	-0.0149	12.3161
0.3759268	-0.0079	12.3161
0.3759963	-0.007	12.3161
0.3760657	-0.0243	12.3162
0.3761351	-0.03	12.3162
0.3762046	-0.0284	12.3163
0.376274	-0.0285	12.3163
0.3763435	-0.0204	12.3164
0.3764129	-0.0156	12.3164
0.3764824	-0.0099	12.3165
0.3765518	-0.0137	12.3166
0.3766213	-0.0161	12.3167
0.3766907	-0.0284	12.3167
0.3767601	-0.0141	12.3168
0.3768296	-0.0055	12.3169
0.376899	-0.0116	12.317
0.3769685	-0.0126	12.3171
0.3770379	-0.013	12.3171
0.3771074	-0.0196	12.3172
0.3771768	-0.0253	12.3173
0.3772463	-0.0095	12.3174
0.3773157	-0.0213	12.3175
0.3773851	-0.0101	12.3176
0.3774546	-0.0144	12.3177
0.377524	-0.0049	12.3178
0.3775935	-0.009	12.3179
0.3777324	-0.0184	12.3182
0.3778018	-0.0197	12.3183
0.3778713	-0.0219	12.3184
0.3779407	-0.02	12.3185
0.3780101	-0.0154	12.3186
0.3780796	-0.014	12.3187
0.378149	-0.0127	12.3188
0.3782185	-0.0108	12.319
0.3782879	-0.0122	12.3191
0.3783574	-0.0062	12.3192
0.3784268	-0.0069	12.3193
0.3784963	-0.0102	12.3194
0.3785657	-0.0047	12.3196
0.3786351	0.0024	12.3197
0.3787046	-0.0022	12.3198
0.378774	0.0065	12.3199
0.378855	0.0123	12.32
0.3789129	0.0122	12.3201
0.3789939	-0.0015	12.3203
0.3790518	0.0076	12.3204
0.3791328	-0.0045	12.3205
0.3791907	-0.0164	12.3206
0.3792717	-0.0142	12.3207
0.3793296	-0.0194	12.3208
0.3794106	-0.0183	12.3209
0.37948	-0.0199	12.321
0.3795495	-0.0085	12.3212
0.3796189	-0.0096	12.3213
0.3796884	-0.0013	12.3214
0.3797463	-0.0115	12.3214
0.3798273	-0.0101	12.3215
0.3798851	-0.0014	12.3216
0.3799662	0.0057	12.3217
0.3800356	0.0087	12.3218
0.380105	-0.002	12.3219
0.3801745	0.0024	12.322
0.3802439	-0.0022	12.3221
0.3803134	0.0007	12.3221
0.3803828	-0.0027	12.3222
0.3804523	0.0013	12.3223
0.3805217	0.0003	12.3224
0.3805912	-0.005	12.3224
0.3806606	-0.0005	12.3225
0.38073	0.0026	12.3225
0.3807995	0.0021	12.3226
0.3808689	0.0013	12.3226
0.3809384	-0.0066	12.3227
0.3810078	-0.0007	12.3227
0.3810773	0.0003	12.3227
0.3811467	-0.0017	12.3228
0.3812162	0.0047	12.3228
0.3812856	0.0072	12.3228
0.381355	0.0049	12.3228
0.3814245	0.0046	12.3228
0.3814939	0.005	12.3229
0.3815634	0.0062	12.3229
0.3816328	-0.0002	12.3228
0.3817023	0.0045	12.3228
0.3817717	-0.0064	12.3228
0.3818412	0.0021	12.3228
0.3819106	0.0077	12.3228
0.38198	0.0087	12.3227
0.3820495	-0.0001	12.3227
0.3821189	0.002	12.3226
0.3821884	-0.0047	12.3226
0.3822578	-0.0023	12.3225
0.3823273	0.0079	12.3225
0.3823967	0.0077	12.3224
0.3824662	0.0221	12.3223
0.3825356	0.012	12.3222
0.382605	0.0084	12.3221
0.3826745	0.0134	12.322
0.3827439	0.0159	12.3219
0.3828134	0.0046	12.3218
0.3828828	0.0003	12.3217
0.3829523	0.0094	12.3215
0.3830217	0.0142	12.3214
0.3830912	0.0042	12.3212
0.3831606	-0.0045	12.3211
0.38323	-0.0063	12.3209
0.3832995	0.0059	12.3207
0.3833689	0.001	12.3205
0.3834384	0.0159	12.3203
0.3835773	0.0113	12.3199
0.3836467	0.004	12.3197
0.3837162	0.0028	12.3195
0.3837856	0.0087	12.3192
0.383855	0.0044	12.319
0.3839245	0.0098	12.3187
0.3839939	0.0091	12.3185
0.3840634	0.0065	12.3182
0.3841328	0.0146	12.3179
0.3842023	-0.0068	12.3176
0.3842717	0.0045	12.3173
0.3843412	0.0003	12.317
0.3844106	-0.0008	12.3167
0.38448	0.005	12.3163
0.3845495	0.0021	12.316
0.3846189	0.0045	12.3156
0.3846884	0.0036	12.3153
0.3847578	0.0127	12.3149
0.3848273	0.0027	12.3145
0.3848967	0.0115	12.3141
0.3849662	0.0141	12.3137
0.3850356	0.0047	12.3132
0.385105	-0.0019	12.3128
0.3851745	0.0158	12.3123
0.3852439	0.0111	12.3119
0.3853134	0.0057	12.3114
0.3853828	0.0043	12.3109
0.3854523	-0.003	12.3104
0.3855217	0.0083	12.3099
0.3855912	0.0039	12.3094
0.3856606	-0.0054	12.3089
0.38573	-0.0009	12.3084
0.3857995	0.0094	12.3078
0.3858689	0.0099	12.3073
0.3859384	0.0057	12.3067
0.3860078	0.0012	12.3062
0.3860773	0.022	12.3056
0.3861467	0.0184	12.305
0.3862162	0.0114	12.3045
0.3862856	0.013	12.3039
0.386355	0.0126	12.3033
0.3864245	0.0222	12.3027
0.3864939	0.0129	12.3021
0.3865634	0.0182	12.3015
0.3866328	0.031	12.3008
0.3867023	0.0294	12.3002
0.3867717	0.0097	12.2996
0.3869106	0.0135	12.2983
0.38698	0.0063	12.2977
0.3870495	0.0123	12.297
0.3871189	0.007	12.2964
0.3871884	0.0136	12.2958
0.3872578	0.0085	12.2951
0.3873273	0.0085	12.2945
0.3873967	0.0078	12.2938
0.3874662	0.0159	12.2932
0.3875356	0.0139	12.2925
0.387605	0.0077	12.2918
0.3876745	-0.0004	12.2912
0.3877439	0.0072	12.2905
0.3878134	0.008	12.2899
0.3878828	-0.0009	12.2892
0.3879523	0.0093	12.2886
0.3880217	0.0089	12.2879
0.3880912	0.0098	12.2872
0.38823	0.0073	12.2859
0.3882995	0.0082	12.2853
0.3883689	0.0065	12.2846
0.3884384	0.0022	12.284
0.3885078	0.0056	12.2834
0.3885773	0.0077	12.2827
0.3886467	0.0167	12.2821
0.3887162	0.0048	12.2814
0.3887856	0.017	12.2808
0.388855	0.0139	12.2802
0.3889939	0.0042	12.279
0.3890634	0.0082	12.2784
0.3891328	0.0143	12.2778
0.3892023	0.0184	12.2772
0.3892717	0.003	12.2766
0.3893412	0.0032	12.276
0.3894106	0.0176	12.2754
0.38948	0.0161	12.2748
0.3895495	-0.0013	12.2743
0.3896189	0.0049	12.2737
0.3898273	0.0117	12.2721
0.3898967	0.004	12.2716
0.3899662	0.0112	12.271
0.3900356	0.0175	12.2705
0.390105	-0.0018	12.27
0.3901745	0.0117	12.2696
0.3902439	0.0093	12.2691
0.3903134	0.019	12.2686
0.3903828	-0.0007	12.2682
0.3904523	0.0015	12.2677
0.3905217	0.0088	12.2673
0.3905912	0.0021	12.2669
0.3906606	-0.0094	12.2665
0.39073	-0.008	12.2661
0.3907995	-0.0092	12.2657
0.3908689	-0.0122	12.2653
0.3909384	-0.0119	12.265
0.3910078	-0.0216	12.2646
0.3910773	-0.0101	12.2643
0.3911467	-0.0152	12.264
0.3912162	-0.0029	12.2637
0.391355	-0.0248	12.2631
0.3914245	-0.0095	12.2628
0.3914939	-0.0106	12.2626
0.3915634	-0.0176	12.2623
0.3916328	-0.0108	12.2621
0.3917023	-0.0098	12.2619
0.3917717	-0.0033	12.2617
0.3918412	-0.0203	12.2615
0.3919106	-0.0124	12.2613
0.39198	-0.0116	12.2611
0.3920495	-0.0103	12.2609
0.3922578	-0.0152	12.2605
0.3923967	-0.0243	12.2602
0.3924662	-0.0309	12.2601
0.3925356	-0.0311	12.26
0.392605	-0.0294	12.2599
0.3926745	-0.036	12.2598
0.3927439	-0.0289	12.2597
0.3928134	-0.014	12.2596
0.3928828	-0.0241	12.2596
0.3929523	-0.0114	12.2595
0.3930217	-0.0105	12.2594
0.3930912	-0.0106	12.2594
0.3931606	-0.0205	12.2593
0.39323	-0.0154	12.2593
0.3932995	-0.0069	12.2593
0.3933689	-0.0158	12.2592
0.3935078	-0.0276	12.2592
0.3935773	-0.0218	12.2591
0.3936467	-0.0262	12.2591
0.3937162	-0.0284	12.2591
0.3937856	-0.0337	12.2591
0.393855	-0.0094	12.2591
0.3939245	-0.0099	12.2591
0.3939939	-0.018	12.2591
0.3940634	-0.0241	12.259
0.3942023	-0.0092	12.259
0.3942717	-0.0179	12.259
0.3943412	-0.0318	12.259
0.3944106	-0.0172	12.259
0.3945495	-0.0205	12.259
0.3946189	-0.0189	12.259
0.3946884	-0.0265	12.259
0.3947578	-0.016	12.259
0.3948273	-0.0085	12.259
0.3948967	-0.0074	12.259
0.3949662	-0.008	12.259
0.3950356	-0.0035	12.2589
0.395105	-0.005	12.2589
0.3951745	-0.0072	12.2589
0.3952439	0.0147	12.2589
0.3953134	0.0135	12.2589
0.3953828	0.0169	12.2588
0.3954523	-0.0046	12.2588
0.3955217	0.0002	12.2587
0.3955912	0.0015	12.2587
0.3956606	0.0037	12.2587
0.39573	-0.0014	12.2586
0.3957995	0.0005	12.2585
0.3958689	-0.0019	12.2585
0.3959384	-0.0005	12.2584
0.3960078	-0.0016	12.2583
0.3960773	0.0045	12.2582
0.3961467	0.0085	12.2581
0.3962162	0.0129	12.258
0.3962856	0.0088	12.2579
0.396355	0.0166	12.2578
0.3964245	0.0014	12.2577
0.3964939	0.013	12.2576
0.3965634	0.0138	12.2574
0.3966328	0.01	12.2573
0.3967023	0.0072	12.2571
0.3967717	0.0154	12.257
0.3968412	0.0069	12.2568
0.39698	0.0057	12.2564
0.3971189	0.0012	12.256
0.3971884	0.0186	12.2557
0.3972578	0.0008	12.2555
0.3973273	0.0027	12.2552
0.3973967	-0.0002	12.255
0.3974662	0.0028	12.2547
0.3975356	0.0123	12.2544
0.397605	0.0028	12.2541
0.3976745	0.0028	12.2538
0.3977439	-0.0049	12.2535
0.3978134	0.014	12.2531
0.3978828	-0.0012	12.2528
0.3979523	0.0119	12.2525
0.3980217	-0.0074	12.2521
0.3981606	0.0033	12.2513
0.39823	0.0015	12.251
0.3982995	-0.0004	12.2506
0.3983689	-0.0022	12.2502
0.3984384	0.0018	12.2497
0.3985078	-0.0033	12.2493
0.3985773	-0.0034	12.2489
0.3986467	0.0026	12.2484
0.3987162	0.003	12.248
0.398855	0.0113	12.247
0.3989245	0.0112	12.2466
0.3989939	0.0238	12.2461
0.3990634	0.0004	12.2456
0.3991328	0.0097	12.2451
0.3992023	0.0093	12.2446
0.3992717	0.0136	12.2441
0.3993412	0.0039	12.2435
0.3994106	0.0148	12.243
0.39948	0.0103	12.2425
0.3995495	0.0072	12.2419
0.3996189	-0.0012	12.2414
0.3996884	0.0036	12.2408
0.3997578	0.0072	12.2403
0.3998273	0.0156	12.2397
0.3998967	0.0261	12.2391
0.3999662	0.02	12.2385
0.4000356	0.022	12.2379
0.400105	0.0342	12.2373
0.4001745	0.0234	12.2367
0.4002439	0.0207	12.2361
0.4003134	0.0199	12.2355
0.4003828	0.0267	12.2349
0.4004523	0.0085	12.2343
0.4005217	0.0218	12.2337
0.4005912	0.0144	12.233
0.4006606	0.0105	12.2324
0.40073	0.0086	12.2318
0.4007995	0.0078	12.2311
0.4008689	0.0157	12.2305
0.4009384	0.0125	12.2298
0.4010078	0.0008	12.2292
0.4010773	0.003	12.2285
0.4011467	0.0081	12.2278
0.4012162	0.0027	12.2272
0.4012856	0.0078	12.2265
0.401355	0.0135	12.2258
0.4014245	0.0107	12.2251
0.4014939	0.01	12.2245
0.4015634	0.0102	12.2238
0.4016328	0.0019	12.2231
0.4017023	0.0149	12.2224
0.4017717	0.0156	12.2217
0.4018412	0.0066	12.221
0.40198	-0.0029	12.2196
0.4020495	-0.0168	12.2189
0.4021189	-0.009	12.2182
0.4021884	-0.0139	12.2175
0.4022578	-0.0151	12.2168
0.4023273	-0.0182	12.2161
0.4023967	-0.0194	12.2154
0.4024662	-0.0363	12.2147
0.4025356	-0.0273	12.214
0.402605	-0.0181	12.2133
0.4026745	-0.0167	12.2126
0.4027439	-0.0158	12.2119
0.4028828	-0.0108	12.2105
0.4029523	-0.0171	12.2098
0.4030217	-0.0163	12.2091
0.4030912	-0.0099	12.2083
0.40323	-0.0036	12.2069
0.4032995	-0.0078	12.2062
0.4033689	-0.0132	12.2055
0.4034384	-0.0034	12.2048
0.4035078	-0.0067	12.2041
0.4035773	-0.0051	12.2034
0.4036467	0.0013	12.2027
0.4037162	0.0036	12.202
0.4037856	0.0003	12.2013
0.403855	-0.002	12.2006
0.4039245	0.0047	12.1999
0.4039939	0.0046	12.1992
0.4040634	0.0146	12.1985
0.4041328	-0.0004	12.1978
0.4042023	-0.0052	12.1971
0.4042717	-0.0006	12.1965
0.4043412	0.0028	12.1958
0.4044106	-0.0019	12.1951
0.40448	-0.0076	12.1944
0.4045495	0.0144	12.1937
0.4046884	0.0145	12.1924
0.4047578	0.0002	12.1917
0.4048273	-0.0045	12.1911
0.4048967	0.0136	12.1904
0.4049662	-0.0035	12.1897
0.4050356	-0.004	12.1891
0.405105	0.0014	12.1884
0.4051745	-0.0084	12.1878
0.4052439	-0.0116	12.1871
0.4053134	-0.0094	12.1865
0.4053828	0.0036	12.1859
0.4054523	0.002	12.1852
0.4055217	-0.0024	12.1846
0.4055912	0.0003	12.184
0.4056606	-0.0011	12.1834
0.40573	0.0038	12.1828
0.4057995	0.0022	12.1821
0.4058689	-0.0054	12.1815
0.4059384	0.0006	12.1809
0.4060078	-0.0092	12.1803
0.4060773	-0.013	12.1798
0.4061467	-0.0109	12.1792
0.4062162	-0.0149	12.1786
0.4062856	-0.0184	12.178
0.406355	-0.025	12.1774
0.4064245	-0.0144	12.1769
0.4064939	-0.0266	12.1763
0.4065634	-0.0178	12.1758
0.4066328	-0.0114	12.1752
0.4067023	-0.0121	12.1747
0.4067717	-0.0148	12.1741
0.4068412	-0.0158	12.1736
0.4069106	-0.0079	12.1731
0.40698	-0.0014	12.1726
0.4070495	-0.008	12.1721
0.4071189	-0.0079	12.1716
0.4071884	-0.0013	12.1711
0.4072578	-0.0195	12.1706
0.4073273	0.0022	12.1701
0.4073967	-0.0043	12.1696
0.4074662	-0.0094	12.1692
0.4075356	-0.0169	12.1687
0.407605	-0.0026	12.1682
0.4076745	0.0002	12.1678
0.4077439	-0.0169	12.1674
0.4078134	-0.0188	12.1669
0.4078828	-0.0115	12.1665
0.4079523	-0.012	12.1661
0.4080217	-0.0222	12.1657
0.4080912	-0.0096	12.1653
0.4081606	-0.0152	12.1649
0.40823	-0.0069	12.1645
0.4082995	-0.0107	12.1642
0.4083689	-0.0088	12.1638
0.4084384	0.0063	12.1634
0.4085078	0.0027	12.1631
0.4085773	-0.0264	12.1627
0.4086467	0.0018	12.1624
0.4087162	-0.0086	12.1621
0.4087856	0.0001	12.1618
0.408855	-0.0076	12.1615
0.4089245	-0.0066	12.1612
0.4089939	-0.0049	12.1609
0.4090634	-0.0042	12.1606
0.4091328	-0.004	12.1604
0.4092023	0.0002	12.1601
0.4092717	0.0069	12.1599
0.4093412	0.0118	12.1596
0.4094106	-0.0032	12.1594
0.40948	0.0025	12.1592
0.4095495	0.0038	12.159
0.4096189	0.001	12.1588
0.4096884	0.0051	12.1586
0.4097578	-0.0042	12.1584
0.4098273	0.0024	12.1582
0.4098967	0.0106	12.158
0.4099662	0.0019	12.1578
0.4100356	0.0035	12.1577
0.410105	0.0134	12.1575
0.4101745	0.0156	12.1574
0.4102439	0.0177	12.1572
0.4103134	0.0122	12.1571
0.4103828	0.0066	12.1569
0.4104523	0.0189	12.1568
0.4105217	0.0034	12.1567
0.4105912	0.0099	12.1566
0.4106606	0.0078	12.1564
0.41073	0.0132	12.1563
0.4107995	0.0062	12.1562
0.4108689	0.003	12.1561
0.4109384	0.0048	12.156
0.4110078	0.009	12.1559
0.4110773	0.0191	12.1558
0.4111467	0.0066	12.1557
0.4112162	0.0122	12.1556
0.4112856	0.015	12.1556
0.411355	0.0032	12.1555
0.4114245	0.0026	12.1554
0.4114939	0.007	12.1553
0.4115634	0.0106	12.1553
0.4116328	0.0011	12.1552
0.4117023	-0.0045	12.1551
0.4117717	-0.0048	12.155
0.4118412	0.0023	12.155
0.4119106	0.0048	12.1549
0.41198	0.0042	12.1548
0.4120495	-0.0024	12.1548
0.4121189	0.0026	12.1547
0.4121884	0.002	12.1546
0.4122578	0.0015	12.1546
0.4123273	-0.0116	12.1545
0.4123967	0.0104	12.1544
0.4124662	0.0031	12.1544
0.4125356	-0.0063	12.1543
0.412605	-0.006	12.1542
0.4126745	-0.0007	12.1542
0.4127439	0.003	12.1541
0.4128134	-0.0053	12.154
0.4128828	-0.0033	12.1539
0.4129523	-0.006	12.1539
0.4130217	-0.0011	12.1538
0.4130912	-0.001	12.1537
0.4131606	-0.0049	12.1536
0.41323	-0.0112	12.1535
0.4132995	-0.0023	12.1534
0.4133689	-0.0045	12.1534
0.4134384	-0.0015	12.1533
0.4135078	0.0032	12.1532
0.4135773	0.01	12.1531
0.4136467	-0.0036	12.1529
0.4137162	0.0031	12.1528
0.4137856	-0.0011	12.1527
0.413855	0.0062	12.1526
0.4139245	-0.013	12.1525
0.4139939	0.0006	12.1523
0.4140634	-0.0077	12.1522
0.4141328	-0.0055	12.1521
0.4142023	0.0066	12.1519
0.4142717	-0.0011	12.1518
0.4143412	0.0073	12.1516
0.4144106	0.0143	12.1514
0.41448	0.0086	12.1513
0.4145495	0.0068	12.1511
0.4146189	0.0063	12.1509
0.4146884	0.0081	12.1507
0.4147578	0.0053	12.1505
0.4148273	0.008	12.1503
0.4148967	0.0015	12.1501
0.4149662	0.0007	12.1499
0.4150356	-0.009	12.1497
0.415105	-0.0098	12.1494
0.4151745	-0.0094	12.1492
0.4152439	-0.0011	12.149
0.4153134	-0.0021	12.1487
0.4153828	-0.0041	12.1485
0.4154523	-0.0142	12.1482
0.4155217	-0.0024	12.148
0.4155912	0.0007	12.1477
0.4156606	-0.0071	12.1474
0.41573	-0.0006	12.1471
0.4157995	0.0076	12.1469
0.4158689	-0.0083	12.1466
0.4159384	0.0019	12.1463
0.4160078	0.0028	12.146
0.4160773	0.011	12.1457
0.4161467	0.0094	12.1454
0.4162162	0.0068	12.1451
0.4162856	0.0206	12.1448
0.416355	0.0271	12.1445
0.4164245	0.0079	12.1442
0.4164939	-0.0038	12.1439
0.4165634	-0.0004	12.1435
0.4166328	0.0124	12.1432
0.4167023	0.009	12.1429
0.4167717	0.0016	12.1426
0.4168412	0.0063	12.1422
0.4169106	0.0036	12.1419
0.41698	0.0042	12.1416
0.4170495	0.0033	12.1412
0.4171189	0.0178	12.1409
0.4171884	0.0209	12.1405
0.4172578	0.013	12.1402
0.4173273	0.0186	12.1398
0.4173967	0.016	12.1395
0.4174662	0.0215	12.1391
0.4175356	0.0167	12.1388
0.417605	0.0109	12.1384
0.4176745	0.0091	12.1381
0.4177439	0.0212	12.1377
0.4178134	0.0085	12.1374
0.4178828	0.0014	12.137
0.4179523	0.0123	12.1366
0.4180217	0.0113	12.1363
0.4180912	0.0238	12.1359
0.4181606	0.019	12.1356
0.41823	0.0256	12.1352
0.4182995	0.0286	12.1348
0.4183689	0.026	12.1345
0.4184384	0.0116	12.1341
0.4185078	0.0254	12.1338
0.4185773	0.0218	12.1334
0.4186467	0.016	12.1331
0.4187162	0.0074	12.1327
0.4187856	0.0094	12.1323
0.418855	0.01	12.132
0.4189245	0.0047	12.1316
0.4189939	0.0045	12.1313
0.4190634	0.0046	12.1309
0.4191328	0.0039	12.1306
0.4192023	0.0089	12.1302
0.4192717	-0.0005	12.1299
0.4193412	-0.0114	12.1295
0.4194106	-0.0066	12.1292
0.41948	-0.011	12.1288
0.4195495	-0.0058	12.1285
0.4196189	-0.0048	12.1281
0.4196884	-0.0046	12.1278
0.4197578	0.0026	12.1275
0.4198273	-0.0098	12.1271
0.4198967	-0.0165	12.1268
0.4199662	-0.0107	12.1265
0.4200356	-0.0121	12.1262
0.420105	-0.0147	12.1258
0.4201745	-0.0167	12.1255
0.4202439	-0.0162	12.1252
0.4203134	-0.0193	12.1249
0.4203828	-0.008	12.1246
0.4204523	-0.0121	12.1243
0.4205217	-0.0137	12.124
0.4205912	-0.0056	12.1237
0.4206606	-0.0136	12.1234
0.42073	-0.0108	12.1231
0.4207995	-0.0005	12.1228
0.4208689	0.0019	12.1226
0.4209384	-0.0114	12.1223
0.4210078	-0.0089	12.122
0.4210773	-0.0138	12.1218
0.4211467	-0.0091	12.1215
0.4212162	-0.0055	12.1212
0.4212856	-0.0051	12.121
0.421355	-0.007	12.1208
0.4214245	-0.015	12.1205
0.4214939	-0.0063	12.1203
0.4215634	-0.006	12.1201
0.4216328	-0.0036	12.1198
0.4217023	-0.0009	12.1196
0.4217717	0.0019	12.1194
0.4218412	-0.0049	12.1192
0.4219106	-0.0097	12.119
0.42198	0.002	12.1188
0.4220495	-0.0106	12.1186
0.4221189	-0.0103	12.1185
0.4221884	-0.0006	12.1183
0.4222578	-0.0029	12.1181
0.4223273	-0.0139	12.118
0.4223967	-0.0121	12.1178
0.4224662	-0.0191	12.1177
0.4225356	-0.0158	12.1176
0.422605	-0.0197	12.1174
0.4226745	-0.0191	12.1173
0.4227439	-0.0139	12.1172
0.4228134	-0.0147	12.1171
0.4228828	-0.014	12.117
0.4229523	-0.0058	12.1169
0.4230217	-0.0092	12.1168
0.4230912	-0.0132	12.1168
0.4231606	-0.0027	12.1167
0.42323	0.0019	12.1166
0.4232995	-0.0039	12.1166
0.4233689	-0.0068	12.1166
0.4234384	-0.009	12.1165
0.4235078	-0.0001	12.1165
0.4235773	-0.0036	12.1165
0.4236467	-0.0007	12.1165
0.4237162	-0.006	12.1165
0.4237856	-0.0037	12.1165
0.423855	-0.0047	12.1166
0.4239245	-0.0015	12.1166
0.4239939	-0.0024	12.1167
0.4240634	-0.0003	12.1167
0.4241328	0.0062	12.1168
0.4242023	0.0027	12.1169
0.4242717	0.0052	12.117
0.4243412	0.0049	12.1171
0.4244106	0.0058	12.1172
0.42448	0.0061	12.1173
0.4245495	0.0072	12.1174
0.4246189	0.0121	12.1176
0.4246884	0.0105	12.1177
0.4247578	-0.0012	12.1179
0.4248273	0.0064	12.1181
0.4248967	-0.0004	12.1183
0.4249662	0.0156	12.1185
0.4250356	0.0126	12.1187
0.425105	0.0065	12.1189
0.4251745	0.0148	12.1192
0.4252439	-0.0014	12.1194
0.4253134	0.0072	12.1197
0.4253828	0.0107	12.12
0.4254523	0.0001	12.1202
0.4255217	0.002	12.1205
0.4255912	0.0085	12.1209
0.4256606	0.0053	12.1212
0.42573	-0.0006	12.1215
0.4257995	0.0045	12.1219
0.4258689	-0.0056	12.1222
0.4259384	0.0022	12.1226
0.4260078	-0.0124	12.123
0.4260773	-0.0093	12.1234
0.4261467	-0.0111	12.1238
0.4262162	-0.0068	12.1243
0.4262856	-0.0138	12.1247
0.426355	-0.009	12.1252
0.4264245	-0.009	12.1256
0.4264939	-0.0113	12.1261
0.4265634	-0.0097	12.1266
0.4266328	-0.0101	12.1271
0.4267023	0.0001	12.1276
0.4267717	-0.0127	12.1281
0.4268412	-0.017	12.1286
0.4269106	-0.0097	12.1292
0.42698	-0.0086	12.1297
0.4270495	-0.0098	12.1303
0.4271189	-0.0101	12.1308
0.4271884	-0.0197	12.1314
0.4272578	-0.0162	12.132
0.4273273	-0.0196	12.1326
0.4273967	-0.0104	12.1332
0.4274662	-0.0205	12.1338
0.4275356	-0.0181	12.1344
0.427605	-0.005	12.1351
0.4276745	0.0004	12.1357
0.4277439	-0.0059	12.1364
0.4278134	0.0037	12.137
0.4278828	-0.007	12.1377
0.4279523	0.0007	12.1383
0.4280217	-0.0036	12.139
0.4280912	0.0085	12.1397
0.4281606	-0.0001	12.1404
0.42823	0.0057	12.1411
0.4282995	0.0042	12.1418
0.4283689	-0.0099	12.1425
0.4284384	-0.0088	12.1432
0.4285078	-0.0113	12.1439
0.4285773	-0.0008	12.1446
0.4286467	-0.0051	12.1453
0.4287162	-0.0027	12.1461
0.4287856	-0.0004	12.1468
0.428855	0.0138	12.1475
0.4289245	0.0053	12.1483
0.4289939	0.009	12.149
0.4290634	0.0154	12.1498
0.4291328	0.0035	12.1505
0.4292023	0.0113	12.1513
0.4292717	0.0063	12.1521
0.4293412	0.0038	12.1528
0.4294106	0.0108	12.1536
0.42948	0.0046	12.1544
0.4295495	0.0053	12.1551
0.4296189	-0.0015	12.1559
0.4296884	0.0056	12.1567
0.4297578	0.0052	12.1575
0.4298273	0.006	12.1582
0.4298967	-0.0007	12.159
0.4299662	-0.0001	12.1598
0.4300356	-0.0022	12.1606
0.430105	0.0064	12.1614
0.4301745	-0.0076	12.1622
0.4302439	-0.0057	12.1629
0.4303134	-0.007	12.1637
0.4303828	-0.0159	12.1645
0.4304523	-0.0153	12.1653
0.4305217	-0.0125	12.1661
0.4305912	-0.0132	12.1669
0.4306606	-0.01	12.1676
0.43073	-0.0147	12.1684
0.4307995	-0.0215	12.1692
0.4308689	-0.0062	12.17
0.4309384	-0.008	12.1708
0.4310078	-0.0094	12.1715
0.4310773	-0.0035	12.1723
0.4311467	-0.0045	12.1731
0.4312162	-0.0055	12.1738
0.4312856	-0.0036	12.1746
0.431355	-0.0016	12.1754
0.4314245	-0.0029	12.1761
0.4314939	-0.0031	12.1769
0.4315634	-0.0018	12.1776
0.4316328	-0.0037	12.1784
0.4317023	0.0015	12.1791
0.4317717	0.0109	12.1799
0.4318412	0.0018	12.1806
0.4319106	0.0097	12.1814
0.43198	0.021	12.1821
0.4320495	0.0232	12.1828
0.4321189	0.0165	12.1835
0.4321884	0.016	12.1843
0.4322578	0.0137	12.185
0.4323273	0.0087	12.1857
0.4323967	-0.0016	12.1864
0.4324662	0.0041	12.1871
0.4325356	-0.0018	12.1878
0.432605	-0.0078	12.1885
0.4326745	-0.0022	12.1891
0.4327439	-0.0018	12.1898
0.4328134	-0.0013	12.1905
0.4328828	-0.0062	12.1912
0.4329523	-0.0074	12.1918
0.4330217	0.0037	12.1925
0.4330912	0.0036	12.1931
0.4331606	0.0014	12.1938
0.43323	0.0072	12.1944
0.4332995	-0.0007	12.195
0.4333689	0.0046	12.1957
0.4334384	0.0058	12.1963
0.4335078	0.0024	12.1969
0.4335773	0.0093	12.1975
0.4336467	0.0131	12.1981
0.4337162	0.0052	12.1987
0.4337856	-0.01	12.1993
0.433855	-0.0088	12.1999
0.4339245	0.001	12.2004
0.4339939	-0.0028	12.201
0.4340634	-0.0039	12.2016
0.4341328	0.0053	12.2021
0.4342023	0.0147	12.2026
0.4342717	0.0043	12.2032
0.4343412	-0.0014	12.2037
0.4344106	0.0006	12.2042
0.43448	0.009	12.2047
0.4345495	0.0058	12.2052
0.4346189	0.005	12.2057
0.4346884	0.0124	12.2062
0.4347578	0.0099	12.2067
0.4348273	0.0118	12.2072
0.4348967	0.0064	12.2076
0.4349662	0.0042	12.2081
0.4350356	0.0079	12.2085
0.435105	-0.0043	12.2089
0.4351745	0.0046	12.2094
0.4352439	0.0033	12.2098
0.4353134	0.0098	12.2102
0.4353828	0.0126	12.2106
0.4354523	0.0039	12.2109
0.4355217	0.0011	12.2113
0.4355912	0.0057	12.2117
0.4356606	0.0148	12.212
0.43573	0.0137	12.2124
0.4357995	0.014	12.2127
0.4358689	0.0109	12.213
0.4359384	0.0088	12.2134
0.4360078	0.0056	12.2137
0.4360773	0.0111	12.2139
0.4361467	0.0074	12.2142
0.4362162	0.0051	12.2145
0.4362856	0.0132	12.2148
0.436355	-0.0064	12.215
0.4364245	-0.0036	12.2152
0.4364939	-0.006	12.2155
0.4365634	-0.0095	12.2157
0.4366328	-0.0054	12.2159
0.4367023	0.0087	12.2161
0.4367717	0.0083	12.2162
0.4368412	-0.0058	12.2164
0.4369106	0.0061	12.2166
0.43698	0.0162	12.2167
0.4370495	0.0125	12.2168
0.4371189	0.0049	12.2169
0.4371884	0.005	12.2171
0.4372578	0.009	12.2171
0.4373273	0.0076	12.2172
0.4373967	-0.0029	12.2173
0.4374662	-0.0077	12.2174
0.4375356	-0.0094	12.2174
0.437605	-0.0032	12.2174
0.4376745	-0.0118	12.2175
0.4377439	-0.0065	12.2175
0.4378134	0.0008	12.2175
0.4378828	-0.0018	12.2175
0.4379523	0.006	12.2175
0.4380217	0.0008	12.2175
0.4380912	0.0035	12.2174
0.4381606	0.0049	12.2174
0.43823	0.0029	12.2173
0.4382995	0.0077	12.2173
0.4383689	0.0058	12.2172
0.4384384	0.0028	12.2172
0.4385078	-0.0081	12.2171
0.4385773	-0.0033	12.217
0.4386467	-0.0077	12.2169
0.4387162	-0.0021	12.2168
0.4387856	-0.0028	12.2167
0.438855	-0.003	12.2166
0.4389245	-0.0093	12.2165
0.4389939	0.0044	12.2164
0.4390634	-0.0025	12.2162
0.4391328	-0.0038	12.2161
0.4392023	0.0015	12.2159
0.4392717	-0.0007	12.2158
0.4393412	-0.0087	12.2157
0.4394106	-0.0009	12.2155
0.43948	0.0058	12.2153
0.4395495	-0.0009	12.2152
0.4396189	-0.0057	12.215
0.4396884	-0.0043	12.2149
0.4397578	-0.0044	12.2147
0.4398273	-0.0027	12.2145
0.4398967	-0.002	12.2143
0.4399662	-0.0112	12.2142
0.4400356	-0.0071	12.214
0.440105	-0.0079	12.2138
0.4401745	-0.0143	12.2136
0.4402439	-0.0172	12.2134
0.4403134	-0.0116	12.2132
0.4403828	-0.0108	12.2131
0.4404523	-0.0101	12.2129
0.4405217	-0.0213	12.2127
0.4405912	-0.0154	12.2125
0.4406606	-0.0156	12.2123
0.44073	-0.009	12.2121
0.4407995	-0.0165	12.2119
0.4408689	-0.0153	12.2117
0.4409384	0.0008	12.2115
0.4410078	-0.0012	12.2114
0.4410773	-0.0078	12.2112
0.4411467	0.0094	12.211
0.4412162	0.0006	12.2108
0.4412856	0.008	12.2106
0.441355	-0.0019	12.2105
0.4414245	0.002	12.2103
0.4414939	0.0062	12.2101
0.4415634	-0.0006	12.21
0.4416328	-0.0064	12.2098
0.4417023	-0.0091	12.2096
0.4417717	-0.0068	12.2095
0.4418412	-0.0049	12.2093
0.4419106	-0.0184	12.2092
0.44198	-0.0161	12.209
0.4420495	-0.0075	12.2089
0.4421189	-0.0035	12.2088
0.4421884	-0.0004	12.2086
0.4422578	-0.0013	12.2085
0.4423273	-0.0018	12.2084
0.4423967	-0.0039	12.2083
0.4424662	-0.0017	12.2082
0.4425356	-0.0062	12.2081
0.442605	-0.0099	12.208
0.4426745	-0.0087	12.2079
0.4427439	0.0064	12.2078
0.4428134	-0.0015	12.2078
0.4428828	-0.0021	12.2077
0.4429523	0.0006	12.2076
0.4430217	0.0074	12.2076
0.4430912	-0.0065	12.2076
0.4431606	-0.0	12.2075
0.44323	0.0075	12.2075
0.4432995	0.004	12.2075
0.4433689	0.0048	12.2075
0.4434384	0.0047	12.2075
0.4435078	0.0069	12.2074
0.4435773	0.0041	12.2075
0.4436467	0.0021	12.2075
0.4437162	0.003	12.2075
0.4437856	0.0004	12.2075
0.443855	0.0017	12.2076
0.4439245	-0.0046	12.2076
0.4439939	0.0008	12.2076
0.4440634	0.009	12.2077
0.4441328	0.0128	12.2078
0.4442023	0.014	12.2078
0.4442717	0.0128	12.2079
0.4443412	0.02	12.208
0.4444106	0.0164	12.2081
0.44448	0.0173	12.2082
0.4445495	0.0169	12.2083
0.4446189	0.0175	12.2084
0.4446884	0.0091	12.2085
0.4447578	0.0033	12.2086
0.4448273	0.0079	12.2087
0.4448967	0.0069	12.2088
0.4449662	0.01	12.209
0.4450356	0.0102	12.2091
0.445105	0.0021	12.2093
0.4451745	0.0115	12.2094
0.4452439	-0.0061	12.2096
0.4453134	0.0001	12.2098
0.4453828	0.0072	12.2099
0.4454523	0.0148	12.2101
0.4455217	0.0007	12.2103
0.4455912	0.0003	12.2105
0.4456606	0.0083	12.2107
0.44573	-0.0	12.2109
0.4457995	-0.0058	12.2111
0.4458689	-0.0057	12.2113
0.4459384	-0.0059	12.2116
0.4460078	-0.0094	12.2118
0.4460773	-0.0125	12.212
0.4461467	-0.0187	12.2123
0.4462162	-0.0076	12.2125
0.4462856	-0.0078	12.2128
0.446355	-0.0183	12.213
0.4464245	-0.0089	12.2133
0.4464939	-0.0075	12.2136
0.4465634	-0.0105	12.2139
0.4466328	-0.0095	12.2141
0.4467023	-0.0071	12.2144
0.4467717	-0.0113	12.2147
0.4468412	0.0064	12.215
0.4469106	-0.016	12.2153
0.44698	-0.0178	12.2156
0.4470495	-0.0144	12.216
0.4471189	-0.0068	12.2163
0.4471884	-0.0084	12.2166
0.4472578	-0.0055	12.2169
0.4473273	-0.0093	12.2173
0.4473967	-0.0002	12.2176
0.4474662	-0.0112	12.218
0.4475356	-0.0145	12.2183
0.447605	-0.0029	12.2187
0.4476745	0.0016	12.2191
0.4477439	0.0011	12.2194
0.4478134	-0.0102	12.2198
0.4478828	-0.0017	12.2202
0.4479523	-0.0016	12.2206
0.4480217	0.0027	12.221
0.4480912	0.0025	12.2214
0.4481606	0.0165	12.2218
0.44823	0.0111	12.2222
0.4482995	-0.004	12.2226
0.4483689	0.0013	12.223
0.4484384	0.0018	12.2234
0.4485078	-0.0018	12.2239
0.4485773	-0.0077	12.2243
0.4486467	-0.004	12.2248
0.4487162	-0.0105	12.2252
0.4487856	-0.0091	12.2256
0.448855	-0.0138	12.2261
0.4489245	-0.0074	12.2266
0.4489939	-0.0035	12.227
0.4490634	-0.0017	12.2275
0.4491328	0.0092	12.228
0.4492023	0.006	12.2285
0.4492717	0.0102	12.2289
0.4493412	0.0153	12.2294
0.4494106	0.0088	12.2299
0.44948	0.0133	12.2304
0.4495495	0.0083	12.2309
0.4496189	0.0104	12.2314
0.4496884	0.0085	12.232
0.4497578	0.0009	12.2325
0.4498273	0.0003	12.233
0.4498967	-0.0017	12.2335
0.4499662	-0.0039	12.2341
0.4500356	-0.014	12.2346
0.450105	-0.0017	12.2351
0.4501745	0.0003	12.2357
0.4502439	-0.0005	12.2362
0.4503134	-0.0132	12.2368
0.4503828	-0.001	12.2373
0.4504523	0.0001	12.2379
0.4505217	-0.0078	12.2385
0.4505912	-0.005	12.2391
0.4506606	0.0069	12.2396
0.45073	0.007	12.2402
0.4507995	-0.0048	12.2408
0.4508689	0.0019	12.2414
0.4509384	-0.0013	12.242
0.4510078	-0.0018	12.2426
0.4510773	0.0112	12.2432
0.4511467	-0.0005	12.2438
0.4512162	0.002	12.2444
0.4512856	0.0029	12.245
0.451355	-0.0005	12.2456
0.4514245	-0.0022	12.2463
0.4514939	0.0107	12.2469
0.4515634	0.0044	12.2475
0.4516328	0.0038	12.2482
0.4517023	0.0005	12.2488
0.4517717	0.0004	12.2495
0.4518412	0.0088	12.2501
0.4519106	0.0001	12.2508
0.45198	-0.0023	12.2514
0.4520495	-0.0038	12.2521
0.4521189	0.0084	12.2527
0.4521884	0.0023	12.2534
0.4522578	-0.0069	12.2541
0.4523273	0.0044	12.2548
0.4523967	0.0135	12.2554
0.4524662	0.006	12.2561
0.4525356	0.0059	12.2568
0.452605	0.0089	12.2575
0.4526745	0.0136	12.2582
0.4528134	0.0007	12.2596
0.4528828	0.0062	12.2603
0.4529523	0.0128	12.261
0.4530217	0.0064	12.2617
0.4530912	0.0097	12.2624
0.4531606	0.011	12.2632
0.45323	0.0108	12.2639
0.4532995	0.0046	12.2646
0.4533689	0.0082	12.2654
0.4534384	0.0096	12.2661
0.4535078	0.015	12.2668
0.4535773	0.0078	12.2676
0.4536467	0.005	12.2683
0.4537162	0.0124	12.2691
0.4537856	0.0087	12.2698
0.453855	0.0092	12.2706
0.4539245	0.0039	12.2713
0.4539939	0.004	12.2721
0.4540634	-0.0043	12.2729
0.4541328	-0.0005	12.2736
0.4542023	0.0023	12.2744
0.4542717	-0.0117	12.2752
0.4543412	-0.0055	12.2759
0.4544106	0.0085	12.2767
0.45448	0.0049	12.2775
0.4545495	-0.0078	12.2783
0.4546189	-0.0077	12.279
0.4546884	0.0002	12.2798
0.4547578	-0.0076	12.2806
0.4548273	-0.0038	12.2814
0.4548967	0.0015	12.2821
0.4549662	-0.0151	12.2829
0.4550356	-0.0116	12.2837
0.455105	-0.0115	12.2845
0.4551745	-0.0141	12.2852
0.4552439	-0.0223	12.286
0.4553134	-0.0155	12.2868
0.4553828	-0.025	12.2875
0.4554523	-0.012	12.2883
0.4555217	-0.0113	12.289
0.4555912	-0.0191	12.2898
0.4556606	-0.0006	12.2905
0.45573	0.0053	12.2913
0.4557995	-0.0064	12.292
0.4558689	-0.0092	12.2928
0.4559384	0.0014	12.2935
0.4560078	0.0036	12.2942
0.4560773	0.0015	12.2949
0.4561467	0.0052	12.2956
0.4562162	0.0077	12.2963
0.4562856	-0.0007	12.297
0.456355	0.0045	12.2977
0.4564245	-0.0007	12.2984
0.4564939	-0.0033	12.2991
0.4565634	-0.0029	12.2997
0.4566328	-0.0012	12.3004
0.4567023	-0.0065	12.301
0.4567717	0.0023	12.3017
0.4568412	-0.0011	12.3023
0.4569106	0.003	12.3029
0.45698	0.0115	12.3035
0.4570495	0.0056	12.3041
0.4571189	0.0126	12.3047
0.4571884	0.013	12.3053
0.4572578	0.0165	12.3058
0.4573273	0.0086	12.3064
0.4573967	0.0028	12.3069
0.4574662	0.0051	12.3074
0.4575356	0.0104	12.3079
0.457605	0.0202	12.3084
0.4576745	0.0168	12.3089
0.4577439	0.002	12.3094
0.4578134	0.01	12.3099
0.4578828	0.0027	12.3103
0.4579523	0.0023	12.3107
0.4580217	0.007	12.3112
0.4580912	0.0042	12.3116
0.4581606	-0.0033	12.3119
0.45823	-0.0067	12.3123
0.4582995	0.0075	12.3127
0.4583689	0.0023	12.313
0.4584384	0.0052	12.3133
0.4585078	0.0091	12.3136
0.4585773	0.0162	12.3139
0.4586467	0.0135	12.3142
0.4587162	0.0114	12.3144
0.4587856	0.0133	12.3146
0.458855	0.0144	12.3148
0.4589245	0.0066	12.315
0.4589939	0.0039	12.3152
0.4590634	0.0046	12.3154
0.4591328	0.0045	12.3155
0.4592023	0.0083	12.3156
0.4592717	0.0074	12.3157
0.4593412	0.0033	12.3158
0.4594106	0.0139	12.3158
0.45948	0.0049	12.3158
0.4595495	0.0198	12.3158
0.4596189	0.0175	12.3158
0.4596884	0.0149	12.3158
0.4597578	0.0091	12.3157
0.4598273	0.0096	12.3156
0.4598967	0.0119	12.3155
0.4599662	0.0132	12.3154
0.4600356	-0.0012	12.3153
0.460105	-0.0015	12.3151
0.4601745	0.0024	12.3149
0.4602439	-0.0013	12.3147
0.4603134	-0.0081	12.3145
0.4603828	-0.0072	12.3143
0.4604523	-0.0076	12.314
0.4605217	-0.0086	12.3138
0.4605912	-0.0036	12.3135
0.4606606	-0.0087	12.3132
0.46073	0.0007	12.3129
0.4607995	-0.0092	12.3126
0.4608689	0.0013	12.3123
0.4609384	-0.0013	12.312
0.4610078	-0.0029	12.3116
0.4610773	-0.0046	12.3113
0.4611467	0.0011	12.3109
0.4612162	-0.0059	12.3105
0.4612856	-0.0055	12.3101
0.461355	-0.0002	12.3097
0.4614245	0.0012	12.3094
0.4614939	-0.0089	12.309
0.4615634	-0.0022	12.3085
0.4616328	0.005	12.3081
0.4617023	0.0006	12.3077
0.4617717	0.006	12.3073
0.4618412	0.0064	12.3069
0.4619106	0.0095	12.3064
0.46198	0.0039	12.306
0.4620495	0.0108	12.3056
0.4621189	0.0015	12.3051
0.4621884	0.0062	12.3047
0.4622578	0.0093	12.3043
0.4623273	0.0099	12.3038
0.4623967	0.0096	12.3034
0.4624662	0.0032	12.303
0.4625356	0.0008	12.3025
0.462605	0.0083	12.3021
0.4626745	0.0064	12.3017
0.4627439	0.0089	12.3013
0.4628134	0.0098	12.3009
0.4628828	0.0016	12.3005
0.4629523	0.0022	12.3001
0.4630217	0.0003	12.2997
0.4630912	-0.0019	12.2993
0.4631606	-0.0014	12.2989
0.46323	0.014	12.2986
0.4632995	0.0082	12.2982
0.4633689	-0.0079	12.2979
0.4634384	0.0014	12.2975
0.4635078	0.0112	12.2972
0.4635773	0.0056	12.2969
0.4636467	0.0	12.2966
0.4637162	0.0065	12.2963
0.4637856	-0.0007	12.296
0.463855	0.0045	12.2957
0.4639245	0.004	12.2955
0.4639939	0.006	12.2953
0.4640634	0.0013	12.2951
0.4641328	-0.0047	12.2949
0.4642023	-0.0056	12.2947
0.4642717	0.0007	12.2945
0.4643412	-0.0067	12.2944
0.4644106	0.0036	12.2942
0.46448	0.0002	12.2941
0.4645495	-0.0002	12.294
0.4646189	-0.0144	12.294
0.4646884	0.0011	12.2939
0.4647578	-0.0134	12.2939
0.4648273	0.004	12.2939
0.4648967	0.0011	12.2939
0.4649662	0.0099	12.294
0.4650356	0.0093	12.294
0.465105	0.003	12.2941
0.4651745	0.0087	12.2943
0.4652439	0.0108	12.2944
0.4653134	-0.0065	12.2946
0.4653828	-0.0024	12.2948
0.4654523	0.0049	12.295
0.4655217	0.0019	12.2953
0.4655912	0.0098	12.2955
0.4656606	-0.0082	12.2958
0.46573	0.0006	12.2961
0.4657995	-0.0054	12.2965
0.4658689	0.0031	12.2968
0.4659384	-0.0121	12.2972
0.4660078	-0.003	12.2976
0.4660773	-0.0123	12.298
0.4661467	-0.0088	12.2985
0.4662162	-0.0154	12.2989
0.4662856	-0.0121	12.2994
0.466355	-0.009	12.2999
0.4664245	-0.0059	12.3004
0.4664939	-0.0054	12.3009
0.4665634	-0.0175	12.3014
0.4666328	-0.0129	12.302
0.4667023	-0.0082	12.3025
0.4667717	-0.0306	12.3031
0.4668412	-0.019	12.3036
0.4669106	-0.016	12.3042
0.46698	-0.0201	12.3048
0.4670495	-0.0312	12.3054
0.4671189	-0.0155	12.306
0.4671884	-0.0299	12.3067
0.4672578	-0.0305	12.3073
0.4673273	-0.0197	12.3079
0.4673967	-0.0211	12.3086
0.4674662	-0.0232	12.3092
0.4675356	-0.0273	12.3099
0.467605	-0.0372	12.3105
0.4676745	-0.0215	12.3112
0.4677439	-0.0232	12.3118
0.4678134	-0.0259	12.3125
0.4678828	-0.0394	12.3131
0.4679523	-0.0321	12.3138
0.4680217	-0.03	12.3145
0.4680912	-0.0297	12.3151
0.4681606	-0.0322	12.3158
0.46823	-0.0385	12.3164
0.4682995	-0.028	12.3171
0.4683689	-0.0259	12.3177
0.4684384	-0.0226	12.3183
0.4685078	-0.0211	12.319
0.4685773	-0.0132	12.3196
0.4686467	-0.0124	12.3202
0.4687162	-0.0072	12.3208
0.4687856	0.0003	12.3214
0.468855	-0.0024	12.322
0.4689245	0.0034	12.3226
0.4689939	-0.0149	12.3232
0.4690634	-0.0139	12.3238
0.4691328	-0.0109	12.3243
0.4692023	-0.0014	12.3249
0.4692717	-0.0074	12.3254
0.4693412	-0.0038	12.3259
0.4694106	-0.0082	12.3264
0.46948	-0.0087	12.3269
0.4695495	0.0035	12.3274
0.4696189	0.0053	12.3278
0.4696884	0.0062	12.3282
0.4697578	0.0109	12.3287
0.4698273	0.009	12.3291
0.4698967	0.0142	12.3294
0.4699662	0.024	12.3298
0.4700356	0.0217	12.3301
0.470105	0.0245	12.3305
0.4701745	0.0255	12.3308
0.4702439	0.0343	12.331
0.4703134	0.0229	12.3313
0.4703828	0.025	12.3315
0.4704523	0.0225	12.3317
0.4705217	0.0181	12.3319
0.4705912	0.0183	12.332
0.4706606	0.0145	12.3321
0.47073	0.0208	12.3322
0.4707995	0.023	12.3323
0.4708689	0.0172	12.3323
0.4709384	0.0302	12.3324
0.4710078	0.0254	12.3323
0.4710773	0.0188	12.3323
0.4711467	0.0203	12.3322
0.4712162	0.0188	12.3322
0.4712856	0.0183	12.3321
0.471355	0.0194	12.332
0.4714245	0.0136	12.3319
0.4714939	0.014	12.3318
0.4715634	0.0165	12.3316
0.4716328	0.0077	12.3315
0.4717023	0.0133	12.3314
0.4717717	0.006	12.3313
0.4718412	0.012	12.3312
0.4719106	0.0126	12.3311
0.47198	0.008	12.331
0.4720495	0.0027	12.331
0.4721189	0.0064	12.3309
0.4721884	0.0001	12.3309
0.4722578	0.005	12.3309
0.4723273	0.0091	12.3309
0.4723967	0.0026	12.331
0.4724662	-0.0029	12.3311
0.4725356	-0.0017	12.3312
0.472605	0.0019	12.3314
0.4726745	0.0049	12.3316
0.4727439	0.0104	12.3318
0.4728134	0.0133	12.3321
0.4728828	0.0037	12.3325
0.4729523	0.013	12.3328
0.4730217	0.0065	12.3333
0.4730912	0.0061	12.3338
0.4731606	0.0089	12.3344
0.47323	0.004	12.335
0.4732995	-0.0005	12.3357
0.4733689	0.0081	12.3365
0.4734384	0.0049	12.3373
0.4735078	-0.0011	12.3382
0.4735773	0.0083	12.3392
0.4736467	-0.0005	12.3402
0.4737162	-0.0005	12.3414
0.4737856	-0.0068	12.3426
0.473855	-0.0074	12.3439
0.4739245	-0.0133	12.3453
0.4739939	-0.0114	12.3468
0.4740634	-0.0129	12.3484
0.4741328	-0.0047	12.3501
0.4742023	-0.0091	12.3519
0.4742717	-0.006	12.3538
0.4743412	-0.0186	12.3558
0.4744106	-0.0127	12.358
0.47448	-0.0098	12.3602
0.4745495	-0.0303	12.3625
0.4746189	-0.0073	12.365
0.4746884	-0.0043	12.3676
0.4747578	-0.0024	12.3703
0.4748273	-0.0128	12.3731
0.4748967	-0.0024	12.376
0.4749662	-0.005	12.3791
0.4750356	-0.0045	12.3823
0.475105	-0.0117	12.3856
0.4751745	-0.0095	12.3891
0.4752439	0.0081	12.3926
0.4753134	0.0039	12.3963
0.4753828	0.0042	12.4001
0.4754523	-0.0052	12.404
0.4755217	0.0	12.4081
0.4755912	0.0026	12.4122
0.4756606	-0.0071	12.4165
0.47573	-0.0058	12.4209
0.4757995	-0.0132	12.4254
0.4758689	-0.0013	12.43
0.4759384	-0.01	12.4347
0.4760078	-0.0036	12.4395
0.4760773	-0.0016	12.4444
0.4761467	-0.0029	12.4494
0.4762162	-0.0008	12.4546
0.4762856	0.0074	12.4598
0.476355	0.0046	12.4652
0.4764245	0.0086	12.4706
0.4764939	0.0079	12.4762
0.4765634	0.0107	12.4819
0.4766328	0.0203	12.4876
0.4767023	0.0039	12.4935
0.4767717	-0.0099	12.4994
0.4768412	-0.0023	12.5055
0.4769106	-0.0001	12.5117
0.47698	-0.0014	12.5179
0.4770495	0.0017	12.5243
0.4771189	-0.0051	12.5307
0.4771884	0.0009	12.5372
0.4772578	0.001	12.5438
0.4773273	-0.0081	12.5506
0.4773967	-0.0092	12.5574
0.4774662	0.0034	12.5643
0.4775356	-0.0026	12.5713
0.477605	-0.0063	12.5783
0.4776745	-0.0076	12.5855
0.4777439	0.0038	12.5927
0.4778134	0.0012	12.6001
0.4778828	-0.0026	12.6075
0.4779523	-0.0023	12.615
0.4780217	0.0107	12.6225
0.4780912	0.003	12.6302
0.4781606	-0.0115	12.6379
0.47823	-0.0062	12.6457
0.4782995	-0.0068	12.6536
0.4783689	-0.0084	12.6616
0.4784384	-0.0006	12.6696
0.4785078	-0.0128	12.6777
0.4785773	-0.0005	12.6859
0.4786467	-0.0098	12.6942
0.4787162	-0.0052	12.7025
0.4787856	-0.0161	12.7109
0.478855	-0.0105	12.7194
0.4789245	0.0033	12.728
0.4789939	-0.0005	12.7366
0.4790634	-0.0081	12.7453
0.4791328	0.0017	12.754
0.4792023	-0.0009	12.7628
0.4792717	-0.0097	12.7716
0.4793412	-0.0134	12.7806
0.4794106	0.0059	12.7895
0.47948	0.0084	12.7985
0.4795495	-0.0019	12.8076
0.4796189	-0.0113	12.8167
0.4796884	-0.011	12.8258
0.4797578	0.0001	12.835
0.4798273	-0.0191	12.8442
0.4798967	0.0026	12.8534
0.4799662	-0.0059	12.8627
0.4800356	-0.0032	12.872
0.480105	0.0021	12.8813
0.4801745	0.0063	12.8906
0.4802439	0.0061	12.9
0.4803134	0.0042	12.9094
0.4803828	-0.0041	12.9187
0.4804523	-0.0076	12.9281
0.4805217	-0.0032	12.9375
0.4805912	0.0046	12.9469
0.4806606	-0.003	12.9563
0.48073	-0.0036	12.9657
0.4807995	-0.0081	12.9751
0.4808689	0.001	12.9845
0.4809384	-0.0053	12.9939
0.4810078	0.0019	13.0033
0.4810773	-0.0198	13.0126
0.4811467	-0.0078	13.022
0.4812162	-0.0156	13.0313
0.4812856	-0.0084	13.0406
0.481355	0.0023	13.0499
0.4814245	0.0035	13.0591
0.4814939	-0.0115	13.0683
0.4815634	-0.007	13.0775
0.4816328	0.0001	13.0866
0.4817023	-0.0072	13.0957
0.4817717	0.0101	13.1048
0.4818412	-0.0095	13.1138
0.4819106	-0.0185	13.1228
0.48198	0.0076	13.1317
0.4820495	-0.0017	13.1405
0.4821189	0.0035	13.1493
0.4821884	-0.007	13.158
0.4822578	-0.0036	13.1666
0.4823273	0.0055	13.1752
0.4823967	-0.0031	13.1836
0.4824662	0.0028	13.192
0.4825356	-0.0001	13.2003
0.482605	-0.0077	13.2084
0.4826745	-0.005	13.2165
0.4827439	0.0016	13.2245
0.4828134	0.0056	13.2323
0.4828828	0.0172	13.24
0.4829523	0.0049	13.2476
0.4830217	0.0213	13.2551
0.4830912	0.0028	13.2624
0.4831606	0.0302	13.2696
0.48323	0.0041	13.2766
0.4832995	0.0025	13.2835
0.4833689	0.0005	13.2902
0.4834384	0.0165	13.2967
0.4835078	0.0225	13.3031
0.4835773	0.0051	13.3093
0.4836467	0.012	13.3154
0.4837162	0.0134	13.3212
0.4837856	0.0127	13.3269
0.483855	0.0203	13.3324
0.4839245	0.0222	13.3377
0.4839939	0.0167	13.3427
0.4840634	0.0343	13.3476
0.4841328	0.0265	13.3523
0.4842023	0.0345	13.3567
0.4842717	0.0259	13.3609
0.4843412	0.0249	13.3649
0.4844106	0.0068	13.3686
0.48448	0.0131	13.3722
0.4845495	0.0285	13.3754
0.4846189	0.0223	13.3784
0.4846884	0.0211	13.3812
0.4847578	0.0186	13.3837
0.4848273	0.0308	13.386
0.4848967	0.006	13.3881
0.4849662	0.0289	13.3899
0.4850356	0.0402	13.3915
0.485105	0.0219	13.3928
0.4851745	0.0302	13.3939
0.4852439	0.033	13.3948
0.4853134	0.022	13.3955
0.4853828	0.0209	13.396
0.4854523	0.0253	13.3962
0.4855217	0.0169	13.3963
0.4855912	0.0203	13.3961
0.4856606	0.0191	13.3958
0.48573	0.0309	13.3952
0.4857995	0.032	13.3945
0.4858689	0.0183	13.3935
0.4859384	0.0254	13.3924
0.4860078	0.037	13.3911
0.4860773	0.0299	13.3896
0.4861467	0.0431	13.3879
0.4862162	0.0302	13.386
0.4862856	0.042	13.384
0.486355	0.0296	13.3819
0.4864245	0.0227	13.3795
0.4864939	0.0231	13.377
0.4865634	0.0197	13.3743
0.4866328	0.0217	13.3715
0.4867023	0.0273	13.3685
0.4867717	0.0109	13.3654
0.4868412	0.0164	13.3622
0.4869106	0.0214	13.3588
0.48698	0.0445	13.3552
0.4870495	0.0159	13.3516
0.4871189	0.0103	13.3478
0.4871884	0.0117	13.3438
0.4872578	0.0229	13.3398
0.4873273	0.0061	13.3356
0.4873967	0.0093	13.3314
0.4874662	0.0123	13.327
0.4875356	-0.0063	13.3225
0.487605	-0.0021	13.3179
0.4876745	-0.0131	13.3131
0.4877439	-0.0045	13.3083
0.4878134	-0.0097	13.3034
0.4878828	-0.0282	13.2984
0.4879523	-0.0217	13.2933
0.4880217	-0.0072	13.2881
0.4880912	-0.0099	13.2828
0.4881606	-0.0152	13.2774
0.48823	-0.007	13.2719
0.4882995	-0.0034	13.2663
0.4883689	0.0121	13.2607
0.4884384	-0.0032	13.2549
0.4885078	-0.0097	13.2491
0.4885773	0.0026	13.2432
0.4886467	-0.0171	13.2373
0.4887162	-0.0096	13.2312
0.4887856	-0.0003	13.2251
0.488855	-0.0209	13.2189
0.4889245	-0.0182	13.2127
0.4889939	-0.0255	13.2064
0.4890634	-0.0394	13.2
0.4891328	-0.0147	13.1936
0.4892023	-0.0115	13.1871
0.4892717	-0.017	13.1805
0.4893412	-0.01	13.1739
0.4894106	-0.0106	13.1673
0.48948	0.0099	13.1606
0.4895495	-0.0158	13.1538
0.4896189	-0.0001	13.147
0.4896884	0.0039	13.1402
0.4897578	0.0057	13.1333
0.4898273	0.0104	13.1264
0.4898967	-0.007	13.1194
0.4899662	0.0015	13.1124
0.4900356	-0.0144	13.1054
0.490105	-0.0104	13.0983
0.4901745	-0.0113	13.0913
0.4902439	-0.0016	13.0841
0.4903134	0.0114	13.077
0.4903828	-0.0014	13.0699
0.4904523	-0.0136	13.0627
0.4905217	0.0043	13.0555
0.4905912	0.0103	13.0483
0.4906606	0.0037	13.041
0.49073	0.0067	13.0338
0.4907995	-0.0027	13.0266
0.4908689	0.0011	13.0193
0.4909384	-0.0018	13.012
0.4910078	-0.0072	13.0048
0.4910773	0.0011	12.9975
0.4911467	-0.008	12.9903
0.4912162	0.0038	12.983
0.4912856	0.0021	12.9757
0.4914245	-0.0002	12.9613
0.4914939	0.0025	12.954
0.4915634	-0.0123	12.9468
0.4916328	0.0074	12.9396
0.4917023	0.0135	12.9325
0.4917717	0.0072	12.9253
0.4918412	0.0013	12.9182
0.4919106	-0.0001	12.9111
0.49198	-0.0004	12.904
0.4920495	0.0057	12.897
0.4921189	-0.0073	12.8899
0.4921884	-0.0074	12.8829
0.4922578	-0.0014	12.876
0.4923273	0.0062	12.8691
0.4923967	-0.0096	12.8622
0.4924662	-0.0042	12.8554
0.4925356	-0.003	12.8486
0.492605	0.0001	12.8419
0.4926745	0.0027	12.8352
0.4927439	0.0039	12.8285
0.4928134	-0.0094	12.8219
0.4928828	-0.0224	12.8154
0.4929523	0.0016	12.8089
0.4930217	0.0034	12.8025
0.4930912	0.0026	12.7961
0.4931606	0.0009	12.7898
0.49323	0.0071	12.7836
0.4932995	0.0119	12.7774
0.4933689	0.0059	12.7713
0.4934384	-0.0	12.7653
0.4935078	0.0067	12.7593
0.4935773	0.0045	12.7534
0.4936467	0.0011	12.7476
0.4937162	-0.0039	12.7418
0.4937856	0.0116	12.7361
0.493855	0.0018	12.7304
0.4939245	0.0052	12.7248
0.4939939	-0.0011	12.7192
0.4940634	0.0136	12.7137
0.4941328	-0.0008	12.7082
0.4942023	0.0149	12.7028
0.4942717	0.0101	12.6975
0.4943412	0.0091	12.6922
0.4944106	0.0019	12.687
0.49448	0.0063	12.6818
0.4945495	-0.004	12.6766
0.4946189	-0.0156	12.6715
0.4946884	-0.0104	12.6664
0.4947578	-0.0163	12.6614
0.4948273	-0.0092	12.6565
0.4948967	-0.0054	12.6515
0.4949662	-0.0153	12.6467
0.4950356	-0.0137	12.6418
0.495105	-0.0001	12.637
0.4951745	-0.0095	12.6322
0.4952439	-0.0051	12.6275
0.4953134	-0.0006	12.6228
0.4953828	-0.0038	12.6182
0.4954523	-0.0122	12.6136
0.4955217	-0.0127	12.609
0.4955912	-0.0099	12.6044
0.4956606	-0.0189	12.5999
0.49573	-0.0212	12.5954
0.4957995	-0.021	12.591
0.4958689	-0.012	12.5865
0.4959384	-0.0148	12.5821
0.4960078	-0.0183	12.5777
0.4960773	-0.0202	12.5734
0.4961467	-0.0197	12.5691
0.4962162	-0.0074	12.5648
0.4962856	-0.0064	12.5605
0.496355	0.0003	12.5563
0.4964245	0.007	12.552
0.4964939	-0.0015	12.5478
0.4965634	-0.0067	12.5437
0.4966328	-0.0039	12.5395
0.4967023	-0.0085	12.5354
0.4967717	-0.0061	12.5313
0.4968412	0.0041	12.5273
0.4969106	-0.0151	12.5232
0.49698	0.0032	12.5192
0.4970495	0.004	12.5153
0.4971189	0.0042	12.5113
0.4971884	0.0004	12.5074
0.4972578	0.0024	12.5035
0.4973273	0.0074	12.4996
0.4973967	0.0089	12.4958
0.4974662	0.0114	12.492
0.4975356	0.0081	12.4882
0.497605	0.0092	12.4845
0.4976745	0.0138	12.4808
0.4977439	0.0088	12.4771
0.4978134	0.014	12.4734
0.4978828	0.0093	12.4698
0.4979523	0.0001	12.4662
0.4980217	-0.0018	12.4627
0.4980912	0.0021	12.4591
0.4981606	0.002	12.4556
0.49823	0.0028	12.4522
0.4982995	-0.0019	12.4487
0.4983689	0.0064	12.4453
0.4984384	0.0008	12.442
0.4985078	-0.002	12.4386
0.4985773	0.0069	12.4353
0.4986467	0.0164	12.432
0.4987162	0.0028	12.4288
0.4987856	-0.0062	12.4256
0.498855	0.0028	12.4224
0.4989245	0.0031	12.4193
0.4989939	0.0028	12.4162
0.4990634	0.0075	12.4131
0.4991328	0.0063	12.41
0.4992023	0.0004	12.407
0.4992717	0.0052	12.4041
0.4993412	0.0055	12.4011
0.4994106	0.0023	12.3982
0.49948	-0.0034	12.3954
0.4995495	-0.0044	12.3925
0.4996189	0.0071	12.3897
0.4996884	-0.002	12.387
0.4997578	0.0096	12.3842
0.4998273	-0.0047	12.3816
0.4998967	-0.0103	12.3789
0.4999662	-0.0007	12.3763
0.5000356	0.0017	12.3737
0.500105	-0.0007	12.3712
0.5001745	0.0126	12.3687
0.5002439	0.0063	12.3662
0.5003134	0.0091	12.3638
0.5003828	0.007	12.3614
0.5004523	0.0084	12.359
0.5005217	0.0029	12.3567
0.5005912	-0.0075	12.3544
0.5006606	-0.0073	12.3522
0.50073	0.0103	12.35
0.5007995	-0.0167	12.3478
0.5008689	-0.0045	12.3457
0.5009384	-0.0095	12.3436
0.5010078	-0.0104	12.3415
0.5010773	-0.0256	12.3395
0.5011467	-0.0081	12.3376
0.5012162	-0.008	12.3356
0.5012856	-0.0004	12.3338
0.501355	-0.0202	12.3319
0.5014245	-0.0053	12.3301
0.5014939	-0.0014	12.3283
0.5015634	-0.0039	12.3266
0.5016328	-0.0093	12.3249
0.5017023	0.0095	12.3233
0.5017717	0.0	12.3217
0.5018412	0.011	12.3201
0.5019106	-0.0067	12.3186
0.50198	-0.0103	12.3172
0.5020495	-0.0034	12.3157
0.5021189	-0.0222	12.3144
0.5021884	-0.0175	12.3131
0.5022578	-0.0207	12.3118
0.5023273	-0.0123	12.3106
0.5023967	-0.0147	12.3095
0.5024662	-0.0138	12.3084
0.5025356	-0.0097	12.3074
0.502605	-0.009	12.3064
0.5026745	-0.0042	12.3056
0.5027439	-0.007	12.3048
0.5028134	-0.0081	12.304
0.5028828	-0.0089	12.3034
0.5029523	-0.014	12.3028
0.5030217	-0.0014	12.3023
0.5030912	-0.0102	12.3019
0.5031606	-0.0146	12.3015
0.50323	-0.007	12.3013
0.5032995	-0.0126	12.3011
0.5033689	-0.0096	12.3011
0.5034384	-0.0024	12.3011
0.5035078	-0.0046	12.3012
0.5035773	0.0098	12.3014
0.5036467	0.0121	12.3017
0.5037162	0.0105	12.3022
0.5037856	-0.0014	12.3027
0.503855	-0.0007	12.3033
0.5039245	-0.0037	12.304
0.5039939	0.0052	12.3049
0.5040634	0.0012	12.3058
0.5041328	-0.0066	12.3069
0.5042023	0.0016	12.3081
0.5042717	-0.0112	12.3094
0.5043412	-0.0114	12.3108
0.5044106	-0.0115	12.3123
