2.452610265465300065e+06 0.000000000000000000e+00 0.000000000000000000e+00
2.452610265534699894e+06 2.194651554654812585e-07 2.547592349938595047e-08
2.452610265604099724e+06 -3.650345903149734442e-07 1.130158055438244459e-08
2.452610265673499554e+06 -3.718094500305657750e-08 -3.427598726241892120e-08
2.452610265742899384e+06 -1.687059064740753460e-07 -6.198141618729193286e-08
2.452610265812299214e+06 1.370942355678943268e-07 -7.229324583516774901e-08
2.452610265881699044e+06 -5.268389849524306913e-08 -7.000533091775358405e-08
2.452610265951098874e+06 3.392896453541202806e-08 -7.916862394279335183e-08
2.452610266020498704e+06 9.073887578172827465e-09 -8.186453273447095914e-08
2.452610266089898534e+06 1.106180531720317153e-07 -7.562852097760015213e-08
2.452610266159298364e+06 -1.910658323224506707e-07 -9.162509259039458149e-08
2.452610266228698194e+06 -1.062978406452456699e-07 -1.341977127744828110e-07
2.452610266298098024e+06 -3.668317752855407257e-07 -2.013482595968932362e-07
2.452610266367497854e+06 2.051315741294299463e-07 -2.389864321664369701e-07
2.452610266436897684e+06 1.525670514370214001e-07 -2.195562283796370078e-07
2.452610266506297514e+06 2.140506779839787808e-07 -1.960601345608894480e-07
2.452610266575697344e+06 -3.642676974895293801e-07 -2.291538669398070419e-07
2.452610266645097174e+06 -6.842099187092297698e-08 -2.977630811659222601e-07
2.452610266714497004e+06 -1.078691566231045226e-07 -3.430052283298342589e-07
2.452610266783896834e+06 2.697918493288383795e-07 -3.526235632969043159e-07
2.452610266853296664e+06 5.395112161138878501e-08 -3.431072777470287191e-07
2.452610266922696494e+06 3.081180128298828301e-07 -3.267008442142327095e-07
2.452610266992096324e+06 -2.239302159525138078e-07 -3.394037658162216283e-07
2.452610267061496153e+06 3.191953970544170804e-08 -3.841943218923100930e-07
2.452610267130895983e+06 5.290963386451460295e-07 -3.449863833436731654e-07
2.452610267200295813e+06 1.399866954031424991e-07 -2.875067011885431372e-07
2.452610267269695643e+06 1.698266578741204546e-07 -2.642046869334357622e-07
2.452610267339095473e+06 3.414962068367565671e-07 -2.138685920515436190e-07
2.452610267408495303e+06 2.083635699053055024e-07 -1.526377095498528372e-07
2.452610267477895133e+06 6.404302092880176869e-08 -1.162454060263017991e-07
2.452610267547294963e+06 -2.557472814782108541e-07 -1.292799009384737122e-07
2.452610267616694793e+06 -1.460029567421132654e-07 -1.677116750442732728e-07
2.452610267686094623e+06 1.903451379938151233e-07 -1.580857223989045559e-07
2.452610267755494453e+06 -1.455615714800619801e-07 -1.468929928189407435e-07
2.452610267824894283e+06 2.936665564472011386e-08 -1.527759021839635715e-07
2.452610267894294113e+06 1.118273322848205718e-07 -1.290734318699044073e-07
2.452610267963693943e+06 -1.673875126563957083e-07 -1.253547879391068793e-07
2.452610268033093773e+06 5.332645826751546859e-08 -1.278317868823645649e-07
2.452610268102493603e+06 2.656812143937730612e-07 -8.015501256973385128e-08
2.452610268171893433e+06 1.030807960628263887e-07 -2.148462838932216120e-08
2.452610268241293263e+06 1.698284021490743109e-07 3.223899184714477758e-08
2.452610268310693093e+06 -6.962167598122627138e-08 7.130743832332947472e-08
2.452610268380092923e+06 -9.186190160332727184e-09 9.317677720607187919e-08
2.452610268449492753e+06 1.750188326685668240e-07 1.449948579596883224e-07
2.452610268518892583e+06 4.499004432514215513e-08 2.077263925150739152e-07
2.452610268588292412e+06 -2.889493134493910349e-09 2.553590602863761846e-07
2.452610268657692242e+06 -2.667891953560848824e-07 2.704582842728669227e-07
2.452610268727092072e+06 -1.009564203607482178e-07 2.741289780177812651e-07
2.452610268796491902e+06 2.729553425576684082e-07 3.390860835204148521e-07
2.452610268865891732e+06 -2.801800251754587420e-07 3.883691932140357632e-07
2.452610268935291562e+06 1.519862144376409637e-07 4.267872121827389113e-07
2.452610269004691392e+06 -2.312799299779810886e-07 4.726778848622436161e-07
2.452610269074091222e+06 -1.463944585729454743e-07 4.863504618637698836e-07
2.452610269143491052e+06 -2.649725102842657087e-07 4.948847834052509305e-07
2.452610269212890882e+06 -1.058484239479110195e-07 5.062723368791033583e-07
2.452610269282290712e+06 -2.883854073861138465e-07 5.133430604315867378e-07
2.452610269351690542e+06 -1.731103281796763527e-07 5.104913095339460094e-07
2.452610269421090372e+06 -3.083973576336436724e-07 5.021100020677625248e-07
2.452610269490490202e+06 4.608604954181605199e-08 5.153888380050221955e-07
2.452610269559890032e+06 -9.978163091307555782e-08 5.514568903895768534e-07
2.452610269629289862e+06 -2.448708544764492856e-08 5.803096768075553114e-07
2.452610269698689692e+06 -3.620018903380152202e-08 6.166356661386220732e-07
2.452610269768089522e+06 -2.965974200187136648e-07 6.221823418011482711e-07
2.452610269837489352e+06 -2.618396540855383464e-07 5.989448645612292115e-07
2.452610269906889182e+06 -1.204871415070760828e-07 5.904915006594420201e-07
2.452610269976289012e+06 1.027727422543210406e-07 6.204087357508417138e-07
2.452610270045688841e+06 1.156245772177073385e-07 6.779597990565013090e-07
2.452610270115088671e+06 -1.387626214541189913e-07 7.105926046707462088e-07
2.452610270184488501e+06 -1.813933514512326865e-08 7.279909297031808961e-07
2.452610270253888331e+06 2.474103542380907212e-07 7.888114230181147600e-07
2.452610270323288161e+06 2.903935316250299981e-07 8.886735000723489686e-07
2.452610270392687991e+06 -7.072689981461465001e-09 9.662256452731388187e-07
2.452610270462087821e+06 -2.060034099562316372e-07 9.906836449543535681e-07
2.452610270531487651e+06 -2.429838411365515904e-07 9.863711649318683771e-07
2.452610270600887481e+06 -1.606363177587365537e-08 9.996074143455946621e-07
2.452610270670287311e+06 -3.343391275891897367e-07 9.996911551989275219e-07
2.452610270739687141e+06 -8.861612166700083876e-08 9.874178588649943296e-07
2.452610270809086971e+06 -5.058983940289276654e-08 1.002901502971554106e-06
2.452610270878486801e+06 -3.677869003124454843e-07 9.838937192574334251e-07
2.452610270947886631e+06 1.621825899252158172e-07 9.838455102231103082e-07
2.452610271017286461e+06 1.044055610776765718e-07 1.035064862917424416e-06
2.452610271086686291e+06 -1.178717770318927591e-07 1.055814290610782409e-06
2.452610271156086121e+06 -8.369206352239279627e-08 1.053426544866515433e-06
2.452610271225485951e+06 -2.733316304604425671e-07 1.029245998529176233e-06
2.452610271294885781e+06 -7.380131091980395629e-08 1.000256084248189038e-06
2.452610271364285611e+06 -2.256739627543096079e-07 9.705329385384521868e-07
2.452610271433685441e+06 -1.117446399909383258e-07 9.302927990899401187e-07
2.452610271503085271e+06 2.738586355515429130e-08 9.124321918080473348e-07
2.452610271572485100e+06 1.535682842300687204e-07 9.210520712098616777e-07
2.452610271641884930e+06 -5.006012274829762410e-08 9.194030646820270493e-07
2.452610271711284760e+06 1.670476680720715335e-07 9.170524927130086277e-07
2.452610271780684590e+06 1.910561790848201335e-07 9.404976937196662244e-07
2.452610271850084420e+06 1.687556426653785567e-07 9.648558178104788090e-07
2.452610271919484250e+06 1.218296197644985803e-07 9.820430546567050528e-07
2.452610271988884080e+06 1.962438000542431786e-07 1.002565397604856581e-06
2.452610272058283910e+06 6.022967846991861990e-08 1.016507214240311552e-06
2.452610272127683740e+06 1.310135026401349370e-07 1.022797840065328872e-06
2.452610272197083570e+06 1.770113750908126586e-07 1.041823798351321375e-06
2.452610272266483400e+06 1.281280702114989753e-07 1.061158454209760679e-06
2.452610272335883230e+06 3.678278283231743977e-07 1.103373971345455418e-06
2.452610272405283060e+06 2.353281613349386414e-07 1.161260130067708855e-06
2.452610272474682890e+06 1.838159631110069577e-07 1.202648892199318330e-06
2.452610272544082720e+06 1.491721729446803571e-07 1.237032616669368336e-06
2.452610272613482550e+06 -3.416016479394430578e-07 1.212624455803515706e-06
2.452610272682882380e+06 7.032166448081341986e-08 1.174952071269056275e-06
2.452610272752282210e+06 2.241491773919548194e-07 1.197617128165359530e-06
2.452610272821682040e+06 -1.505640374857137846e-07 1.196003131055703949e-06
2.452610272891081870e+06 -1.802276816278906463e-07 1.146238895765175988e-06
2.452610272960481700e+06 4.324215437770399736e-09 1.108209842798390549e-06
2.452610273029881530e+06 8.294492337895557031e-08 1.096033831294057627e-06
2.452610273099281359e+06 6.449366021644549792e-08 1.089163589238322926e-06
2.452610273168681189e+06 -7.461104227484446890e-08 1.063050856027496875e-06
2.452610273238081019e+06 1.287421924371560175e-07 1.041522608556053369e-06
2.452610273307480849e+06 1.256398659602504336e-07 1.041062737179282473e-06
2.452610273376880679e+06 4.438694278565541827e-08 1.031074215972086692e-06
2.452610273446280509e+06 3.810601722138422298e-08 1.010276174347255618e-06
2.452610273515680339e+06 4.223443774705547056e-07 1.031685856158301933e-06
2.452610273585080169e+06 -4.370452755472273547e-07 1.000959816232909449e-06
2.452610273654479999e+06 1.540611750778175705e-07 9.365506368687442376e-07
2.452610273723879829e+06 -1.686863350115128422e-08 9.149759274863006204e-07
2.452610273793279659e+06 8.586429573181954415e-08 8.844496973692103539e-07
2.452610273862679489e+06 2.643429552104791333e-07 8.847408799328994620e-07
2.452610273932079319e+06 -8.825722696411233602e-08 8.664832760667273358e-07
2.452610274001479149e+06 1.910538991088606634e-07 8.394737692238925125e-07
2.452610274070878979e+06 1.536032274661579968e-07 8.394969865084547591e-07
2.452610274140278809e+06 4.613534204560169195e-07 8.729087914247867660e-07
2.452610274209678639e+06 1.225217821062211545e-07 9.083519236256623078e-07
2.452610274279078469e+06 4.855655640981587060e-07 9.523864263360517183e-07
2.452610274348478299e+06 5.362791978936825264e-07 1.051055025737063290e-06
2.452610274417878129e+06 -1.908824622378883925e-07 1.083507353944923247e-06
2.452610274487277959e+06 -4.409956122792901711e-07 1.007388756838973810e-06
2.452610274556677788e+06 -7.529433493077035280e-08 9.378315746763565691e-07
2.452610274626077618e+06 1.740898032866537561e-07 9.337996545546644636e-07
2.452610274695477448e+06 5.730342038413401875e-07 1.006418019406501536e-06
2.452610274764877278e+06 1.460168068120898612e-07 1.085381126183806947e-06
2.452610274834277108e+06 3.347214689307994238e-07 1.146686585735183418e-06
2.452610274903676938e+06 -3.927452023764613372e-07 1.153257006203170100e-06
2.452610274973076768e+06 -7.479391247483392470e-09 1.121798862875102244e-06
2.452610275042476598e+06 1.152605076579422921e-07 1.146878061991558914e-06
2.452610275111876428e+06 4.390017072132243964e-07 1.227476387912954663e-06
2.452610275181276258e+06 1.267965248129448881e-07 1.318909087827218113e-06
2.452610275250676088e+06 3.712320816564279963e-08 1.374000088392677906e-06
2.452610275320075918e+06 -1.245544237245807200e-07 1.405942288241181240e-06
2.452610275389475748e+06 5.285371101195275508e-08 1.442995789355533042e-06
2.452610275458875578e+06 1.999660772866872280e-08 1.500475330179469500e-06
2.452610275528275408e+06 -1.861391741220965362e-07 1.535836721674517625e-06
2.452610275597675238e+06 1.702161639426565375e-07 1.591612551602764777e-06
2.452610275667075068e+06 -9.366572141965383812e-08 1.663079298559390810e-06
2.452610275736474898e+06 -3.645159478904502674e-07 1.678828246407017220e-06
2.452610275805874728e+06 -3.618804366710346566e-08 1.701307992979178241e-06
2.452610275875274558e+06 -2.454979911231883288e-07 1.738249796254096271e-06
2.452610275944674388e+06 -1.514584902020373784e-07 1.763850639305819496e-06
2.452610276014074218e+06 4.792350027357859132e-08 1.824136863414283845e-06
2.452610276083474047e+06 1.792042736669269342e-07 1.926981975228858011e-06
2.452610276152873877e+06 -3.122549981508361120e-07 1.996457586665199911e-06
2.452610276222273707e+06 -2.775247464923160601e-07 2.017344335161896517e-06
2.452610276291673537e+06 -3.426123750115787896e-07 2.033619489478666545e-06
2.452610276361073367e+06 -7.461465258082993897e-08 2.071730457402794077e-06
2.452610276430473197e+06 -3.253350270975409127e-07 2.112350501618201282e-06
2.452610276499873027e+06 1.595297179358095760e-07 2.180735492906872156e-06
2.452610276569272857e+06 -1.905893437606653258e-07 2.268124701756298424e-06
2.452610276638672687e+06 -4.798355979190368921e-07 2.286399794211399657e-06
2.452610276708072517e+06 -6.423668320455269060e-07 2.249588492450191869e-06
2.452610276777472347e+06 -2.722557702770097233e-07 2.228243378637631710e-06
2.452610276846872177e+06 -2.470676764621679520e-07 2.245928370328660812e-06
2.452610276916272007e+06 -7.782003508513989977e-07 2.202275188092639423e-06
2.452610276985671837e+06 -5.609931774934627931e-07 2.112958918445595005e-06
2.452610277055071667e+06 -3.520965953901883935e-07 2.059182768917394150e-06
2.452610277124471497e+06 -4.016181349944567816e-07 2.014150930255313311e-06
2.452610277193871327e+06 -6.007284983800128193e-07 1.931687047789946093e-06
2.452610277263271157e+06 -2.273189365273711882e-07 1.857113783028652262e-06
2.452610277332670987e+06 -4.624881866408456907e-07 1.787469262528885176e-06
2.452610277402070817e+06 -3.090614524930784347e-07 1.698107666661146651e-06
2.452610277471470647e+06 -8.315406982775671754e-08 1.640798470643629192e-06
2.452610277540870477e+06 1.519210227093576427e-07 1.628883376949090494e-06
2.452610277610270306e+06 -1.373690880497821834e-07 1.607735823503491535e-06
2.452610277679670136e+06 -5.118698955398287945e-07 1.505766517537700784e-06
2.452610277749069966e+06 1.535876895856327849e-08 1.409308976415522338e-06
2.452610277818469796e+06 -2.367047870641566537e-07 1.333659511852130622e-06
2.452610277887869626e+06 2.903285559429373385e-08 1.251169651660863898e-06
2.452610277957269456e+06 -2.833914156612424936e-08 1.184116709384256038e-06
2.452610278026669286e+06 -3.171712949253864689e-07 1.070211467124908270e-06
2.452610278096069116e+06 2.812149458354211905e-07 9.809458694592016037e-07
2.452610278165468946e+06 2.279620396849225103e-07 9.468549355836441279e-07
2.452610278234868776e+06 -5.767714179701318625e-08 8.716828074838991750e-07
2.452610278304268606e+06 1.399494922587414762e-07 7.804160127253405001e-07
2.452610278373668436e+06 4.846994245358468274e-07 7.449129442418564971e-07
2.452610278443068266e+06 4.613534741831459279e-07 7.459436724077161861e-07
2.452610278512468096e+06 4.461102952149710597e-07 7.458722115013058830e-07
2.452610278581867926e+06 1.575817486021700955e-07 7.138975127436617159e-07
2.452610278651267756e+06 2.289158223741633307e-07 6.567490723692992942e-07
2.452610278720667586e+06 2.253620374594279229e-07 6.050135747544950579e-07
2.452610278790067416e+06 2.090094771274929099e-07 5.493748152415437251e-07
2.452610278859467246e+06 2.808344097410552769e-09 4.661498250068730129e-07
2.452610278928867076e+06 3.079241702157816495e-07 3.899721988898344450e-07
2.452610278998266906e+06 4.838342805244351287e-07 3.663152422262423010e-07
2.452610279067666736e+06 3.633233385596668411e-07 3.517199706841509725e-07
2.452610279137066565e+06 2.241279837425901037e-07 3.107078813098542842e-07
2.452610279206466395e+06 6.276598616008217732e-07 3.013716475823708824e-07
2.452610279275866225e+06 7.738891675637600355e-07 3.604025813665451601e-07
2.452610279345266055e+06 6.738779081735344238e-07 4.367018055048580757e-07
2.452610279414665885e+06 4.368064917355210415e-07 4.873958215773575272e-07
2.452610279484065715e+06 4.394370275744551886e-07 5.213523736318373699e-07
2.452610279553465545e+06 3.286510413370834176e-07 5.512088588788088163e-07
2.452610279622865375e+06 3.904757979495079860e-07 5.832141698819932012e-07
2.452610279692265205e+06 1.380170369308099677e-07 6.009725018331197236e-07
2.452610279761665035e+06 4.865518724563505283e-08 5.852130418636786308e-07
2.452610279831064865e+06 1.540247241827721961e-07 5.737367889769567333e-07
2.452610279900464695e+06 1.847002588306737656e-07 5.809025226894660357e-07
2.452610279969864525e+06 2.206109005278695005e-07 6.005887780961530304e-07
2.452610280039264355e+06 2.521100474360011080e-08 6.077664899138079604e-07
2.452610280108664185e+06 -2.120783889602433802e-07 5.692086293320721227e-07
2.452610280178064015e+06 8.980092197463289138e-08 5.376159454167789357e-07
2.452610280247463845e+06 -1.640379444364830772e-07 5.118456977999491143e-07
2.452610280316863675e+06 8.412839904506907675e-08 4.862944960500054894e-07
2.452610280386263505e+06 9.713889674576855742e-08 4.919499143554902124e-07
2.452610280455663335e+06 -3.218714846048037916e-08 4.883146686772383130e-07
2.452610280525063165e+06 1.920782457410097768e-07 4.987865800217122238e-07
2.452610280594462994e+06 -7.461428127362774265e-08 5.088268769931323475e-07
2.452610280663862824e+06 1.591306221237218700e-07 5.193325440995000563e-07
2.452610280733262654e+06 4.834469789601600215e-08 5.482913126609678034e-07
2.452610280802662484e+06 1.718827516252521944e-07 5.847175093031071146e-07
2.452610280872062314e+06 -5.489033899999985048e-08 6.157071671249290408e-07
2.452610280941462144e+06 -6.064330915727814143e-08 6.253993455774431470e-07
2.452610281010861974e+06 -1.714813549939275044e-07 6.247191495758694659e-07
2.452610281080261804e+06 -1.538047992384616175e-07 6.150980916430705957e-07
2.452610281149661634e+06 6.635657555383983468e-08 6.338626118610723939e-07
2.452610281219061464e+06 -4.926101740530372569e-08 6.684683331761624623e-07
2.452610281288461294e+06 -7.045560662248858683e-09 6.997417945985696367e-07
2.452610281357861124e+06 -1.679105912266449195e-07 7.218029066848923897e-07
2.452610281427260954e+06 -5.610885915178002018e-08 7.414832681579430465e-07
2.452610281496660784e+06 -4.192531943893221153e-07 7.348196618341114590e-07
2.452610281566060614e+06 -2.068070445002169028e-07 7.104603718940886380e-07
2.452610281635460444e+06 -8.548501935681829714e-08 7.226334220790555753e-07
2.452610281704860274e+06 -2.065917267369160568e-07 7.364783231835394327e-07
2.452610281774260104e+06 -2.170894132373440666e-07 7.366941446263282544e-07
2.452610281843659934e+06 -1.074384517813854789e-07 7.484284797028665373e-07
2.452610281913059764e+06 -2.400354139217656130e-07 7.586105498683890511e-07
2.452610281982459594e+06 -1.053241693543317373e-07 7.698153066380459506e-07
2.452610282051859424e+06 -1.567728600395567748e-07 7.914123350437199403e-07
2.452610282121259253e+06 -1.454380506759497664e-07 8.100306130664720304e-07
2.452610282190659083e+06 -1.254266830046089613e-07 8.334507606313834868e-07
2.452610282260058913e+06 -5.317648939947330069e-09 8.746302929202300848e-07
2.452610282329458743e+06 -2.451981341006744246e-07 9.051016091243594037e-07
2.452610282398858573e+06 -1.743209817654319639e-07 9.177435283555020017e-07
2.452610282468258403e+06 -1.436728314739411006e-07 9.418336266055602998e-07
2.452610282537658233e+06 -2.488915427567456234e-07 9.580049405315579632e-07
2.452610282607058063e+06 -2.972863739174547991e-07 9.560487331422376878e-07
2.452610282676457893e+06 -3.011110579275811719e-07 9.456447405198566030e-07
2.452610282745857723e+06 -3.493218592704541005e-07 9.258329744016799256e-07
2.452610282815257553e+06 5.163730533637444105e-08 9.425573193814170898e-07
2.452610282884657383e+06 -3.448860692663830682e-08 9.953283749036554429e-07
2.452610282954057213e+06 -2.507320350265138181e-07 1.016231614869970619e-06
2.452610283023457043e+06 -1.610307253739695356e-07 1.022017420869170789e-06
2.452610283092856873e+06 -1.703023047602209139e-07 1.034963379527634901e-06
2.452610283162256703e+06 -1.120139629797296854e-08 1.063821564797775191e-06
2.452610283231656533e+06 -1.409210696249602386e-07 1.096222332615293938e-06
2.452610283301056363e+06 -5.240365948974076433e-07 1.069460596226638369e-06
2.452610283370456193e+06 -1.290312756068887082e-07 1.037971501708574945e-06
2.452610283439856023e+06 -3.492478350526929290e-07 1.020235838623012822e-06
2.452610283509255853e+06 -5.244767553562577992e-07 9.516361680782107205e-07
2.452610283578655683e+06 -1.248117981776894183e-08 9.117968708003398063e-07
2.452610283648055512e+06 8.541182697037497491e-08 9.357634566428199735e-07
2.452610283717455342e+06 -6.672369943269005464e-08 9.534360284264724970e-07
2.452610283786855172e+06 1.812795240464476206e-07 9.815083767503807084e-07
2.452610283856255002e+06 1.648663595159997600e-07 1.036814191236942949e-06
2.452610283925654832e+06 4.195047767402168828e-07 1.122965729145249390e-06
2.452610283995054662e+06 1.692692778994804903e-07 1.215947928411038282e-06
2.452610284064454492e+06 -8.506279930515630907e-08 1.257121575129921109e-06
2.452610284133854322e+06 4.386241072412430849e-08 1.284645075766506247e-06
2.452610284203254152e+06 7.902634021382148819e-08 1.330540006687239199e-06
2.452610284272653982e+06 1.128097350157685611e-08 1.373871844566276067e-06
2.452610284342053812e+06 -3.030527635119395345e-07 1.373664416628175474e-06
2.452610284411453642e+06 -3.916822237736733705e-07 1.322720571972816528e-06
2.452610284480853472e+06 -2.380946124977724748e-07 1.269983731114754623e-06
2.452610284550253302e+06 3.551678188551726982e-09 1.253852452810724743e-06
2.452610284619653132e+06 6.239773048789329431e-08 1.267515283312544569e-06
2.452610284689052962e+06 1.693704436405568405e-07 1.298672957953610869e-06
2.452610284758452792e+06 3.323306630291364460e-08 1.326606321712078246e-06
2.452610284827852622e+06 3.702213982587280978e-07 1.377653983368146777e-06
2.452610284897252452e+06 -1.968679743870345442e-08 1.424825634299569427e-06
2.452610284966652282e+06 2.892252379484494033e-07 1.464359905057734445e-06
2.452610285036052112e+06 3.669922894551413729e-07 1.549655582637224563e-06
2.452610285105451941e+06 -1.213922306460150021e-07 1.593009610649082575e-06
2.452610285174851771e+06 7.811310566223815080e-10 1.594878830450896644e-06
2.452610285244251601e+06 7.008814454549914908e-08 1.615507017274835480e-06
2.452610285313651431e+06 6.098523819953772480e-08 1.641760843225596260e-06
2.452610285383051261e+06 -4.958492859028798380e-08 1.653398106446446536e-06
2.452610285452451091e+06 6.940046200875933423e-08 1.663745312204313340e-06
2.452610285521850921e+06 4.509885687020723215e-08 1.682758057325256848e-06
2.452610285591250751e+06 1.769232096237289293e-07 1.712942587060852699e-06
2.452610285660650581e+06 8.783270531844802366e-08 1.748034248893004357e-06
2.452610285730050411e+06 2.555624064868401136e-07 1.792748882587505735e-06
2.452610285799450241e+06 2.537665348892277369e-07 1.858255358465857653e-06
2.452610285868850071e+06 -9.289544646579350491e-09 1.896741965834288765e-06
2.452610285938249901e+06 -2.404858357430255109e-08 1.903709035049099891e-06
2.452610286007649731e+06 -8.230250132555450165e-08 1.899554188337650240e-06
2.452610286077049561e+06 -2.965235139917294771e-08 1.891027097837610888e-06
2.452610286146449391e+06 2.130152422138411269e-07 1.912752439009369963e-06
2.452610286215849221e+06 1.274008096404715081e-07 1.952097114661278863e-06
2.452610286285249051e+06 3.877497252261155210e-07 2.013071304387108382e-06
2.452610286354648881e+06 -2.442353167538792129e-08 2.060088596795910388e-06
2.452610286424048711e+06 -1.092482230864757789e-07 2.051514598001710565e-06
2.452610286493448541e+06 1.419604967420166721e-07 2.058387789057024929e-06
2.452610286562848371e+06 9.451169367886823146e-08 2.086881107457873879e-06
2.452610286632248200e+06 2.001966145792986493e-07 2.122542727880628913e-06
2.452610286701648030e+06 6.666441155890454164e-08 2.156196522181247350e-06
2.452610286771047860e+06 -1.103264607166946862e-07 2.154836753843465580e-06
2.452610286840447690e+06 -1.908177476952738828e-07 2.120905488665277777e-06
2.452610286909847520e+06 -1.477205256903912276e-08 2.092060194368519124e-06
2.452610286979247350e+06 2.376482182321469898e-07 2.107773057668198834e-06
2.452610287048647180e+06 -4.115969964370960281e-08 2.120277078864681639e-06
2.452610287118047010e+06 2.223821374114974001e-07 2.130625462193769603e-06
2.452610287187446840e+06 1.231933990877344037e-07 2.159552982930101841e-06
2.452610287256846670e+06 8.237202226923134639e-08 2.173835224956812363e-06
2.452610287326246500e+06 1.632467801345673586e-07 2.192856472424237587e-06
2.452610287395646330e+06 -8.957341259459405039e-09 2.201970394110862442e-06
2.452610287465046160e+06 -1.813635385326820801e-07 2.170793658725312731e-06
2.452610287534445990e+06 2.856138964010007752e-07 2.169326778580572974e-06
2.452610287603845820e+06 7.025371972650549390e-08 2.196019229446193242e-06
2.452610287673245650e+06 -1.254001995368886624e-07 2.177110922642745859e-06
2.452610287742645480e+06 -1.939415366085871919e-08 2.145071412921444438e-06
2.452610287812045310e+06 6.226421683047924696e-08 2.130892889443543022e-06
2.452610287881445140e+06 1.467478347976042783e-07 2.134239815393226095e-06
2.452610287950844970e+06 -1.642827135597988013e-08 2.128750628287552759e-06
2.452610288020244800e+06 -9.255967192179897122e-08 2.094952543907575648e-06
2.452610288089644630e+06 2.313984535203999903e-07 2.086510419089576750e-06
2.452610288159044459e+06 3.184783420949889726e-07 2.125326526444341293e-06
2.452610288228444289e+06 -7.477040655074304996e-08 2.133346704488004463e-06
2.452610288297844119e+06 5.055074022862899932e-08 2.111682418957936669e-06
2.452610288367243949e+06 2.617955015451528535e-07 2.127400450731459003e-06
2.452610288436643779e+06 8.502783137763245519e-08 2.149604683662161944e-06
2.452610288506043609e+06 3.516946982970335733e-08 2.148709288472088400e-06
2.452610288575443439e+06 -2.141628778441020351e-08 2.136193063172020864e-06
2.452610288644843269e+06 -5.149933176901466790e-08 2.113184887584444971e-06
2.452610288714243099e+06 -4.302260969751293641e-09 2.090724085906822639e-06
2.452610288783642929e+06 1.508768897889455298e-09 2.073184542283177036e-06
2.452610288853042759e+06 1.884182647131660784e-07 2.077453549824997353e-06
2.452610288922442589e+06 2.383269694595762087e-07 2.111102123361117432e-06
2.452610288991842419e+06 4.381110503581706420e-08 2.133028165022378766e-06
2.452610289061242249e+06 -8.332466209045887513e-08 2.121342100962043673e-06
2.452610289130642079e+06 -1.688254412245186389e-08 2.102691763583352947e-06
2.452610289200041909e+06 1.349516136472113919e-07 2.108782679925683759e-06
2.452610289269441739e+06 1.887651953250643543e-07 2.140882575838959572e-06
2.452610289338841569e+06 3.481640121657758991e-07 2.202641946505805090e-06
2.452610289408241399e+06 1.168447468914406515e-07 2.264020124008687163e-06
2.452610289477641229e+06 -6.781044159168204865e-08 2.284804187057610277e-06
2.452610289547041059e+06 -1.110662895334707333e-07 2.282240825696547071e-06
2.452610289616440888e+06 -2.185772241985086341e-07 2.262687121419643130e-06
2.452610289685840718e+06 -9.933476282282068848e-08 2.243170891268482278e-06
2.452610289755240548e+06 2.048226117477234947e-07 2.271526624047207047e-06
2.452610289824640378e+06 -2.483231437864080551e-07 2.286471553995937615e-06
2.452610289894040208e+06 -3.883727247869976981e-08 2.275444931422818405e-06
2.452610289963440038e+06 7.605183592829282344e-08 2.301515895385559726e-06
2.452610290032839868e+06 -4.172513894892962352e-08 2.330662433517697191e-06
2.452610290102239698e+06 -1.441196533721277338e-07 2.337851645851125729e-06
2.452610290171639528e+06 2.201767315785821241e-08 2.353537981166743543e-06
2.452610290241039358e+06 5.385068072297793861e-08 2.394133936285535173e-06
2.452610290310439188e+06 -4.895415121468406329e-07 2.379828291455888263e-06
2.452610290379839018e+06 -2.944055048709970413e-07 2.323501229884247318e-06
2.452610290449238848e+06 -1.325938635172683123e-07 2.302516794456456861e-06
2.452610290518638678e+06 -1.253882295622556738e-07 2.298993730581246978e-06
2.452610290588038508e+06 -5.114086106133850349e-07 2.251234686146722598e-06
2.452610290657438338e+06 -2.999727120856754731e-07 2.178183083992003801e-06
2.452610290726838168e+06 5.663604608025386357e-08 2.163471997682453255e-06
2.452610290796237998e+06 -4.638594700009401625e-08 2.177066836731669028e-06
2.452610290865637828e+06 -2.548749208203623268e-07 2.156414339896603262e-06
2.452610290935037658e+06 -1.451533931953130912e-07 2.122459452502525893e-06
2.452610291004437488e+06 5.285129098597231849e-08 2.121002050240045457e-06
2.452610291073837318e+06 -3.953298173958615409e-08 2.132141456528434124e-06
2.452610291143237147e+06 -6.894427829505694024e-08 2.130790697476572101e-06
2.452610291212636977e+06 -3.547440225413055672e-08 2.130139313709290498e-06
2.452610291282036807e+06 -1.984737319722653503e-07 2.114714038646300272e-06
2.452610291351436637e+06 2.689454726120437553e-09 2.102356553810508281e-06
2.452610291420836467e+06 -7.029741447644540889e-08 2.103852984390001505e-06
2.452610291490236297e+06 -1.177896797779851225e-07 2.091818488472539109e-06
2.452610291559636127e+06 1.474141968801943090e-07 2.104010861810425882e-06
2.452610291629035957e+06 2.573586286329118284e-07 2.161292062827896952e-06
2.452610291698435787e+06 3.143747049265724174e-08 2.211377593711412858e-06
2.452610291767835617e+06 1.075353999996091455e-07 2.249303258307128182e-06
2.452610291837235447e+06 -1.383139773538596600e-07 2.271210378011326645e-06
2.452610291906635277e+06 4.927576379076451338e-08 2.288124587128411565e-06
2.452610291976035107e+06 -1.444073155972946615e-07 2.305421984903173554e-06
2.452610292045434937e+06 -2.153039817938865440e-07 2.293011705972813853e-06
2.452610292114834767e+06 -4.762766708889764748e-08 2.289538939037529239e-06
2.452610292184234597e+06 -3.569692573848887580e-08 2.305561694910193822e-06
2.452610292253634427e+06 -3.291505815245971992e-07 2.289595110834265525e-06
2.452610292323034257e+06 -1.583421004764740271e-07 2.256552723984948385e-06
2.452610292392434087e+06 -1.751374240405723931e-07 2.236737223242702191e-06
2.452610292461833917e+06 -2.242184999274470921e-07 2.206121023759263462e-06
2.452610292531233747e+06 -2.416325271197970694e-07 2.163518923214789606e-06
2.452610292600633577e+06 -2.939954856328909932e-07 2.107356023956195766e-06
2.452610292670033406e+06 -1.248304505666022070e-07 2.057979951202729544e-06
2.452610292739433236e+06 8.545762563416766441e-08 2.046802488387583811e-06
2.452610292808833066e+06 -2.398309044790952629e-08 2.045745974931271081e-06
2.452610292878232896e+06 1.171515157984455525e-07 2.047907085354853111e-06
2.452610292947632726e+06 -4.783234307520282884e-08 2.047187560539189245e-06
2.452610293017032556e+06 -1.826638883921879718e-07 2.011238090807699075e-06
2.452610293086432386e+06 1.254380595353464918e-07 1.991213032732483111e-06
2.452610293155832216e+06 1.357891605193649722e-07 2.005805107444291993e-06
2.452610293225232046e+06 1.902340783054601181e-07 2.029351988933035070e-06
2.452610293294631876e+06 1.688457037665608831e-07 2.059080312010522749e-06
2.452610293364031706e+06 -4.577231255947787588e-08 2.064335713459494338e-06
2.452610293433431536e+06 1.225228667968459887e-07 2.064413042284964507e-06
2.452610293502831366e+06 1.871596182645008678e-07 2.091157124628224315e-06
2.452610293572231196e+06 6.235982787596553305e-08 2.113398187230903140e-06
2.452610293641631026e+06 -1.192784309605167432e-07 2.101970194038705207e-06
2.452610293711030856e+06 -1.237677046323311239e-07 2.067158434331528351e-06
2.452610293780430686e+06 -6.518278663052370267e-08 2.034393796125239221e-06
2.452610293849830516e+06 -7.470058807523313819e-08 2.003448427390872427e-06
2.452610293919230346e+06 6.482897151744156664e-08 1.984048370980392248e-06
2.452610293988630176e+06 1.592932961669813066e-07 1.989631983196506617e-06
2.452610294058030006e+06 8.423215538064632554e-08 1.998054622241824001e-06
2.452610294127429835e+06 2.578869860561441104e-07 2.018815241445003333e-06
2.452610294196829665e+06 3.554150666047755796e-07 2.073258877301760067e-06
2.452610294266229495e+06 9.373553880130181515e-08 2.114396383623573098e-06
2.452610294335629325e+06 2.839109769870699821e-09 2.118747946821292679e-06
2.452610294405029155e+06 5.427787366651865949e-08 2.118588237628211228e-06
2.452610294474428985e+06 -5.983426135140752365e-09 2.116986743321703640e-06
2.452610294543828815e+06 -1.301809437528101912e-07 2.093415507402927824e-06
2.452610294613228645e+06 1.549456609647383801e-09 2.067834523149121742e-06
2.452610294682628475e+06 2.899140740811648030e-07 2.088026856722797957e-06
2.452610294752028305e+06 2.883468629701417317e-07 2.143531698597343195e-06
2.452610294821428135e+06 3.564394916669096315e-07 2.212505574088564590e-06
2.452610294890827965e+06 2.729968244293842839e-07 2.286700597927010225e-06
2.452610294960227795e+06 -4.008526282729191343e-08 2.322188003247449849e-06
2.452610295029627625e+06 -7.050777257939589917e-08 2.320719309152668080e-06
2.452610295099027455e+06 1.007248447735456527e-07 2.334439167541139208e-06
2.452610295168427285e+06 2.269433419561471911e-07 2.383169253164197405e-06
2.452610295237827115e+06 3.453596035077793404e-09 2.424794464049685143e-06
2.452610295307226945e+06 -2.468556886308786659e-07 2.414679943484192116e-06
2.452610295376626775e+06 -1.468529890587349699e-07 2.384703829549088717e-06
2.452610295446026605e+06 5.860436599617805904e-08 2.385701578941621423e-06
2.452610295515426435e+06 1.271297922730116766e-07 2.417464015563533722e-06
2.452610295584826265e+06 -8.330528296694106976e-08 2.435026976249798913e-06
2.452610295654226094e+06 -7.009351781999382957e-08 2.430363258667515721e-06
2.452610295723625924e+06 3.895025857919216027e-08 2.438147015351444958e-06
2.452610295793025754e+06 -4.294156277478050844e-08 2.448718885827275220e-06
2.452610295862425584e+06 -1.564880038263425288e-07 2.436544854572829494e-06
2.452610295931825414e+06 -1.652042969109057595e-07 2.407685559859852016e-06
2.452610296001225244e+06 6.639396859405028711e-08 2.400507339678049214e-06
2.452610296070625074e+06 -7.808285040076013638e-08 2.401720554391872633e-06
2.452610296140024904e+06 -6.405247652454491520e-08 2.387041978504127958e-06
2.452610296209424734e+06 5.042141713324639152e-08 2.384877792596144054e-06
2.452610296278824564e+06 1.349682720758138712e-07 2.404857732853775787e-06
2.452610296348224394e+06 2.700313805866001406e-07 2.451800491634260553e-06
2.452610296417624224e+06 2.997906487835584500e-07 2.522207021548391706e-06
2.452610296487024054e+06 1.005199877502025448e-07 2.579650102133731779e-06
2.452610296556423884e+06 -1.810875393471040254e-07 2.586380650216957144e-06
2.452610296625823714e+06 -2.487651204316003473e-07 2.552075135985560740e-06
2.452610296695223544e+06 -6.638866379616420647e-08 2.526215381123722978e-06
2.452610296764623374e+06 -6.394673477239854299e-08 2.518009043355090349e-06
2.452610296834023204e+06 -3.428150064687239304e-08 2.511755926786956108e-06
2.452610296903423034e+06 2.358808377891712902e-07 2.538819636599676690e-06
2.452610296972822864e+06 2.001931837074568996e-07 2.595247306874686479e-06
2.452610297042222694e+06 2.443797528772448346e-07 2.657893644297344798e-06
2.452610297111622524e+06 8.696200727285868749e-08 2.713126367231765525e-06
2.452610297181022353e+06 -1.233956653294686893e-07 2.730409066479294655e-06
2.452610297250422183e+06 -1.461398726128215570e-07 2.721143880339109659e-06
2.452610297319822013e+06 -1.738612324447033803e-07 2.703658287385377159e-06
2.452610297389221843e+06 -3.010832459289693548e-08 2.696466429999581484e-06
2.452610297458621673e+06 -2.105864495941963568e-07 2.683036899367180415e-06
2.452610297528021503e+06 -3.019074823152866332e-07 2.635480796487162755e-06
2.452610297597421333e+06 -1.674945675252050516e-07 2.586794450061239569e-06
2.452610297666821163e+06 -1.421440426963090316e-08 2.565473581828504131e-06
2.452610297736220993e+06 2.046220555704298965e-07 2.584476906809957751e-06
2.452610297805620823e+06 2.370799532739581336e-07 2.634225263827509228e-06
2.452610297875020653e+06 -5.916993207797755329e-08 2.658197648289864585e-06
2.452610297944420483e+06 -2.107445989882114984e-07 2.632140015265660196e-06
2.452610298013820313e+06 -1.059242887593044498e-07 2.597215038388965588e-06
2.452610298083220143e+06 1.691533250823000509e-08 2.584468531077278071e-06
2.452610298152619973e+06 2.417455683970794843e-07 2.610377710714400568e-06
2.452610298222019803e+06 1.948607005963820915e-07 2.659467835437980420e-06
2.452610298291419633e+06 2.179314038103904613e-07 2.710745238771329941e-06
2.452610298360819463e+06 4.050461518909191582e-07 2.791463402507828746e-06
2.452610298430219293e+06 1.912062438168477698e-07 2.877110084717961749e-06
2.452610298499619123e+06 3.390896443183809376e-08 2.927956255034192168e-06
2.452610298569018953e+06 -3.991067892305561087e-09 2.960401496736404502e-06
2.452610298638418783e+06 -1.516592348163906272e-07 2.973415966737679178e-06
2.452610298707818612e+06 -8.283848450624592925e-08 2.977196759209360128e-06
2.452610298777218442e+06 -6.800858646828746291e-09 2.996683999431880201e-06
2.452610298846618272e+06 -7.074347312311535428e-09 3.025532460543929927e-06
2.452610298916018102e+06 2.702719283100650758e-08 3.059815247360619039e-06
2.452610298985417932e+06 -3.590615864993535004e-08 3.092745997030641775e-06
2.452610299054817762e+06 1.030356425006995637e-08 3.125471827293101727e-06
2.452610299124217592e+06 4.644358066035251940e-09 3.164510392608976823e-06
2.452610299193617422e+06 -1.590054455199933804e-07 3.186067858560928888e-06
2.452610299263017252e+06 -8.960930927284217775e-08 3.196856875860524270e-06
2.452610299332417082e+06 4.746942607861238989e-08 3.230570241089390328e-06
2.452610299401816912e+06 2.542574661403659735e-08 3.279022161786468497e-06
2.452610299471216742e+06 -7.321311028860421290e-08 3.316321001047843985e-06
2.452610299540616572e+06 -2.039230163055254433e-07 3.328500810650269900e-06
2.452610299610016402e+06 -1.454251350955969129e-07 3.330998902990535148e-06
2.452610299679416232e+06 -1.451165581125628434e-07 3.337966888557108193e-06
2.452610299748816062e+06 -2.356962080388372102e-07 3.332595952272154019e-06
2.452610299818215892e+06 -2.518658437646804864e-07 3.311660911150481933e-06
2.452610299887615722e+06 -1.326873682921869670e-07 3.297904386005395427e-06
2.452610299957015552e+06 -1.100714511178159186e-07 3.296717494874799387e-06
2.452610300026415382e+06 -1.683729068335589011e-07 3.288942753506842859e-06
2.452610300095815212e+06 -1.981553959820280491e-07 3.267851943731199005e-06
2.452610300165215041e+06 -5.822635663196798883e-08 3.255118833434594390e-06
2.452610300234614871e+06 1.685493305785090922e-07 3.281558687711274543e-06
2.452610300304014701e+06 1.908029014757406105e-07 3.337812543248015391e-06
2.452610300373414531e+06 4.132993614557582665e-08 3.383360714363066782e-06
2.452610300442814361e+06 4.349096492432108783e-09 3.410037091868278588e-06
2.452610300512214191e+06 -1.005958255558037468e-07 3.420882893858498203e-06
2.452610300581614021e+06 -5.154791027364897271e-08 3.424150128407771515e-06
2.452610300651013851e+06 1.220909067835417739e-07 3.451384566124416248e-06
2.452610300720413681e+06 2.911350517519891462e-08 3.488709746955926380e-06
2.452610300789813511e+06 -4.859396248602622734e-09 3.513064584575514569e-06
2.452610300859213341e+06 -1.531230758508644427e-07 3.516566380814729592e-06
2.452610300928613171e+06 -1.728581666836808882e-07 3.498607700972546535e-06
2.452610300998013001e+06 -2.222047293605036742e-07 3.468424907279223078e-06
2.452610301067412831e+06 -2.983696468094148680e-07 3.418292583932434453e-06
2.452610301136812661e+06 -1.998203005149359207e-07 3.363428972783996668e-06
2.452610301206212491e+06 -8.561696682045060562e-09 3.334635134530510696e-06
2.452610301275612321e+06 2.111342531941259832e-07 3.349049912023302552e-06
2.452610301345012151e+06 1.156076914813735515e-07 3.378199350044314308e-06
2.452610301414411981e+06 -1.501185622477351292e-08 3.383030405763464378e-06
2.452610301483811811e+06 -2.363940100831469534e-07 3.346312117468250674e-06
2.452610301553211641e+06 -2.907738978257535777e-07 3.272518012503019535e-06
2.452610301622611471e+06 1.090459345793950549e-07 3.230015178750218133e-06
2.452610301692011300e+06 -1.650202182829094557e-07 3.197010750939080315e-06
2.452610301761411130e+06 -2.916477420561868279e-07 3.113661392026593516e-06
2.452610301830810960e+06 1.810112376247934104e-07 3.061484082110361934e-06
2.452610301900210790e+06 8.744055817241744416e-09 3.038920948175734774e-06
2.452610301969610620e+06 -9.401314212944034082e-08 2.982637688086339719e-06
2.452610302039010450e+06 1.519029367412794410e-07 2.937756338933934577e-06
2.452610302108410280e+06 2.303582231213732490e-07 2.926837767240299827e-06
2.452610302177810110e+06 4.496040965015298472e-08 2.903708174637758257e-06
2.452610302247209940e+06 -1.179878131490860779e-07 2.839172052719832432e-06
2.452610302316609770e+06 3.930618972868974440e-08 2.768754537265236728e-06
2.452610302386009600e+06 1.764170193950519845e-07 2.726980285092470857e-06
2.452610302455409430e+06 2.988190324014036801e-07 2.713204435953979132e-06
2.452610302524809260e+06 3.153588365714904816e-07 2.716658449283447837e-06
2.452610302594209090e+06 1.385577235672528992e-07 2.704575955367588192e-06
2.452610302663608920e+06 9.217182807353061038e-08 2.668041535586777115e-06
2.452610302733008750e+06 3.892009807511128972e-07 2.659542360550304218e-06
2.452610302802408580e+06 3.150791211135479702e-07 2.679038163407433588e-06
2.452610302871808410e+06 -1.196081395232847185e-08 2.657150187583047066e-06
2.452610302941208240e+06 4.015187640114056439e-08 2.604065116073921269e-06
2.452610303010608070e+06 1.718629683621419004e-08 2.551847061065616893e-06
2.452610303080007900e+06 2.072758410966137045e-08 2.495163774552985396e-06
2.452610303149407730e+06 2.180515132203766180e-07 2.459317034780458344e-06
2.452610303218807559e+06 2.680484609130912405e-07 2.452148306735488337e-06
2.452610303288207389e+06 2.486653271198145097e-07 2.451707354086096623e-06
2.452610303357607219e+06 2.374548290078536559e-07 2.451633935991882275e-06
2.452610303427007049e+06 2.235907099164585304e-07 2.452598885783042689e-06
2.452610303496406879e+06 4.528377231591306728e-07 2.482605774645418926e-06
2.452610303565806709e+06 3.690089518665302163e-07 2.536604529194624673e-06
2.452610303635206539e+06 1.861474251914866330e-07 2.569170344709593699e-06
2.452610303704606369e+06 2.730322177355308526e-07 2.597575295784683463e-06
2.452610303774006199e+06 1.455359827646415243e-07 2.627615674228944056e-06
2.452610303843406029e+06 4.060755420388558057e-08 2.637020798214014065e-06
2.452610303912805859e+06 1.539534667647522712e-07 2.651348354488636571e-06
2.452610303982205689e+06 2.320979251887132339e-07 2.692252796362399991e-06
2.452610304051605519e+06 6.104091250219013341e-08 2.729415466705210048e-06
2.452610304121005349e+06 -2.627250522144701403e-07 2.715531486422675960e-06
2.452610304190405179e+06 -1.262910535583268852e-07 2.680594537930938116e-06
2.452610304259805009e+06 1.275228955405367349e-07 2.689344050005371612e-06
2.452610304329204839e+06 1.565331722747951217e-07 2.734004552630858273e-06
2.452610304398604669e+06 -8.743679514987921253e-08 2.760494401418670169e-06
2.452610304468004499e+06 -2.207433491070293383e-07 2.747754483012331457e-06
2.452610304537404329e+06 1.759705931990692471e-08 2.747366439323862693e-06
2.452610304606804159e+06 -9.784126921169785146e-08 2.762658111677574709e-06
2.452610304676203988e+06 -2.676826076234276371e-07 2.747812173713062597e-06
2.452610304745603818e+06 -2.047382805773958109e-07 2.720144149124258429e-06
2.452610304815003648e+06 -2.456498245467711787e-08 2.718856625445252207e-06
2.452610304884403478e+06 -6.757752695384200110e-08 2.734464379524258647e-06
2.452610304953803308e+06 -3.556312395461102620e-07 2.714319891873577951e-06
2.452610305023203138e+06 -2.157358599242973720e-07 2.675669201099905462e-06
2.452610305092602968e+06 -1.785505192364629030e-07 2.654257736219574808e-06
2.452610305162002798e+06 -8.011074014948234131e-08 2.647158916271659858e-06
2.452610305231402628e+06 -1.608160823406768187e-07 2.642200877160957423e-06
2.452610305300802458e+06 -1.523534771331405009e-07 2.629099588726399512e-06
2.452610305370202288e+06 -1.127454731607280520e-07 2.620875375316106242e-06
2.452610305439602118e+06 -1.236540497973403788e-07 2.615757183917388580e-06
2.452610305509001948e+06 -7.915215223088928503e-08 2.614584839285957563e-06
2.452610305578401778e+06 -7.920250512940131824e-08 2.618969892878392950e-06
2.452610305647801608e+06 -3.038868365282778930e-07 2.598174268548119045e-06
2.452610305717201438e+06 -4.759190038371664155e-07 2.529437151553948177e-06
2.452610305786601268e+06 -1.933984569304956916e-07 2.466500710731384838e-06
2.452610305856001098e+06 -1.630052721629543790e-08 2.450686924930034654e-06
2.452610305925400928e+06 -6.445722655229505363e-08 2.448808926196691364e-06
2.452610305994800758e+06 -9.647084836142040415e-08 2.438072931136299206e-06
2.452610306064200588e+06 -1.402492247608867776e-07 2.417978915030017403e-06
2.452610306133600418e+06 3.692489154075279154e-08 2.411780693368154916e-06
2.452610306203000247e+06 1.715467883153985473e-08 2.423757971251893296e-06
2.452610306272400077e+06 -4.262078432646863877e-08 2.428305000313862591e-06
2.452610306341799907e+06 -1.159042123007391719e-07 2.418303931183399324e-06
2.452610306411199737e+06 -2.543243099296180019e-07 2.382984996161572473e-06
2.452610306480599567e+06 -5.451481625655119495e-08 2.351311891744266126e-06
2.452610306549999397e+06 7.771465658458245300e-09 2.347039091515217282e-06
2.452610306619399227e+06 -1.652859807851636379e-08 2.347138149068578906e-06
2.452610306688799057e+06 -2.639358479965861392e-08 2.343658969582782625e-06
2.452610306758198887e+06 -1.355683336888697709e-07 2.326308618141891776e-06
2.452610306827598717e+06 -7.721241528296212931e-08 2.301479086987656992e-06
2.452610306896998547e+06 -2.759345113752241228e-08 2.286812745977886229e-06
2.452610306966398377e+06 -1.149487493604899252e-07 2.266521444992493167e-06
2.452610307035798207e+06 -3.770615342171637583e-07 2.203822347761814485e-06
2.452610307105198037e+06 -2.241852807966347271e-07 2.122096387555357258e-06
2.452610307174597867e+06 1.364787208819975714e-07 2.091793070060601910e-06
2.452610307243997697e+06 2.230269636396002437e-07 2.110980027655588532e-06
2.452610307313397527e+06 7.307425358290107611e-08 2.125759443217477392e-06
2.452610307382797357e+06 -9.655489851742776486e-08 2.105822450589834079e-06
2.452610307452197187e+06 -6.060850748109404971e-08 2.068949486577240191e-06
2.452610307521597017e+06 9.437428093622611727e-08 2.051051790033055429e-06
2.452610307590996847e+06 1.110121199469518256e-08 2.040424471427191242e-06
2.452610307660396677e+06 -1.702706093613816183e-07 1.998837834701000286e-06
2.452610307729796506e+06 -1.678243390322157798e-07 1.932943755402611024e-06
2.452610307799196336e+06 1.314184753382073602e-07 1.896062077305429403e-06
2.452610307868596166e+06 3.202766695781470963e-07 1.913156601952949936e-06
2.452610307937995996e+06 3.349035847580481579e-08 1.922090278703805477e-06
2.452610308007395826e+06 1.409644286142252882e-07 1.912461701436327625e-06
2.452610308076795656e+06 4.453599404961924362e-07 1.950856298548726053e-06
2.452610308146195486e+06 2.655920615819627709e-07 2.009075944251342567e-06
2.452610308215595316e+06 2.024065040380583165e-09 2.023139959274838851e-06
2.452610308284995146e+06 -2.052624699890115404e-08 2.006327561481790315e-06
2.452610308354394976e+06 6.672262822005898286e-08 1.995970301743181816e-06
2.452610308423794806e+06 -1.389929298855009351e-07 1.971520680498197826e-06
2.452610308493194636e+06 -1.301836578948534590e-07 1.922369984586744774e-06
2.452610308562594466e+06 9.398418066591305103e-08 1.895837582145060829e-06
2.452610308631994296e+06 -1.735175497943027219e-07 1.862421969251470231e-06
2.452610308701394126e+06 -1.565708084796672650e-07 1.797408582175747204e-06
2.452610308770793956e+06 -2.704588829510620089e-07 1.715355588831270470e-06
2.452610308840193786e+06 -3.113370718814349753e-07 1.607955422160475021e-06
2.452610308909593616e+06 1.161205174290412919e-07 1.535635481904004619e-06
2.452610308978993446e+06 2.179195669037823506e-07 1.519107715967668992e-06
2.452610309048393276e+06 1.935768714715107853e-07 1.512166851827436661e-06
2.452610309117793106e+06 2.496909192669679564e-07 1.510603431303645899e-06
2.452610309187192935e+06 4.932988568871892798e-08 1.494588404830435891e-06
2.452610309256592765e+06 -3.317147873131966768e-07 1.411833828740428212e-06
2.452610309325992595e+06 -1.090371279775702499e-07 1.304364002375590317e-06
2.452610309395392425e+06 1.118171796496654317e-07 1.239706289244197918e-06
2.452610309464792255e+06 -3.743199838194273997e-08 1.179661019817646258e-06
2.452610309534192085e+06 3.311906610968340956e-08 1.107515652856995124e-06
2.452610309603591915e+06 2.211079114560066906e-07 1.061347681265564486e-06
2.452610309672991745e+06 4.379802707620817714e-07 1.061187297764786343e-06
2.452610309742391575e+06 4.948600894337433153e-07 1.096902787673860959e-06
