2.452556228080200031e+06 0.000000000000000000e+00 0.000000000000000000e+00
2.452556228149599861e+06 -1.327495087662705357e-07 -1.540980992056617929e-08
2.452556228218999691e+06 1.010692841140354777e-07 -2.073477021071375869e-08
2.452556228288399521e+06 1.749518849118101161e-08 -9.130335195557111031e-09
2.452556228357799351e+06 6.069621557955529702e-08 -8.920959948780412100e-10
2.452556228427199181e+06 -3.655228393018205321e-07 -3.619645466146377253e-08
2.452556228496599011e+06 -2.656678169249674838e-07 -1.131526832129158354e-07
2.452556228565998841e+06 -5.983986898825566295e-08 -1.627123764848152907e-07
2.452556228635398671e+06 -3.369633988205910129e-08 -1.902102059376028283e-07
2.452556228704798501e+06 2.126160506088856162e-08 -2.106030677372645726e-07
2.452556228774198331e+06 9.372238541861162748e-08 -2.176365605199447663e-07
2.452556228843598161e+06 1.255085882186283590e-08 -2.255928495203952138e-07
2.452556228912997991e+06 2.933057386098126306e-08 -2.409935434100812378e-07
2.452556228982397821e+06 9.115333975806580239e-08 -2.479939238604201729e-07
2.452556229051797651e+06 6.391219762711915636e-08 -2.507387170926804776e-07
2.452556229121197481e+06 1.137605501640835606e-07 -2.501288473562115303e-07
2.452556229190597311e+06 -3.214304890675702938e-08 -2.595646176047243981e-07
2.452556229259997141e+06 -4.788340642698658537e-08 -2.877335768981775888e-07
2.452556229329396971e+06 8.146204555805298933e-08 -3.046522811658110743e-07
2.452556229398796801e+06 -4.859562765776826335e-08 -3.222846304146364034e-07
2.452556229468196630e+06 -3.036540036073705448e-07 -3.852677741906217274e-07
2.452556229537596460e+06 1.541810622278969633e-08 -4.462514732046079143e-07
2.452556229606996290e+06 -2.078597655074860833e-07 -5.011005604703214764e-07
2.452556229676396120e+06 -1.654977041805548159e-07 -5.810518315690289019e-07
2.452556229745795950e+06 -2.418147539255772031e-07 -6.715217101179588965e-07
2.452556229815195780e+06 -4.880709002911424670e-08 -7.558443046026771961e-07
2.452556229884595610e+06 1.050400082339986209e-08 -8.172725547130497642e-07
2.452556229953995440e+06 1.081788488081801779e-07 -8.640993247234794256e-07
2.452556230023395270e+06 -1.676466472410141813e-08 -9.159111775633136319e-07
2.452556230092795100e+06 1.289533649247724138e-07 -9.674803686457230636e-07
2.452556230162194930e+06 1.893832987296885082e-08 -1.016849964030174627e-06
2.452556230231594760e+06 1.478082315602388806e-07 -1.065547550814901509e-06
2.452556230300994590e+06 5.596364412724784365e-08 -1.111211753836877249e-06
2.452556230370394420e+06 3.440211404867168697e-07 -1.134866723211617439e-06
2.452556230439794250e+06 3.844569669784186052e-07 -1.118648022407474622e-06
2.452556230509194080e+06 2.722192891868714030e-07 -1.104692315429773672e-06
2.452556230578593910e+06 2.834188145230202052e-07 -1.096726293702901186e-06
2.452556230647993740e+06 4.249634770169669979e-07 -1.066025653487275004e-06
2.452556230717393570e+06 1.099836417513795766e-07 -1.048106811518628750e-06
2.452556230786793400e+06 2.160116100317910758e-08 -1.071205209704305943e-06
2.452556230856193230e+06 4.112918082159202320e-08 -1.101017429587454128e-06
2.452556230925593060e+06 1.511427781342117427e-07 -1.115227077414864878e-06
2.452556230994992889e+06 2.822996919444732591e-07 -1.099181990356270626e-06
2.452556231064392719e+06 8.390012955125030762e-08 -1.085483955893250403e-06
2.452556231133792549e+06 1.948755340291656484e-08 -1.097239181392063802e-06
2.452556231203192379e+06 1.135108229981703390e-07 -1.103375560913385867e-06
2.452556231272592209e+06 -9.744351929597297661e-08 -1.120365329074275700e-06
2.452556231341992039e+06 1.918103644508516746e-07 -1.126792029078240376e-06
2.452556231411391869e+06 2.318713826482995972e-07 -1.092436217556242614e-06
2.452556231480791699e+06 2.755036041893291181e-07 -1.041539575233024258e-06
2.452556231550191529e+06 2.691050149545568691e-07 -9.779725005509246065e-07
2.452556231619591359e+06 1.627474880021979097e-07 -9.181062758917113353e-07
2.452556231688991189e+06 -6.173700869332442746e-09 -8.815726353910628313e-07
2.452556231758391019e+06 1.385082052890449783e-07 -8.420889548358960614e-07
2.452556231827790849e+06 -9.551644327176252599e-08 -8.071793066851683154e-07
2.452556231897190679e+06 1.087522080608082241e-07 -7.707110387457552334e-07
2.452556231966590509e+06 6.574679652903430191e-09 -7.174920907463514471e-07
2.452556232035990339e+06 9.870833228288921770e-08 -6.590342316483716807e-07
2.452556232105390169e+06 1.020512202194993858e-07 -5.828768879509934028e-07
2.452556232174789999e+06 -2.290811591175412064e-07 -5.366304757171782279e-07
2.452556232244189829e+06 4.210209568989667816e-08 -4.928376881656362229e-07
2.452556232313589659e+06 -1.299431020717835413e-07 -4.336189748156249903e-07
2.452556232382989489e+06 -9.106132902755707833e-08 -3.846041216213542099e-07
2.452556232452389318e+06 -1.407734985291051318e-07 -3.330504604099777196e-07
2.452556232521789148e+06 -5.414714262541930740e-09 -2.678132122574440363e-07
2.452556232591188978e+06 -2.178005522371299395e-07 -2.066436247355534256e-07
2.452556232660588808e+06 -2.465014697544269663e-07 -1.693981074999812449e-07
2.452556232729988638e+06 -1.133258747744443128e-07 -1.188787600194717835e-07
2.452556232799388468e+06 -3.275738514220183447e-07 -7.546755338712771751e-08
2.452556232868788298e+06 -6.161143381293369968e-07 -8.918175609581819251e-08
2.452556232938188128e+06 -3.215150621270172134e-07 -1.073303512487692868e-07
2.452556233007587958e+06 -2.699972228808216642e-07 -9.095890016363124945e-08
2.452556233076987788e+06 -2.738091326980952954e-07 -7.103125112538772302e-08
2.452556233146387618e+06 -4.603232840051298266e-07 -7.492778709924141347e-08
2.452556233215787448e+06 -6.656129489484842961e-07 -1.287161108949282412e-07
2.452556233285187278e+06 -3.506243735243856899e-07 -1.795482225111106376e-07
2.452556233354587108e+06 -4.932560453443607262e-07 -2.196682149580494139e-07
2.452556233423986938e+06 -3.676675217360256432e-07 -2.697444556474775892e-07
2.452556233493386768e+06 -5.815411433089535951e-07 -3.389640124782738260e-07
2.452556233562786598e+06 -2.574152559322638684e-07 -4.061294316274848115e-07
2.452556233632186428e+06 -1.592400374896846927e-07 -4.345155651723069443e-07
2.452556233701586258e+06 -2.400358161567835623e-07 -4.666922488147070009e-07
2.452556233770986088e+06 9.989452826514941405e-08 -4.748469418658667393e-07
2.452556233840385918e+06 5.499404379057847407e-09 -4.578150601920642241e-07
2.452556233909785748e+06 -5.399133903589392349e-08 -4.591786378877149788e-07
2.452556233979185577e+06 -1.340582274867913945e-07 -4.792421635722433425e-07
2.452556234048585407e+06 -1.648422725003694888e-07 -5.166044098148907596e-07
2.452556234117985237e+06 1.849001712501642918e-08 -5.423981233013405011e-07
2.452556234187385067e+06 4.729945358830995062e-08 -5.482585772948786257e-07
2.452556234256784897e+06 1.660536976925911720e-08 -5.567267948611624098e-07
2.452556234326184727e+06 1.846828851154346227e-07 -5.518137806172341427e-07
2.452556234395584557e+06 1.939449176753271371e-07 -5.273385150831078773e-07
2.452556234464984387e+06 6.871413917531361562e-08 -5.151941412272663342e-07
2.452556234534384217e+06 4.753656275177860327e-08 -5.202431233657756717e-07
2.452556234603784047e+06 2.739877848290641909e-07 -5.034663271639534558e-07
2.452556234673183877e+06 1.616019426422729974e-07 -4.730204455141304795e-07
2.452556234742583707e+06 2.003162491291886795e-07 -4.492200408519129502e-07
2.452556234811983537e+06 3.807460687863921434e-09 -4.425762962641373716e-07
2.452556234881383367e+06 4.989974044147091850e-08 -4.540798622242603134e-07
2.452556234950783197e+06 -3.993832007946640049e-09 -4.690652640431959572e-07
2.452556235020183027e+06 -1.286544776822136682e-07 -5.076061243924982321e-07
2.452556235089582857e+06 9.618550235710932076e-08 -5.397287661300921375e-07
2.452556235158982687e+06 4.023850786559553421e-08 -5.565428369606821603e-07
2.452556235228382517e+06 -5.476425379185089924e-08 -5.933308244911418945e-07
2.452556235297782347e+06 5.456717462147272950e-08 -6.328874941760418881e-07
2.452556235367182177e+06 4.909021294154870799e-08 -6.648853148437675973e-07
2.452556235436582007e+06 -1.690166350364462644e-09 -7.068575908874107538e-07
2.452556235505981836e+06 6.925534632090519993e-08 -7.507806452195828764e-07
2.452556235575381666e+06 1.322852325724567263e-07 -7.833944397345157751e-07
2.452556235644781496e+06 1.025529427936762441e-07 -8.149106703693527181e-07
2.452556235714181326e+06 3.848354859476152282e-07 -8.195362834487500696e-07
2.452556235783581156e+06 2.086879597567438731e-07 -8.111733230899158966e-07
2.452556235852980986e+06 2.882752502259128580e-07 -8.118461317024020198e-07
2.452556235922380816e+06 3.531590622854816082e-07 -7.944791387537865850e-07
2.452556235991780646e+06 2.326017712848867704e-07 -7.802872274327902210e-07
2.452556236061180476e+06 1.683850448590574364e-07 -7.845796527582487107e-07
2.452556236130580306e+06 1.754195210498202293e-07 -7.945003409411797492e-07
2.452556236199980136e+06 4.025310346078365445e-07 -7.767488405968168119e-07
2.452556236269379966e+06 3.255081166952818094e-07 -7.380229296501740442e-07
2.452556236338779796e+06 2.475327167986333780e-07 -7.115016313890820157e-07
2.452556236408179626e+06 3.705590295155098921e-07 -6.753596641157424259e-07
2.452556236477579456e+06 1.684692055131453713e-07 -6.430306744819224836e-07
2.452556236546979286e+06 2.762143356185582094e-07 -6.167937434528510558e-07
2.452556236616379116e+06 1.537629700323306344e-07 -5.881460088728813823e-07
2.452556236685778946e+06 6.543282823532441305e-08 -5.796641651579637680e-07
2.452556236755178776e+06 1.530821137158174655e-07 -5.692029754944180880e-07
2.452556236824578606e+06 1.891209729115067336e-07 -5.421305239687495064e-07
2.452556236893978436e+06 2.339034322892135820e-07 -5.016733447413982761e-07
2.452556236963378266e+06 1.758039243975740906e-08 -4.757864925795718461e-07
2.452556237032778095e+06 -3.710589610348370407e-08 -4.777202292698184302e-07
2.452556237102177925e+06 -1.477465637455362275e-07 -4.982776567699057332e-07
2.452556237171577755e+06 -2.412510733694278556e-07 -5.439510549738743399e-07
2.452556237240977585e+06 -8.612574286723227783e-08 -5.864998641236515113e-07
2.452556237310377415e+06 8.620632581086434809e-08 -5.945596540353061998e-07
2.452556237379777245e+06 -6.361364033448151275e-08 -5.996778446445658625e-07
2.452556237449177075e+06 1.992323575691781801e-07 -5.909959336158219656e-07
2.452556237518576905e+06 4.093631338865097684e-08 -5.679984287124102083e-07
2.452556237587976735e+06 -7.064751514896441472e-08 -5.726496467576933339e-07
2.452556237657376565e+06 -3.630936115063494009e-08 -5.856323692015896603e-07
2.452556237726776395e+06 -1.058736498476520386e-08 -5.918881872470803868e-07
2.452556237796176225e+06 1.844562668832938251e-07 -5.720031341226373740e-07
2.452556237865576055e+06 1.395618529285424530e-08 -5.459469764095282313e-07
2.452556237934975885e+06 7.550613367816086933e-08 -5.286433370925255208e-07
2.452556238004375715e+06 1.554656597384004468e-07 -4.920696545734310885e-07
2.452556238073775545e+06 1.245525213215568743e-08 -4.579994944281814174e-07
2.452556238143175375e+06 6.766568431423357689e-08 -4.297378548511931293e-07
2.452556238212575205e+06 -6.480162876293837876e-08 -4.068425921633469566e-07
2.452556238281975035e+06 5.307344918236339010e-08 -3.827568381978007605e-07
2.452556238351374865e+06 -4.967573805468862612e-08 -3.540305537536172258e-07
2.452556238420774695e+06 -8.434718539786825336e-08 -3.380094182412399071e-07
2.452556238490174524e+06 -5.484411040860778711e-08 -3.208532657005487663e-07
2.452556238559574354e+06 -3.085474254421880145e-07 -3.279745560856801366e-07
2.452556238628974184e+06 -1.931745720225985911e-07 -3.521138439007059429e-07
2.452556238698374014e+06 -3.719203296866682626e-07 -3.864113692226398244e-07
2.452556238767773844e+06 -1.551057034667887604e-07 -4.201331546589949121e-07
2.452556238837173674e+06 -7.665808496254698363e-08 -4.232753772420230163e-07
2.452556238906573504e+06 -2.756573574173229316e-07 -4.407478993599280969e-07
2.452556238975973334e+06 -3.958291663496818924e-07 -4.971606719835658026e-07
2.452556239045373164e+06 -3.777578866295845783e-07 -5.714467101589661426e-07
2.452556239114772994e+06 -2.096493592545358148e-07 -6.318724610012362312e-07
2.452556239184172824e+06 -2.771902411228822294e-07 -6.866409704074932418e-07
2.452556239253572654e+06 -3.992997067799313423e-07 -7.686287911478744590e-07
2.452556239322972484e+06 -3.833573802419676519e-07 -8.708647363176322515e-07
2.452556239392372314e+06 -2.678914323069200113e-07 -9.676401364710487513e-07
2.452556239461772144e+06 -2.153559450038252258e-07 -1.053747245171072843e-06
2.452556239531171974e+06 -1.065998884322833497e-07 -1.128462966164465417e-06
2.452556239600571804e+06 -1.040660898763832267e-07 -1.196048653190316713e-06
2.452556239669971634e+06 -5.320519209414877150e-08 -1.262179049169417477e-06
2.452556239739371464e+06 -5.500437911539251513e-08 -1.326945701146560658e-06
2.452556239808771294e+06 -1.123858540772358798e-08 -1.390778414531016530e-06
2.452556239878171124e+06 9.750415249746796186e-08 -1.440505584775074264e-06
2.452556239947570954e+06 1.467530712220895871e-07 -1.473749991021972185e-06
2.452556240016970783e+06 -5.694042314862916722e-08 -1.524842128400662179e-06
2.452556240086370613e+06 2.601830645151862323e-07 -1.564487235020764990e-06
2.452556240155770443e+06 2.002384934453674730e-07 -1.574608061251013605e-06
2.452556240225170273e+06 7.184479194643491258e-08 -1.603646503562873521e-06
2.452556240294570103e+06 1.721263996059797388e-07 -1.635025595626896502e-06
2.452556240363969933e+06 2.144193479208859060e-07 -1.649120663320784409e-06
2.452556240433369763e+06 2.099894738168394888e-07 -1.656176070124698638e-06
2.452556240502769593e+06 3.599398751741036011e-07 -1.642950869359633626e-06
2.452556240572169423e+06 4.379655288533012830e-07 -1.597748730577523497e-06
2.452556240641569253e+06 3.407053553727688999e-07 -1.545975864845916990e-06
2.452556240710969083e+06 4.102008097251827880e-07 -1.488178512022431528e-06
2.452556240780368913e+06 4.272121392320187377e-07 -1.410743458625862681e-06
2.452556240849768743e+06 2.554378628681280809e-07 -1.339908291586818053e-06
2.452556240919168573e+06 3.274074123982462784e-07 -1.270413563403638635e-06
2.452556240988568403e+06 2.436393865369580339e-07 -1.192587654455303635e-06
2.452556241057968233e+06 1.460586450899571825e-07 -1.125626151040063139e-06
2.452556241127368063e+06 1.898266764597773046e-07 -1.056328638932421140e-06
2.452556241196767893e+06 -9.069901459983204107e-08 -1.006089920621737065e-06
2.452556241266167723e+06 2.826341757940354401e-08 -9.686389417133457836e-07
2.452556241335567553e+06 -3.674668901767571303e-08 -9.206759978935342031e-07
2.452556241404967383e+06 -1.557619214993754143e-07 -8.890034908406084543e-07
2.452556241474367213e+06 -3.267851678005036486e-08 -8.538662847012533646e-07
2.452556241543767042e+06 -1.219106901292836175e-07 -8.117100653413455739e-07
2.452556241613166872e+06 -3.199356884666472524e-07 -7.993403552841551754e-07
2.452556241682566702e+06 -1.013183670951077468e-07 -7.845080273615038861e-07
2.452556241751966532e+06 -1.538292033205537582e-07 -7.502433019461058218e-07
2.452556241821366362e+06 -2.761193380363227259e-07 -7.342273660490153135e-07
2.452556241890766192e+06 -3.166008008284369804e-07 -7.372650297180992900e-07
2.452556241960166022e+06 -3.236443224289562908e-07 -7.481905480309860608e-07
2.452556242029565852e+06 -2.381497818312284487e-07 -7.533186373363253413e-07
2.452556242098965682e+06 -3.532835982032730046e-07 -7.646314034969010183e-07
2.452556242168365512e+06 -2.408996044705595579e-07 -7.797339187583127373e-07
2.452556242237765342e+06 -1.813183089040266063e-07 -7.787820670098742038e-07
2.452556242307165172e+06 -2.205259084056785778e-07 -7.776639463229999842e-07
2.452556242376565002e+06 -2.069196046984214621e-07 -7.817563041695109532e-07
2.452556242445964832e+06 -1.853295433492246324e-07 -7.846091007370200437e-07
2.452556242515364662e+06 -2.201816026031639740e-07 -7.917381303088291792e-07
2.452556242584764492e+06 6.403537243879123396e-08 -7.731342092864867228e-07
2.452556242654164322e+06 -9.340068574532496241e-08 -7.402722528262614368e-07
2.452556242723564152e+06 -1.958313046752649550e-07 -7.365960908047690432e-07
2.452556242792963982e+06 -2.744575124308906481e-07 -7.562121216445824223e-07
2.452556242862363812e+06 -4.472973417233953376e-07 -8.098053805240083497e-07
2.452556242931763642e+06 -2.879363397942484253e-07 -8.733096754819374098e-07
2.452556243001163471e+06 -3.565999498228148233e-07 -9.354819874635245573e-07
2.452556243070563301e+06 -5.966196196044104966e-08 -9.799505754739057273e-07
2.452556243139963131e+06 -1.065384185519558034e-07 -1.002027424364149476e-06
2.452556243209362961e+06 -3.109192703574416632e-08 -1.024819601792475948e-06
2.452556243278762791e+06 1.512479841408569804e-08 -1.037463876684851607e-06
2.452556243348162621e+06 7.590860457935212732e-08 -1.040437412713118309e-06
2.452556243417562451e+06 1.167001193894993800e-07 -1.033230589811475365e-06
2.452556243486962281e+06 3.328209216740056667e-08 -1.031423005117159164e-06
2.452556243556362111e+06 1.877387872716292315e-07 -1.022363645704704193e-06
2.452556243625761941e+06 1.598577680444241848e-07 -9.987765919246158408e-07
2.452556243695161771e+06 2.759685845035318124e-07 -9.635330183720506346e-07
2.452556243764561601e+06 1.923984564610766804e-07 -9.218793197112953467e-07
2.452556243833961431e+06 5.756092618702151107e-08 -9.023345273171242827e-07
2.452556243903361261e+06 4.129749325460594518e-08 -8.995498468441529315e-07
2.452556243972761091e+06 4.586327386248189794e-08 -8.991551772990883268e-07
2.452556244042160921e+06 4.528874703080552769e-08 -8.995417863983093955e-07
2.452556244111560751e+06 -1.536447651745085782e-07 -9.243614407648679811e-07
2.452556244180960581e+06 -7.544067538842938381e-08 -9.670218147653543563e-07
2.452556244250360411e+06 3.818598238367786333e-08 -9.929937236525190891e-07
2.452556244319760241e+06 -4.951489842726161418e-08 -1.019525624845778630e-06
2.452556244389160071e+06 -1.171884526177676002e-07 -1.067553783636882920e-06
2.452556244458559901e+06 3.338065045720370239e-08 -1.111542824071641398e-06
2.452556244527959730e+06 1.558697520795672765e-08 -1.145012354626863220e-06
2.452556244597359560e+06 2.709318879900746510e-07 -1.154427358760780687e-06
2.452556244666759390e+06 3.346789750849272992e-07 -1.127539377120060369e-06
2.452556244736159220e+06 1.369894594158372009e-07 -1.112934323547332638e-06
2.452556244805559050e+06 3.233383629102703322e-07 -1.097710254961197129e-06
2.452556244874958880e+06 1.752400583727466669e-07 -1.076021141603665644e-06
2.452556244944358710e+06 9.459590496283831705e-08 -1.078152372880499356e-06
2.452556245013758540e+06 8.402935013666883218e-09 -1.099476545391456445e-06
2.452556245083158370e+06 -1.958763412881235569e-08 -1.135860509664836162e-06
2.452556245152558200e+06 -1.491055480825460210e-07 -1.193800038700989050e-06
2.452556245221958030e+06 -5.021806918600343797e-08 -1.260670856006355083e-06
2.452556245291357860e+06 7.448799095452330942e-08 -1.307633780888240800e-06
2.452556245360757690e+06 1.752858318492306746e-07 -1.332018620169184146e-06
2.452556245430157520e+06 8.245588821635709434e-08 -1.356415231675538346e-06
2.452556245499557350e+06 4.427821276876111009e-08 -1.396794322244863948e-06
2.452556245568957180e+06 2.929988467738597124e-10 -1.449034946259590552e-06
2.452556245638357010e+06 1.766230080242577087e-07 -1.489288746690360354e-06
2.452556245707756840e+06 3.602118448606528529e-07 -1.489598607098647813e-06
2.452556245777156670e+06 1.466725392326302945e-07 -1.490739124387167767e-06
2.452556245846556500e+06 2.922857876421395377e-07 -1.497149548462655097e-06
2.452556245915956330e+06 4.139143178581960159e-07 -1.470433898693317508e-06
2.452556245985356160e+06 2.965777657119969613e-07 -1.437510149794365997e-06
2.452556246054755989e+06 2.678045037562470348e-07 -1.415241217671329654e-06
2.452556246124155819e+06 1.628259707836668645e-07 -1.403433492796630175e-06
2.452556246193555649e+06 2.929234120551192339e-07 -1.384835779345713472e-06
2.452556246262955479e+06 2.889170386658365834e-07 -1.347042811394913392e-06
2.452556246332355309e+06 5.310611394027182491e-08 -1.330551887411035525e-06
2.452556246401755139e+06 1.411660690182376455e-07 -1.327106824992626631e-06
2.452556246471154969e+06 8.895372890396455584e-08 -1.316872259152906495e-06
2.452556246540554799e+06 1.347583396671780015e-07 -1.304066379675790888e-06
2.452556246609954629e+06 -1.033996869148286292e-07 -1.310067609301726357e-06
2.452556246679354459e+06 3.406131369603753899e-08 -1.326329531382193956e-06
2.452556246748754289e+06 7.388059750864301239e-08 -1.321697269338516005e-06
2.452556246818154119e+06 5.687964048988902727e-09 -1.317789454291543421e-06
2.452556246887553949e+06 4.946155097613087188e-08 -1.314283951383860481e-06
2.452556246956953779e+06 -8.228809668842901191e-08 -1.318661866753729432e-06
2.452556247026353609e+06 1.330971704079551270e-08 -1.325812235228529164e-06
2.452556247095753439e+06 1.007264861029877822e-08 -1.321148976411147396e-06
2.452556247165153269e+06 -5.199782153439765841e-08 -1.321738647150221602e-06
2.452556247234553099e+06 2.542276014367541100e-08 -1.318853272810057304e-06
2.452556247303952929e+06 3.235052748694497523e-08 -1.304168517872978180e-06
2.452556247373352759e+06 1.579692263989173307e-09 -1.289053960210952428e-06
2.452556247442752589e+06 -5.753865263511350767e-08 -1.281249363625342753e-06
2.452556247512152418e+06 -4.545036603285046312e-08 -1.276685334453318422e-06
2.452556247581552248e+06 -2.280505896799301085e-08 -1.266317136757415551e-06
2.452556247650952078e+06 2.237794179061465152e-07 -1.222393523717183058e-06
2.452556247720351908e+06 -2.614918635612624894e-08 -1.173081379429433362e-06
2.452556247789751738e+06 -1.436741482265424566e-07 -1.160312804802882836e-06
2.452556247859151568e+06 -7.733569703917732305e-08 -1.151549183310686721e-06
2.452556247928551398e+06 2.397746824948312728e-10 -1.124706005335840601e-06
2.452556247997951228e+06 -1.817701523254507457e-07 -1.106799087236444491e-06
2.452556248067351058e+06 -1.822731919955379251e-07 -1.108034707783037945e-06
2.452556248136750888e+06 -1.376077374512078560e-07 -1.104301496509734775e-06
2.452556248206150718e+06 -1.024940919136157889e-07 -1.091016476229693590e-06
2.452556248275550548e+06 -7.577186475952078024e-08 -1.069340037566162057e-06
2.452556248344950378e+06 -5.638056922096415353e-08 -1.040332667287085551e-06
2.452556248414350208e+06 -1.598098584702741356e-07 -1.018481854615055293e-06
2.452556248483750038e+06 -2.286165138865902282e-07 -1.014981072841376856e-06
2.452556248553149868e+06 -1.667577248567493099e-07 -1.012768431300678493e-06
2.452556248622549698e+06 -1.176675307786740475e-07 -9.983888572579244621e-07
2.452556248691949528e+06 -2.116239466968085891e-07 -9.887132734117811812e-07
2.452556248761349358e+06 -1.680017393111632217e-07 -9.850056562942192985e-07
2.452556248830749188e+06 -9.787098386249440336e-08 -9.689626716442534352e-07
2.452556248900149018e+06 -1.746349411493399813e-07 -9.533207161038835279e-07
2.452556248969548848e+06 -2.016772163998225295e-07 -9.495256661316578329e-07
2.452556249038948677e+06 8.578307689292055582e-09 -9.256451757505662186e-07
2.452556249108348507e+06 4.816426157329972589e-08 -8.718689640988190311e-07
2.452556249177748337e+06 -1.410597610759815557e-07 -8.315157760090668002e-07
2.452556249247148167e+06 -2.421195284811664181e-07 -8.225999983697137482e-07
2.452556249316547997e+06 -6.507824942945091759e-08 -8.061690242248931553e-07
2.452556249385947827e+06 -1.665569466277868761e-07 -7.815513017944138989e-07
2.452556249455347657e+06 -2.345218744211637140e-07 -7.764182560510957141e-07
2.452556249524747487e+06 -2.372275371413379290e-07 -7.815191400419912646e-07
2.452556249594147317e+06 -3.772651357858323522e-07 -8.063689548703757503e-07
2.452556249663547147e+06 -2.769831423849975958e-07 -8.411336836999702214e-07
2.452556249732946977e+06 -1.252154610075031813e-07 -8.529278924252451402e-07
2.452556249802346807e+06 -6.754075372039041734e-08 -8.441229717969820831e-07
2.452556249871746637e+06 -3.750248131959280196e-08 -8.266051894452660892e-07
2.452556249941146467e+06 -2.025280275477472994e-08 -8.041647514257822849e-07
2.452556250010546297e+06 -6.220790277096386843e-08 -7.846906259797157464e-07
2.452556250079946127e+06 -3.771742223990367427e-08 -7.677332394784377226e-07
2.452556250149345957e+06 3.485002033078390624e-08 -7.403278518079327938e-07
2.452556250218745787e+06 3.828013887335088989e-08 -7.038498413912738453e-07
2.452556250288145617e+06 1.386316161021805261e-07 -6.541874758492507005e-07
2.452556250357545447e+06 -4.626702104708253488e-08 -6.119078729003418009e-07
2.452556250426945277e+06 -2.384650573364131175e-07 -6.119229684135155649e-07
2.452556250496345107e+06 -2.777215119926289673e-07 -6.419824904928045777e-07
2.452556250565744936e+06 -5.471661046434364793e-08 -6.570739827085753392e-07
2.452556250635144766e+06 4.614218881443754869e-08 -6.391849675496554044e-07
2.452556250704544596e+06 -4.721972218179287734e-09 -6.164793400360574117e-07
2.452556250773944426e+06 -3.699566323199183327e-08 -6.039114086760554671e-07
2.452556250843344256e+06 -3.967785185014347904e-08 -5.970015483797437856e-07
2.452556250912744086e+06 -3.785445024954934682e-08 -5.923850554654844494e-07
2.452556250982143916e+06 -1.038980921215303396e-07 -5.976251451812918938e-07
2.452556251051543746e+06 -4.889946991840367929e-08 -6.075524284977124608e-07
2.452556251120943576e+06 8.552288087631298932e-08 -5.993051688644479771e-07
2.452556251190343406e+06 3.494202535257435493e-08 -5.830805305378468311e-07
2.452556251259743236e+06 4.244794341828452550e-08 -5.727053760769165799e-07
2.452556251329143066e+06 6.668230010782340725e-08 -5.600942483989324397e-07
2.452556251398542896e+06 2.189135901373110477e-07 -5.281578185456379370e-07
2.452556251467942726e+06 -1.564220204577807720e-07 -5.211682088444203390e-07
2.452556251537342556e+06 -2.352304803007339824e-07 -5.686377387164295082e-07
2.452556251606742386e+06 -1.903414555951010293e-07 -6.275398926664381098e-07
2.452556251676142216e+06 -1.472269677670080651e-07 -6.846675097389067224e-07
2.452556251745542046e+06 -1.059820449556473102e-07 -7.399255617946464742e-07
2.452556251814941876e+06 -6.669307629971718021e-08 -7.932276596949522526e-07
2.452556251884341706e+06 -2.943703280937967693e-08 -8.444968324296688653e-07
2.452556251953741536e+06 5.719115434343738506e-09 -8.936661099177679291e-07
2.452556252023141365e+06 3.871880672452855916e-08 -9.406789304523317533e-07
2.452556252092541195e+06 6.951613909339356148e-08 -9.854893920655724041e-07
2.452556252161941025e+06 9.807598331568301406e-08 -1.028062365532237505e-06
2.452556252231340855e+06 9.858862003651030455e-08 -1.071366697132444639e-06
2.452556252300740685e+06 1.910395030684411546e-07 -1.107765369279856783e-06
2.452556252370140515e+06 2.703266105092497578e-07 -1.127075860278017676e-06
2.452556252439540345e+06 2.535322676773760455e-07 -1.139880722355412522e-06
2.452556252508940175e+06 2.746829893328929597e-07 -1.152028840924838165e-06
2.452556252578340005e+06 1.667103522517709300e-07 -1.173860298386766546e-06
2.452556252647739835e+06 1.563300977839152073e-07 -1.209905857796682998e-06
2.452556252717139665e+06 2.546909979454401529e-07 -1.237539293540580376e-06
2.452556252786539495e+06 3.023082852511979812e-07 -1.248886807833926297e-06
2.452556252855939325e+06 2.292977356128592386e-07 -1.261894457238706008e-06
2.452556252925339155e+06 1.385506791134933966e-07 -1.292662463469055106e-06
2.452556252994738985e+06 8.600358281835577280e-08 -1.340576903418645074e-06
2.452556253064138815e+06 6.632514950576283465e-08 -1.399024654225135995e-06
2.452556253133538645e+06 1.413602734557545220e-07 -1.454066481421433451e-06
2.452556253202938475e+06 2.564176980186641889e-07 -1.489406896063782968e-06
2.452556253272338305e+06 2.311038678396038297e-07 -1.514313634578567085e-06
2.452556253341738135e+06 1.932218714223314910e-07 -1.545228804140457044e-06
2.452556253411137965e+06 3.747097633809252604e-07 -1.558639619233938463e-06
2.452556253480537795e+06 3.692279474938656260e-07 -1.548750613606366953e-06
2.452556253549937624e+06 2.668873921531838360e-07 -1.545929207499165048e-06
2.452556253619337454e+06 2.829781390503753613e-07 -1.548435833620870636e-06
2.452556253688737284e+06 2.605539769155330946e-07 -1.547558310693440654e-06
2.452556253758137114e+06 3.374254852981682017e-07 -1.535865485917198226e-06
2.452556253827536944e+06 4.129499530075641533e-07 -1.500840090206375812e-06
2.452556253896936774e+06 3.307304365276546656e-07 -1.458515113104832577e-06
2.452556253966336604e+06 3.591547510204652812e-07 -1.413736247932394383e-06
2.452556254035736434e+06 4.702869695423945049e-07 -1.343995496902430951e-06
2.452556254105136264e+06 2.922367960677778288e-07 -1.270813020245014000e-06
2.452556254174536094e+06 1.187471890193405764e-07 -1.227186984066234678e-06
2.452556254243935924e+06 1.956881925296501817e-09 -1.209519263263674283e-06
2.452556254313335754e+06 -2.823642634469020351e-08 -1.204205254755841854e-06
2.452556254382735584e+06 -2.436359977566074364e-08 -1.198723090948445623e-06
2.452556254452135414e+06 -9.608320860429711510e-08 -1.197996786308487700e-06
2.452556254521535244e+06 -7.274479102227682436e-08 -1.200399459046264118e-06
2.452556254590935074e+06 -1.121586113358756525e-07 -1.202623860749633560e-06
2.452556254660334904e+06 -1.036129698376157767e-07 -1.206465980731295271e-06
2.452556254729734734e+06 -5.377532789580855051e-08 -1.201837730952060524e-06
2.452556254799134564e+06 -1.356271822170226451e-08 -1.184251826148299574e-06
2.452556254868534394e+06 5.960708381140772978e-08 -1.149741326172292394e-06
2.452556254937934224e+06 1.677944540966159257e-08 -1.106313464554866115e-06
2.452556255007334054e+06 -1.242793201898345559e-07 -1.078126664872539705e-06
2.452556255076733883e+06 -1.191364456871009789e-07 -1.061523430938512499e-06
2.452556255146133713e+06 -1.232553122273363318e-07 -1.042074702386149691e-06
2.452556255215533543e+06 -1.691780488381593474e-07 -1.025591235299621435e-06
2.452556255284933373e+06 -1.687771606579720182e-07 -1.012063425743703194e-06
2.452556255354333203e+06 -1.443914460112885030e-07 -9.938327523513671897e-07
2.452556255423733033e+06 -1.061237082304509743e-07 -9.661761203089452559e-07
2.452556255493132863e+06 -1.289769184518970779e-07 -9.337612287872165650e-07
2.452556255562532693e+06 -5.641258920447155150e-08 -8.923245546492729240e-07
2.452556255631932523e+06 -7.499082557593408365e-08 -8.406494154381816272e-07
2.452556255701332353e+06 -2.043058887355205508e-07 -8.013535960851904252e-07
2.452556255770732183e+06 -1.604191307429089576e-07 -7.688261256268803578e-07
2.452556255840132013e+06 -1.698451707924580630e-07 -7.301443310066291838e-07
2.452556255909531843e+06 -2.332932790883672445e-07 -6.973534747886283148e-07
2.452556255978931673e+06 -2.037960226919809269e-07 -6.668288650189278065e-07
2.452556256048331503e+06 -2.920753528720791089e-07 -6.419341338701654060e-07
2.452556256117731333e+06 -3.310317034118485986e-07 -6.314438222956176111e-07
2.452556256187131163e+06 -3.160002007896372618e-07 -6.251060272680206050e-07
2.452556256256530993e+06 -3.585274690145800829e-07 -6.239200462391815100e-07
2.452556256325930823e+06 -1.490800493618405914e-07 -6.059862803592419136e-07
2.452556256395330653e+06 -6.088378867987159369e-08 -5.544301414913817104e-07
2.452556256464730483e+06 -7.673020851311739192e-08 -4.919548688707953825e-07
2.452556256534130313e+06 -1.501069936947965195e-07 -4.364143732460216287e-07
2.452556256603530142e+06 -1.751721821525904182e-07 -3.899242117874287897e-07
2.452556256672929972e+06 -1.669034484993122967e-07 -3.442501548558534768e-07
2.452556256742329802e+06 -2.073815182983037444e-07 -3.015064862652370544e-07
2.452556256811729632e+06 -2.216185463943904930e-07 -2.648482780945544926e-07
2.452556256881129462e+06 -2.563593551074422021e-07 -2.344722583937241474e-07
2.452556256950529292e+06 -1.868632238958689350e-07 -2.015124802075354920e-07
2.452556257019929122e+06 -1.949080129834747394e-07 -1.627445411515851172e-07
2.452556257089328952e+06 -2.579670131654045612e-07 -1.330863660167396298e-07
2.452556257158728782e+06 -1.718416683975761404e-07 -1.027452806215031404e-07
2.452556257228128612e+06 -2.074909922519890848e-07 -6.858895276067255585e-08
2.452556257297528442e+06 -1.645251934627820734e-07 -3.533522242453879249e-08
2.452556257366928272e+06 -9.157542275286798345e-08 9.405014634838126174e-09
2.452556257436328102e+06 -2.124887378398364924e-07 4.772784891444273440e-08
2.452556257505727932e+06 -2.623262657334954841e-07 6.455105765898972888e-08
2.452556257575127762e+06 -2.525300145541497030e-07 7.263828599907522219e-08
2.452556257644527592e+06 -3.150109415823755295e-07 6.956667920453185836e-08
2.452556257713927422e+06 -2.677400717561345397e-07 5.851618362103798724e-08
2.452556257783327252e+06 -1.842650966548037367e-07 5.565320227626124529e-08
2.452556257852727082e+06 -1.251519150763755222e-07 6.334687593286511314e-08
2.452556257922126912e+06 -4.909421547453666457e-08 8.196582131450488849e-08
2.452556257991526742e+06 -1.513056798104148315e-07 9.402343670222042358e-08
2.452556258060926571e+06 -2.256228649473133808e-07 8.140271480005853741e-08
2.452556258130326401e+06 -7.921490232487787239e-08 7.039794402890875950e-08
2.452556258199726231e+06 -7.354010674710714312e-08 7.064080807754347947e-08
2.452556258269126061e+06 -1.651994312263164014e-07 5.587606853559851889e-08
2.452556258338525891e+06 -2.435844888008744585e-07 1.488602841860515235e-08
2.452556258407925721e+06 -1.836143510170076490e-07 -3.732321013627996819e-08
2.452556258477325551e+06 -3.094967356876150205e-08 -7.481481108411733442e-08
2.452556258546725381e+06 -5.883159051713142217e-09 -9.969858786085469420e-08
2.452556258616125211e+06 -9.409424220861225032e-08 -1.382643738146213403e-07
2.452556258685525041e+06 3.772412071429759647e-08 -1.792993230127319674e-07
2.452556258754924871e+06 1.249373624681828952e-07 -2.023636640589340612e-07
2.452556258824324701e+06 1.760802133354188838e-07 -2.145459226513263314e-07
2.452556258893724531e+06 2.045139396756138253e-07 -2.212133911342982641e-07
2.452556258963124361e+06 1.681020427366127518e-07 -2.316864772035013173e-07
2.452556259032524191e+06 1.147809830296900319e-07 -2.556294551268930546e-07
2.452556259101924021e+06 1.627484562196987032e-07 -2.844413189813301678e-07
2.452556259171323851e+06 1.904999515405054344e-07 -3.089356104463690214e-07
2.452556259240723681e+06 2.341288616945361434e-07 -3.288399358891989895e-07
2.452556259310123511e+06 3.645741362121120945e-07 -3.314444587023933698e-07
2.452556259379523341e+06 4.399127431232544350e-07 -3.109389127497026422e-07
2.452556259448923171e+06 3.785577711686784957e-07 -2.869046811568765847e-07
2.452556259518323001e+06 3.492981988013983183e-07 -2.709856838714602957e-07
2.452556259587722830e+06 3.056475026893752657e-07 -2.618943032238945941e-07
2.452556259657122660e+06 4.032200554671750079e-07 -2.455145266686119019e-07
2.452556259726522490e+06 4.258236238846191848e-07 -2.132338806772620843e-07
2.452556259795922320e+06 4.500249753790995449e-07 -1.717600728071351483e-07
2.452556259865322150e+06 4.399526511076038365e-07 -1.238601599097180901e-07
2.452556259934721980e+06 3.273056378859951257e-07 -8.473220198965776627e-08
2.452556260004121810e+06 3.141434372774712179e-07 -5.570502906602095820e-08
2.452556260073521640e+06 2.957015003172252432e-07 -2.693124103525509165e-08
2.452556260142921470e+06 2.639993671991880710e-07 -5.676254137880604404e-10
2.452556260212321300e+06 2.647210937410471540e-07 2.537027186124398816e-08
2.452556260281721130e+06 2.790211744979080323e-07 5.619796951173180989e-08
2.452556260351120960e+06 2.136205311334312443e-07 8.478002533415410743e-08
2.452556260420520790e+06 1.016706298074323191e-07 9.621494454822730528e-08
2.452556260489920620e+06 9.131835879016598660e-08 9.505647925544760543e-08
2.452556260559320450e+06 1.265905682914635803e-07 9.710433310247207144e-08
2.452556260628720280e+06 1.440502185031804711e-07 1.060302802563325123e-07
2.452556260698120110e+06 7.308757171717116757e-08 1.103242439336821650e-07
2.452556260767519940e+06 3.511725022824703314e-08 1.031145252145965827e-07
2.452556260836919770e+06 -2.440383019069144224e-08 8.457095413353242996e-08
2.452556260906319600e+06 2.731279675019727432e-08 6.400417976223991607e-08
2.452556260975719430e+06 4.002537473701872932e-08 4.973440869387951539e-08
2.452556261045119260e+06 9.242695488305920696e-08 4.267178144151561891e-08
2.452556261114519089e+06 1.806390124326912344e-08 3.361053944678775520e-08
2.452556261183918919e+06 4.824464928059969826e-08 1.985867013119648987e-08
2.452556261253318749e+06 2.886756243389394426e-08 7.401526781308299366e-09
2.452556261322718579e+06 3.927264838343744608e-08 -5.801185419332047696e-09
2.452556261392118409e+06 1.261424849234189353e-07 -7.388326865749150450e-09
2.452556261461518239e+06 -7.547093814949393150e-08 -2.062425976730325770e-08
2.452556261530918069e+06 -5.748934123530655907e-09 -4.868850527200390298e-08
2.452556261600317899e+06 1.127812597992879986e-07 -5.590999985746330969e-08
2.452556261669717729e+06 5.022053546376279828e-08 -5.527225750367346401e-08
2.452556261739117559e+06 1.725144967774796621e-07 -4.543683804480032015e-08
2.452556261808517389e+06 2.008516141403751508e-07 -1.484393477182263788e-08
2.452556261877917219e+06 1.544807450303111205e-07 1.912924777806933266e-08
2.452556261947317049e+06 9.681917595355319133e-08 4.675700428130975425e-08
2.452556262016716879e+06 -1.938477283782385912e-09 6.115226357434690764e-08
2.452556262086116709e+06 3.747309591117568313e-08 7.205485518589495508e-08
2.452556262155516539e+06 -1.264835285500076273e-07 7.145002749975424304e-08
2.452556262224916369e+06 -9.784154418073398468e-08 5.679083828356883321e-08
2.452556262294316199e+06 7.277663605759836637e-08 6.538358219373421359e-08
2.452556262363716029e+06 2.374496832099760930e-08 9.071686374190301325e-08
2.452556262433115859e+06 3.782906522615426816e-08 1.163385818499671049e-07
2.452556262502515689e+06 -5.514472539191148083e-08 1.370390924010014412e-07
2.452556262571915518e+06 2.275976284592157490e-09 1.571750986960349126e-07
2.452556262641315348e+06 -5.420621067319029065e-08 1.807865202955420462e-07
2.452556262710715178e+06 -1.469176121126237120e-07 1.906783315523547557e-07
2.452556262780115008e+06 -1.347569893891649003e-07 1.931951200371596951e-07
2.452556262849514838e+06 -1.869901832595551986e-08 2.116728761352819803e-07
2.452556262918914668e+06 -8.536565872960902296e-08 2.385828197069538329e-07
2.452556262988314498e+06 -1.796824677154064696e-07 2.502593842381201333e-07
2.452556263057714328e+06 -1.371844455475158426e-07 2.575647613321576146e-07
2.452556263127114158e+06 -1.196978681883099182e-07 2.728824243012083546e-07
2.452556263196513988e+06 -2.033661114287043933e-07 2.823109039386597683e-07
2.452556263265913818e+06 -2.474131324938189864e-07 2.779344854448145528e-07
2.452556263335313648e+06 -1.274568950157501714e-07 2.817921655210770959e-07
2.452556263404713478e+06 1.443840882393990189e-07 3.313626444241564927e-07
2.452556263474113308e+06 1.352522345978215349e-07 4.164484104236633308e-07
2.452556263543513138e+06 1.513773874388505431e-07 5.108911766932319027e-07
2.452556263612912968e+06 1.430016200339042575e-08 6.004300138739765670e-07
2.452556263682312798e+06 -1.307706563638661930e-08 6.790392916479342465e-07
2.452556263751712628e+06 -8.990318507616942835e-08 7.521049692278517475e-07
2.452556263821112458e+06 -2.505514468393270994e-07 8.031612329676781485e-07
2.452556263890512288e+06 -2.912945337528535133e-07 8.336601431777321866e-07
2.452556263959912118e+06 -4.348209076344591036e-07 8.430910955900489902e-07
2.452556264029311948e+06 -4.051108658328590887e-07 8.371608901896188198e-07
2.452556264098711777e+06 -2.427744382279932656e-07 8.495992645242742865e-07
2.452556264168111607e+06 -3.302572418779940575e-07 8.687000171773232758e-07
2.452556264237511437e+06 -3.465122719396702704e-07 8.743198448940784540e-07
2.452556264306911267e+06 -2.433133496994860002e-07 8.870110874188406653e-07
2.452556264376311097e+06 -2.547286132258004051e-07 9.080086851272911421e-07
2.452556264445710927e+06 -2.571375088660771577e-07 9.258410530598437700e-07
2.452556264515110757e+06 -3.868577759653125089e-07 9.263130297631437211e-07
2.452556264584510587e+06 -4.135024612085003071e-07 9.046505253846062048e-07
2.452556264653910417e+06 -5.065046608225009729e-07 8.627174964772118587e-07
2.452556264723310247e+06 -3.630912932240054161e-07 8.181482457173502347e-07
2.452556264792710077e+06 -4.688930572600596391e-07 7.693237537959164855e-07
2.452556264862109907e+06 -3.545068395854527992e-07 7.125912060748186693e-07
2.452556264931509737e+06 -3.088129761963568149e-07 6.648910547502479238e-07
2.452556265000909567e+06 -3.492803077836197365e-07 6.094548265038659969e-07
2.452556265070309397e+06 -2.187210775243400808e-07 5.555259588999137972e-07
2.452556265139709227e+06 -1.679582139338939320e-07 5.141135148783646738e-07
2.452556265209109057e+06 -9.917984276798373109e-08 4.796454348576190498e-07
2.452556265278508887e+06 -3.057316418499141785e-08 4.551580092243200908e-07
2.452556265347908717e+06 -6.350903913876220695e-08 4.301133305866600890e-07
2.452556265417308547e+06 7.392296403194756288e-08 4.126102797727234811e-07
2.452556265486708377e+06 2.270415179904544426e-07 4.252266464160957896e-07
2.452556265556108207e+06 2.644294255959893999e-07 4.597173126056970941e-07
2.452556265625508036e+06 1.673872284485912116e-07 4.894178752953914828e-07
2.452556265694907866e+06 1.904149948611179466e-07 5.121009597708174762e-07
2.452556265764307696e+06 8.348068737395885993e-08 5.258335811839723376e-07
2.452556265833707526e+06 -1.031188908347458706e-07 5.053139878945138822e-07
2.452556265903107356e+06 -6.838822877904135769e-08 4.633462737317546844e-07
2.452556265972507186e+06 3.464531874702005378e-08 4.314086816897131502e-07
2.452556266041907016e+06 -2.699592427867641839e-08 3.996212900351895556e-07
2.452556266111306846e+06 -1.658894589138071000e-07 3.401197527990925281e-07
2.452556266180706676e+06 4.472571761097966681e-08 2.817515432763316650e-07
2.452556266250106506e+06 1.492688073673812174e-07 2.532104421722765927e-07
2.452556266319506336e+06 1.359620610514063433e-07 2.320076333018759390e-07
2.452556266388906166e+06 1.987988730651435783e-07 2.142943667633165292e-07
2.452556266458305996e+06 1.430324687395512262e-07 1.956957203532059868e-07
2.452556266527705826e+06 1.125887806502350321e-07 1.654556867209087308e-07
2.452556266597105656e+06 2.320662732640380824e-07 1.428409785484263326e-07
2.452556266666505486e+06 3.020194732797845592e-07 1.405319494943095064e-07
2.452556266735905316e+06 7.477850628696023606e-08 1.206334055266788454e-07
2.452556266805305146e+06 -5.986739530994778450e-08 5.761803849605621546e-08
2.452556266874704976e+06 -6.293301305205299956e-08 -2.693576029240554079e-08
2.452556266944104806e+06 -5.069539971441243932e-08 -1.179548118749434396e-07
2.452556267013504636e+06 -9.356783545528954454e-08 -2.203424710925556772e-07
2.452556267082904465e+06 -7.696886593831937462e-08 -3.343711947561957964e-07
2.452556267152304295e+06 9.804720808246914397e-08 -4.355101390318555738e-07
2.452556267221704125e+06 1.689891319752885626e-07 -5.155438686618133891e-07
2.452556267291103955e+06 1.614771329990609217e-07 -5.929209800231260636e-07
2.452556267360503785e+06 1.615470233588672808e-07 -6.751811085599100440e-07
2.452556267429903615e+06 2.812968632057468574e-07 -7.476843950888719577e-07
2.452556267499303445e+06 4.915824733500959583e-08 -8.359408134948247273e-07
2.452556267568703275e+06 -1.066774293340800819e-07 -9.732652278348170677e-07
2.452556267638103105e+06 8.193696331315726483e-08 -1.115650147065901987e-06
2.452556267707502935e+06 2.537181365387832445e-07 -1.225016342288930468e-06
2.452556267776902765e+06 2.526938360056599934e-07 -1.319240243790034811e-06
2.452556267846302595e+06 3.478402768106484007e-07 -1.405118913448042524e-06
2.452556267915702425e+06 4.507687528072945338e-07 -1.469278382538037226e-06
2.452556267985102255e+06 3.625610955536513734e-07 -1.530308283097151782e-06
2.452556268054502085e+06 2.980954884907889356e-07 -1.607027175328174479e-06
2.452556268123901915e+06 2.011449465413347149e-07 -1.701876024432443797e-06
2.452556268193301745e+06 2.267558327958374505e-07 -1.806042160878964175e-06
2.452556268262701575e+06 2.837918774426170218e-07 -1.902297471028715706e-06
2.452556268332101405e+06 3.887019534125598083e-07 -1.980218700261303075e-06
2.452556268401501235e+06 3.281718676671473982e-07 -2.051161899743688481e-06
2.452556268470901065e+06 3.839177847018692028e-07 -2.119838850820968598e-06
2.452556268540300895e+06 2.965177618932277835e-07 -2.188918702416666299e-06
2.452556268609700724e+06 1.801754130131820823e-07 -2.278237830790433637e-06
2.452556268679100554e+06 3.787293305068321253e-07 -2.356597661598657798e-06
2.452556268748500384e+06 4.717527066891259895e-07 -2.398294531793445556e-06
2.452556268817900214e+06 2.354615160456972279e-07 -2.449712831531686481e-06
2.452556268887300044e+06 1.616474164512538034e-07 -2.531238040711009975e-06
2.452556268956699874e+06 2.952528535580676835e-07 -2.603112326791522790e-06
2.452556269026099704e+06 2.493041210774623367e-07 -2.660934769403840355e-06
2.452556269095499534e+06 1.335628104737812768e-07 -2.732062763609500542e-06
2.452556269164899364e+06 6.210120493512525409e-08 -2.820862559495945613e-06
2.452556269234299194e+06 7.870795469904830841e-08 -2.913807901006421912e-06
2.452556269303699024e+06 1.294999873381942566e-07 -2.997045292780269633e-06
2.452556269373098854e+06 -2.527045120167469550e-08 -3.089321132464854019e-06
2.452556269442498684e+06 -1.636203452872795748e-07 -3.213495635612983521e-06
2.452556269511898514e+06 7.618594460875501886e-09 -3.335051353397400840e-06
2.452556269581298344e+06 7.460962577724783234e-10 -3.438253102551401610e-06
2.452556269650698174e+06 -2.491982352630168968e-07 -3.569854599208378219e-06
2.452556269720098004e+06 -1.888420022804369901e-07 -3.724989551253786124e-06
2.452556269789497834e+06 -6.664843796473305826e-08 -3.862780808283776727e-06
2.452556269858897664e+06 -5.782658197117825941e-08 -3.987080728339709220e-06
2.452556269928297494e+06 -7.176474989981299671e-08 -4.112044514446457603e-06
2.452556269997697324e+06 -1.642461910718013999e-07 -4.249356819618282049e-06
2.452556270067097154e+06 1.291439041367825967e-08 -4.378016678698196543e-06
2.452556270136496983e+06 -5.885042383216333687e-08 -4.494520034725268102e-06
2.452556270205896813e+06 -8.141626523578214363e-08 -4.620619283424051830e-06
2.452556270275296643e+06 -1.967707793926992457e-07 -4.762323794599700851e-06
2.452556270344696473e+06 -1.190887977338457808e-07 -4.909564085979822752e-06
2.452556270414096303e+06 -7.604378891274773641e-08 -5.044395521582942994e-06
2.452556270483496133e+06 -1.451508991804183418e-09 -5.165688821115555987e-06
2.452556270552895963e+06 1.697081583282301283e-07 -5.257018491749442971e-06
2.452556270622295793e+06 1.544719602531221600e-07 -5.325563070651616057e-06
2.452556270691695623e+06 -3.384004846966975394e-09 -5.407157958974423146e-06
2.452556270761095453e+06 1.581707509997647803e-07 -5.482854840886029635e-06
2.452556270830495283e+06 1.204211664305967791e-07 -5.538226528181401701e-06
2.452556270899895113e+06 3.946248993807330570e-08 -5.599432409682889242e-06
2.452556270969294943e+06 -1.041409293723681374e-07 -5.679654199329005806e-06
2.452556271038694773e+06 -5.754226000002478583e-08 -5.766380063797581218e-06
2.452556271108094603e+06 -7.677840752536442498e-08 -5.846071113930117937e-06
2.452556271177494433e+06 -1.459139777459429943e-07 -5.931596395809201744e-06
2.452556271246894263e+06 -3.795878010451041770e-08 -6.009034793398657629e-06
2.452556271316294093e+06 5.947616599780552224e-09 -6.064604197010195107e-06
2.452556271385693923e+06 -6.788940409028079794e-08 -6.117309634540601704e-06
2.452556271455093753e+06 -1.374055748601917856e-07 -6.180339170144895506e-06
2.452556271524493583e+06 -1.680850961914189807e-07 -6.250132379345490681e-06
2.452556271593893413e+06 -4.023422296840277571e-08 -6.304814349664280117e-06
2.452556271663293242e+06 -1.047402065184506985e-07 -6.346986961136290135e-06
2.452556271732693072e+06 -2.081525986253843521e-07 -6.402507703054268337e-06
2.452556271802092902e+06 -1.658958290724526113e-07 -6.460809415576710002e-06
2.452556271871492732e+06 -1.299395597444173931e-07 -6.506362809200896053e-06
2.452556271940892562e+06 -2.285991162432359846e-07 -6.554503909333199237e-06
2.452556272010292392e+06 -2.764693975051575025e-07 -6.615627915069234317e-06
2.452556272079692222e+06 -2.890105774549674890e-07 -6.681503324508353694e-06
2.452556272149092052e+06 -2.030134596640898616e-07 -6.737424770097329942e-06
2.452556272218491882e+06 -3.099778243466755719e-07 -6.793592631847728053e-06
2.452556272287891712e+06 -3.658603144968800578e-07 -6.866838252716899362e-06
2.452556272357291542e+06 -2.125546455076277940e-07 -6.929103866374936291e-06
2.452556272426691372e+06 -2.852531347892113843e-07 -6.981426325633574157e-06
2.452556272496091202e+06 -2.461218583661269206e-07 -7.036287500273707527e-06
2.452556272565491032e+06 -3.813673398786297794e-07 -7.101540284482684815e-06
2.452556272634890862e+06 -2.925117857819147814e-07 -7.172827657110708071e-06
2.452556272704290692e+06 -3.363083924749055014e-07 -7.240435995483120044e-06
2.452556272773690522e+06 -2.746681578776030499e-07 -7.307355292175026378e-06
2.452556272843090352e+06 -3.465899284083335525e-07 -7.377003690257992994e-06
2.452556272912490182e+06 -3.712180713693926055e-07 -7.459905951784801037e-06
2.452556272981890012e+06 -4.498282427899267543e-07 -7.558453012147451439e-06
2.452556273051289842e+06 -5.828167007898196508e-07 -7.687032286474230732e-06
2.452556273120689671e+06 -4.123716840489549046e-07 -7.820007850880254406e-06
2.452556273190089501e+06 -3.394965857003742640e-07 -7.933888981237143090e-06
2.452556273259489331e+06 -3.877796805113708892e-07 -8.051926675892414676e-06
2.452556273328889161e+06 -3.543999466804996124e-07 -8.179106616593999254e-06
2.452556273398288991e+06 -3.320536372599304532e-07 -8.308134197796422285e-06
2.452556273467688821e+06 -2.992129983316786336e-07 -8.439147874154083801e-06
2.452556273537088651e+06 -2.720138001844340976e-07 -8.571653647418868503e-06
2.452556273606488481e+06 -2.547403340214334911e-07 -8.707453846169291111e-06
2.452556273675888311e+06 -1.907544690317378970e-07 -8.842447355221937216e-06
2.452556273745288141e+06 -8.987781194733679736e-08 -8.966635143542457632e-06
2.452556273814687971e+06 -1.982243661577226364e-07 -9.098649655133413442e-06
2.452556273884087801e+06 -7.435700162527569730e-08 -9.236471439356631200e-06
2.452556273953487631e+06 1.261571667583508767e-07 -9.344642306105799720e-06
2.452556274022887461e+06 5.425578440731717717e-08 -9.442460386651316555e-06
2.452556274092287291e+06 6.362792775942924524e-08 -9.550852281010123226e-06
2.452556274161687121e+06 2.053304213496723446e-07 -9.646032065259912283e-06
2.452556274231086951e+06 3.074518262118900794e-07 -9.715656416792767228e-06
2.452556274300486781e+06 1.836531110445150646e-07 -9.787693738822081320e-06
2.452556274369886611e+06 1.066433321494308368e-07 -9.883169739061825897e-06
2.452556274439286441e+06 2.629050171274828984e-07 -9.972045004477517971e-06
2.452556274508686271e+06 3.169455850408117031e-07 -1.003827703324796308e-05
2.452556274578086101e+06 1.958445842472879776e-07 -1.011153881036160985e-05
2.452556274647485930e+06 1.526963528639643279e-07 -1.020384329217042002e-05
2.452556274716885760e+06 2.679829689589570896e-07 -1.028973904239650024e-05
2.452556274786285590e+06 2.334603956169390983e-07 -1.036741982679899577e-05
2.452556274855685420e+06 1.038254214270629180e-07 -1.046433928479449542e-05
2.452556274925085250e+06 1.709916702607013564e-07 -1.057067945363214172e-05
2.452556274994485080e+06 2.277659490615993360e-07 -1.066566447878725901e-05
2.452556275063884910e+06 1.977908545226458252e-07 -1.075917354022939557e-05
2.452556275133284740e+06 2.339647797202738149e-07 -1.085329563854023716e-05
2.452556275202684570e+06 2.927996939045949500e-07 -1.093764587018380261e-05
2.452556275272084400e+06 2.432249096655449647e-07 -1.102098817452135948e-05
2.452556275341484230e+06 1.681990447941648667e-07 -1.111864374105004515e-05
2.452556275410884060e+06 3.275581609527276759e-07 -1.120778332439812131e-05
2.452556275480283890e+06 3.761691784189937897e-07 -1.127298489963618852e-05
2.452556275549683720e+06 4.578282964416218858e-07 -1.132058021358617283e-05
2.452556275619083550e+06 3.145310327437472149e-07 -1.137092587929046730e-05
2.452556275688483380e+06 1.746995341618135211e-07 -1.145005835751203342e-05
2.452556275757883210e+06 2.082125589489779130e-07 -1.154055690120132145e-05
2.452556275827283040e+06 2.756202322570673760e-07 -1.161950208018613572e-05
2.452556275896682870e+06 1.688832446871157234e-07 -1.170181938488422483e-05
2.452556275966082700e+06 1.660920473700002581e-07 -1.179594159383572633e-05
2.452556276035482530e+06 1.801083593498942682e-07 -1.188902576085484033e-05
2.452556276104882360e+06 1.170147551484808826e-07 -1.198783009473877105e-05
2.452556276174282189e+06 2.800496880716349556e-07 -1.207554116531260680e-05
2.452556276243682019e+06 1.523260175492400577e-07 -1.215832814014932442e-05
2.452556276313081849e+06 2.146572930471619393e-07 -1.224724970660498897e-05
2.452556276382481679e+06 2.449287744409144342e-07 -1.232453763269173077e-05
2.452556276451881509e+06 2.040080784734338469e-07 -1.240083041182946741e-05
2.452556276521281339e+06 2.670697175651071374e-07 -1.247215855667864598e-05
2.452556276590681169e+06 2.964441237690390008e-07 -1.252978280622654274e-05
2.452556276660080999e+06 2.274111203231723276e-07 -1.258754675136023215e-05
2.452556276729480829e+06 2.891414091424673248e-07 -1.264174117586111443e-05
2.452556276798880659e+06 1.714747309126045654e-07 -1.269766801591849131e-05
2.452556276868280489e+06 3.732243572733896564e-07 -1.273931679798766667e-05
2.452556276937680319e+06 1.936782753490496653e-07 -1.277240228384218772e-05
2.452556277007080149e+06 1.808467703546609180e-07 -1.282103598732522416e-05
2.452556277076479979e+06 2.112670079144601653e-07 -1.286266461583851918e-05
2.452556277145879809e+06 1.514523235760371227e-07 -1.290210025048810650e-05
2.452556277215279639e+06 7.082582065330639804e-08 -1.295213792688232689e-05
2.452556277284679469e+06 9.989424356846715962e-08 -1.300374657307853771e-05
2.452556277354079299e+06 9.850227504008203169e-08 -1.304801546534381145e-05
2.452556277423479129e+06 4.826941533755737670e-08 -1.309348254230760136e-05
2.452556277492878959e+06 -5.855272621589549012e-08 -1.315266289873705775e-05
2.452556277562278789e+06 3.161679855651204120e-08 -1.321087264138385011e-05
2.452556277631678618e+06 7.037014955834794447e-08 -1.325120964533532299e-05
2.452556277701078448e+06 6.083477753033796931e-08 -1.328344292981734352e-05
2.452556277770478278e+06 4.043883465826278331e-08 -1.331374735016664370e-05
2.452556277839878108e+06 1.424739101229213123e-08 -1.334405954228403116e-05
2.452556277909277938e+06 -6.658757204785970044e-09 -1.337466049348879792e-05
2.452556277978677768e+06 -3.198664944297700705e-08 -1.340570566983294293e-05
2.452556278048077598e+06 -9.495786954599989647e-08 -1.344235265852365296e-05
2.452556278117477428e+06 -8.794553264916236672e-08 -1.348167442446855110e-05
2.452556278186877258e+06 -8.922648389680713060e-08 -1.351700508240395249e-05
2.452556278256277088e+06 -9.638516327657876471e-08 -1.354976318600646406e-05
2.452556278325676918e+06 -7.092375249283530153e-08 -1.357678501341932697e-05
2.452556278395076748e+06 -1.419847252339353781e-07 -1.360510094616507171e-05
2.452556278464476578e+06 -7.267346911221091363e-08 -1.363000684194862829e-05
2.452556278533876408e+06 -1.743478148925101007e-07 -1.365493513111050305e-05
2.452556278603276238e+06 -1.411240708174982876e-07 -1.368433334668090273e-05
2.452556278672676068e+06 -1.235732900568964577e-07 -1.370509518958670552e-05
2.452556278742075898e+06 -1.189850522041203221e-08 -1.370742868313688329e-05
2.452556278811475728e+06 -6.392728273869157473e-08 -1.369770936130985452e-05
2.452556278880875558e+06 -1.036918324762925413e-07 -1.369256490283764945e-05
2.452556278950275388e+06 -2.145055591417362104e-07 -1.369969074678310439e-05
2.452556279019675218e+06 -1.212133361707872956e-07 -1.370531917474773123e-05
2.452556279089075048e+06 -1.686922827896635943e-07 -1.370225696274061811e-05
2.452556279158474877e+06 -2.220385301452827566e-07 -1.370691842816274419e-05
2.452556279227874707e+06 -2.691480537850178298e-07 -1.372043686881300369e-05
2.452556279297274537e+06 -2.078046154022927462e-07 -1.373076385187241191e-05
2.452556279366674367e+06 -2.855706960513466797e-07 -1.374139663633403626e-05
2.452556279436074197e+06 -2.631561349460841203e-07 -1.375717214601637203e-05
2.452556279505474027e+06 -1.957259322471257335e-07 -1.376206313448322660e-05
2.452556279574873857e+06 -2.262608221814120173e-07 -1.376130364755254930e-05
2.452556279644273687e+06 -2.324974950960181887e-07 -1.376312521482560447e-05
2.452556279713673517e+06 -3.088762098452587934e-07 -1.377342387033874256e-05
2.452556279783073347e+06 -2.783460208669218263e-07 -1.378911979909823144e-05
2.452556279852473177e+06 -2.305080415764269161e-07 -1.379661298151087664e-05
2.452556279921873007e+06 -1.881209329714501351e-07 -1.379386295181502881e-05
2.452556279991272837e+06 -1.329355582406300213e-07 -1.377915549932286331e-05
2.452556280060672667e+06 -2.021606438294159406e-07 -1.376443157494470205e-05
2.452556280130072497e+06 -1.728581416874109718e-07 -1.375299380893879188e-05
2.452556280199472327e+06 -1.771615172890919776e-07 -1.373794979009544514e-05
2.452556280268872157e+06 -1.941145325524044061e-07 -1.372455549219260489e-05
2.452556280338271987e+06 -9.899204570711479911e-08 -1.370172243925418126e-05
2.452556280407671817e+06 -9.879236782805137235e-08 -1.366671186446571290e-05
2.452556280477071647e+06 -1.020847757321690145e-07 -1.362993332138148818e-05
2.452556280546471477e+06 -1.511579094203025363e-07 -1.359724150933936262e-05
2.452556280615871307e+06 -2.349392474564761200e-07 -1.357873907288050131e-05
2.452556280685271136e+06 -1.491200518845092327e-07 -1.356058271229592556e-05
2.452556280754670966e+06 -2.271422984171329478e-07 -1.354237584568023318e-05
2.452556280824070796e+06 -1.614581822339962802e-07 -1.352667199638516883e-05
2.452556280893470626e+06 -1.168856324213534629e-07 -1.349971721812344583e-05
2.452556280962870456e+06 -2.030824730180870520e-07 -1.347812687896583869e-05
2.452556281032270286e+06 -1.598765870091768677e-07 -1.346285014808245812e-05
2.452556281101670116e+06 -1.534968601496592170e-07 -1.344400064073967082e-05
2.452556281171069946e+06 -9.346303077736504073e-08 -1.341939172850932881e-05
2.452556281240469776e+06 -1.874323532288588167e-07 -1.340020521424862334e-05
2.452556281309869606e+06 -1.546740369719016153e-07 -1.339034459512171993e-05
2.452556281379269436e+06 -1.296787867761328988e-07 -1.337712219934459413e-05
2.452556281448669266e+06 -1.439550989676831084e-07 -1.336571539231459283e-05
2.452556281518069096e+06 -1.842699796644850369e-07 -1.336397528355408882e-05
2.452556281587468926e+06 -9.315877771541794273e-08 -1.336075738685765161e-05
2.452556281656868756e+06 -1.276702463703475274e-08 -1.334189791506208525e-05
2.452556281726268586e+06 -1.310281294106722432e-07 -1.333002660149286528e-05
2.452556281795668416e+06 -3.710034244910168400e-08 -1.332436246118927031e-05
2.452556281865068246e+06 -1.534666953634488732e-08 -1.330932170709597800e-05
2.452556281934468076e+06 4.545901172078360347e-08 -1.328771747754007714e-05
2.452556282003867906e+06 8.695934930191188423e-08 -1.325654980335018584e-05
2.452556282073267736e+06 3.727248104260837673e-09 -1.323152456331556268e-05
2.452556282142667565e+06 5.285862521673059810e-08 -1.321244725304141410e-05
2.452556282212067395e+06 8.173623052228627114e-08 -1.318694315217794780e-05
2.452556282281467225e+06 9.276407874786107355e-08 -1.315872035713972904e-05
2.452556282350867055e+06 8.439378559569351807e-08 -1.313179895924894079e-05
2.452556282420266885e+06 5.281476505998139538e-08 -1.311125289570077668e-05
2.452556282489666715e+06 1.993436166883372994e-07 -1.307975907785341301e-05
2.452556282559066545e+06 1.024825370562133216e-07 -1.304366980318805231e-05
2.452556282628466375e+06 8.916025095192760751e-08 -1.302102735079944901e-05
2.452556282697866205e+06 1.333402102308794189e-07 -1.299688557688557994e-05
2.452556282767266035e+06 3.585385238648411752e-08 -1.298078628341052869e-05
2.452556282836665865e+06 9.521613969206215344e-08 -1.297175758630308123e-05
2.452556282906065695e+06 1.463227511585590383e-07 -1.295320032505523770e-05
2.452556282975465525e+06 1.390845535768709127e-07 -1.293168712730517389e-05
2.452556283044865355e+06 2.172798787928412400e-07 -1.290364627732988339e-05
2.452556283114265185e+06 2.308767126448939583e-07 -1.286585574377511308e-05
2.452556283183665015e+06 1.739850004753584428e-07 -1.283286862235968691e-05
2.452556283253064845e+06 2.571118837020203827e-07 -1.279707471715299144e-05
2.452556283322464675e+06 2.646908453335386165e-07 -1.275061733616459432e-05
2.452556283391864505e+06 3.079236191623211780e-07 -1.269692276794841902e-05
2.452556283461264335e+06 3.076688377510317332e-07 -1.263610020948937523e-05
2.452556283530664165e+06 3.532186483972811120e-07 -1.256711895538704807e-05
2.452556283600063995e+06 3.538223424213788271e-07 -1.248903460010520438e-05
2.452556283669463824e+06 3.041116674082767628e-07 -1.241199122194342460e-05
2.452556283738863654e+06 2.524183508168225939e-07 -1.234226619179166859e-05
2.452556283808263484e+06 2.142037972624727282e-07 -1.227940137729768627e-05
2.452556283877663314e+06 1.606423432318386519e-07 -1.222441546212249937e-05
2.452556283947063144e+06 1.347434075956472782e-07 -1.217676456345096661e-05
2.452556284016462974e+06 2.406080935053830016e-07 -1.211874001365047207e-05
2.452556284085862804e+06 2.052567419260521576e-07 -1.205031501978706726e-05
2.452556284155262634e+06 1.097190289163300232e-07 -1.199377918089629100e-05
2.452556284224662464e+06 1.885586704425014816e-07 -1.193720928252527587e-05
2.452556284294062294e+06 1.474083898626150981e-07 -1.187430573055279424e-05
2.452556284363462124e+06 1.364809593653116251e-07 -1.181482885087797780e-05
2.452556284432861954e+06 1.050216534380295073e-07 -1.175806071203905914e-05
2.452556284502261784e+06 7.402076897722957793e-08 -1.170664939088425801e-05
2.452556284571661614e+06 2.104350291084359046e-07 -1.164169883385484785e-05
2.452556284641061444e+06 1.067071291971609957e-07 -1.157020201098585156e-05
2.452556284710461274e+06 1.851109128688951794e-07 -1.149824170252910268e-05
2.452556284779861104e+06 2.088114791320096547e-07 -1.141105084522327639e-05
2.452556284849260934e+06 3.245979042500128935e-07 -1.130274008396667639e-05
2.452556284918660764e+06 2.137763314568256250e-07 -1.118680473568711070e-05
2.452556284988060594e+06 1.353086785362114882e-07 -1.108519970524179261e-05
2.452556285057460424e+06 1.707946501947008356e-07 -1.098272823377130072e-05
2.452556285126860254e+06 1.781694138705028288e-07 -1.086953940338204126e-05
2.452556285196260083e+06 1.077921768620044464e-07 -1.075698905931401619e-05
2.452556285265659913e+06 6.190763819362933420e-08 -1.065158375218650241e-05
2.452556285335059743e+06 1.404734817301032660e-07 -1.053705455283773229e-05
2.452556285404459573e+06 9.243402571276135435e-08 -1.041290864105888846e-05
2.452556285473859403e+06 -5.568355421798033005e-08 -1.030469967880050341e-05
2.452556285543259233e+06 -1.053592656393750835e-08 -1.020361997928262924e-05
2.452556285612659063e+06 6.537874114253304593e-08 -1.008467362114180444e-05
2.452556285682058893e+06 4.103769709333023196e-08 -9.954237594394137266e-06
2.452556285751458723e+06 -6.311648543496447456e-08 -9.832272639800940201e-06
2.452556285820858553e+06 2.655481876991418086e-08 -9.706779348549520261e-06
2.452556285890258383e+06 -4.388055824532020248e-09 -9.569180617285219813e-06
2.452556285959658213e+06 -6.359101615442705854e-08 -9.435774831259397284e-06
2.452556286029058043e+06 -5.794298703390534974e-08 -9.303118157829488809e-06
2.452556286098457873e+06 -4.622445069415684968e-08 -9.163397284409333018e-06
2.452556286167857703e+06 -8.368979977235970294e-08 -9.021196521170515885e-06
2.452556286237257533e+06 -5.756952490013399112e-08 -8.874938039932129226e-06
2.452556286306657363e+06 -2.002647238280071592e-07 -8.736769506125942856e-06
2.452556286376057193e+06 -1.330614255938663229e-07 -8.603165638321701560e-06
2.452556286445457023e+06 -1.863431882111449685e-07 -8.464580605582924767e-06
2.452556286514856853e+06 -2.004548700442345575e-07 -8.330244741995631192e-06
2.452556286584256683e+06 -2.451952712823794466e-07 -8.199957598973172223e-06
2.452556286653656512e+06 -2.750606037954903502e-07 -8.076295964479661464e-06
2.452556286723056342e+06 -4.445260362986464972e-07 -7.974739937102295735e-06
2.452556286792456172e+06 -4.354544434904300863e-07 -7.893394079689803206e-06
2.452556286861856002e+06 -4.200824890566140042e-07 -7.813132283110256691e-06
2.452556286931255832e+06 -3.752649768374852295e-07 -7.730003365585979858e-06
2.452556287000655662e+06 -3.305086709082886287e-07 -7.640355069838207822e-06
2.452556287070055492e+06 -2.595737665332191951e-07 -7.540522157439914888e-06
2.452556287139455322e+06 -3.635031788742581013e-07 -7.446751923141020598e-06
2.452556287208855152e+06 -3.448400686564205088e-07 -7.365864701606572816e-06
2.452556287278254982e+06 -3.384260732953691130e-07 -7.286501614766662819e-06
2.452556287347654812e+06 -2.872402622876664384e-07 -7.205065107392226662e-06
2.452556287417054642e+06 -2.676198020594165885e-07 -7.119799001416503971e-06
2.452556287486454472e+06 -1.609530007005607000e-07 -7.023849660120020893e-06
2.452556287555854302e+06 -6.735001556294033912e-08 -6.907487978899029493e-06
2.452556287625254132e+06 -5.691018621220063728e-08 -6.779734564332968744e-06
2.452556287694653962e+06 -6.947250857675905869e-08 -6.651797851589257455e-06
2.452556287764053792e+06 -3.163914989958373898e-07 -6.553673629312247244e-06
2.452556287833453622e+06 -6.240064712706130214e-08 -6.457744940312325599e-06
2.452556287902853452e+06 -1.314639701123911297e-08 -6.329887739812164672e-06
2.452556287972253282e+06 -1.897414884540362634e-07 -6.216677389515687373e-06
2.452556288041653112e+06 -2.580130370155545665e-07 -6.133440451782842141e-06
2.452556288111052942e+06 -2.580483267747463353e-07 -6.062944956211704058e-06
2.452556288180452771e+06 -2.751532453446684440e-07 -6.000553781712583129e-06
2.452556288249852601e+06 -1.870802108729530810e-07 -5.936788520321316366e-06
2.452556288319252431e+06 -1.804274595039308723e-07 -5.868586654829739177e-06
2.452556288388652261e+06 -2.500533415725208339e-07 -5.813616865568704059e-06
2.452556288458052091e+06 -1.465840309487710677e-07 -5.761899486630873408e-06
2.452556288527451921e+06 -1.963524685058673863e-07 -5.711263595147433742e-06
2.452556288596851751e+06 -2.134637958828718731e-07 -5.675587377179881611e-06
2.452556288666251581e+06 -6.842999757872021349e-08 -5.633610102687991664e-06
2.452556288735651411e+06 -1.198943349626179469e-07 -5.588334992674459530e-06
2.452556288805051241e+06 -1.066119165663727641e-07 -5.554407960971318723e-06
2.452556288874451071e+06 -1.551823525954578084e-07 -5.532416811301487676e-06
2.452556288943850901e+06 -1.194934182222690696e-08 -5.508215398196760885e-06
2.452556289013250731e+06 8.725238668795766168e-08 -5.464026037832530065e-06
2.452556289082650561e+06 5.923032751851877909e-08 -5.417206260357363875e-06
2.452556289152050391e+06 1.476900469147950031e-07 -5.368407556568910541e-06
2.452556289221450221e+06 1.682745689461917171e-07 -5.311470700236082382e-06
2.452556289290850051e+06 1.491926609507726081e-07 -5.257711423481608649e-06
2.452556289360249881e+06 1.423888690271526933e-07 -5.210382367142624470e-06
2.452556289429649711e+06 1.151529801413263545e-07 -5.170841517586302914e-06
2.452556289499049541e+06 2.772243488816840988e-07 -5.120020329025079428e-06
2.452556289568449371e+06 2.872625086016925389e-07 -5.052060909828047397e-06
2.452556289637849201e+06 2.137142096889987223e-07 -4.992201327038667561e-06
2.452556289707249030e+06 1.390229600197913225e-07 -4.950930399555361547e-06
2.452556289776648860e+06 2.241730082131209615e-07 -4.911576263392923008e-06
2.452556289846048690e+06 2.822243579686309568e-07 -4.858632878673401776e-06
2.452556289915448520e+06 2.715319428105679676e-07 -4.801467186936327032e-06
2.452556289984848350e+06 2.681728526306583489e-07 -4.746505492915553058e-06
2.452556290054248180e+06 2.726313948121876540e-07 -4.691995460728764465e-06
2.452556290123648010e+06 2.958109150865296933e-07 -4.634673812642027409e-06
2.452556290193047840e+06 2.681395749775608377e-07 -4.577743608729463107e-06
2.452556290262447670e+06 2.795497289141206081e-07 -4.522404207146914276e-06
2.452556290331847500e+06 1.233682376491528782e-07 -4.483540521361164118e-06
2.452556290401247330e+06 2.800069417497515292e-07 -4.445854176906919736e-06
2.452556290470647160e+06 2.685574188434658482e-07 -4.392414334295827297e-06
2.452556290540046990e+06 4.720921512460403683e-07 -4.315838443604914557e-06
2.452556290609446820e+06 1.888014676085889351e-07 -4.245019757989504315e-06
2.452556290678846650e+06 1.944798056799513168e-07 -4.203447690816965238e-06
2.452556290748246480e+06 1.621414700430085281e-07 -4.165013797101567622e-06
2.452556290817646310e+06 2.505448982051654072e-07 -4.120246623247896254e-06
2.452556290887046140e+06 2.430676390011950879e-07 -4.065374051030948960e-06
2.452556290956445970e+06 2.331649676935056810e-07 -4.010548796283431150e-06
2.452556291025845800e+06 4.080172369333030966e-07 -3.934478228987904256e-06
2.452556291095245630e+06 3.332950505954305358e-07 -3.842291938028660014e-06
2.452556291164645460e+06 3.149384532614444347e-07 -3.754660860056617511e-06
2.452556291234045289e+06 2.473910641725314416e-07 -3.671277296651140188e-06
2.452556291303445119e+06 2.720383168983080059e-07 -3.587637503158135497e-06
2.452556291372844949e+06 2.271467876659955472e-07 -3.501114212966475731e-06
2.452556291442244779e+06 1.566677168551060307e-07 -3.422483515899235029e-06
2.452556291511644609e+06 2.205113984948782016e-07 -3.340030261692695681e-06
2.452556291581044439e+06 1.080835372864593743e-07 -3.258259130793494934e-06
2.452556291650444269e+06 1.638369678294240316e-07 -3.178249371267231234e-06
2.452556291719844099e+06 2.403744421386402825e-07 -3.078327493290414903e-06
2.452556291789243929e+06 1.464832558923800248e-08 -2.989114922063378840e-06
2.452556291858643759e+06 4.398144598715805916e-08 -2.917394611386398058e-06
2.452556291928043589e+06 3.085581527464743850e-07 -2.808249336453691907e-06
2.452556291997443419e+06 3.460891457201013208e-07 -2.656796365890470454e-06
2.452556292066843249e+06 2.306521073128417565e-07 -2.502841590901618590e-06
2.452556292136243079e+06 5.851690705331712476e-08 -2.370840951267699074e-06
2.452556292205642909e+06 -1.333344703455835188e-07 -2.272419510359958812e-06
2.452556292275042739e+06 -2.030717612495444693e-07 -2.199617583602765605e-06
2.452556292344442569e+06 -3.193602022855587489e-07 -2.146621064461695725e-06
2.452556292413842399e+06 -2.709995574365211946e-07 -2.101963327903330153e-06
2.452556292483242229e+06 -2.337334568646368916e-07 -2.048761175682980517e-06
2.452556292552642059e+06 -3.821546523260458030e-07 -2.008960298625436774e-06
2.452556292622041889e+06 -2.631531782982472469e-07 -1.974550956338376622e-06
2.452556292691441718e+06 -3.142212172705837070e-07 -1.934802120012018287e-06
2.452556292760841548e+06 -2.232375781284790507e-07 -1.892365709894637995e-06
2.452556292830241378e+06 -1.981161963087639389e-07 -1.838097767111621024e-06
2.452556292899641208e+06 -1.177613726624211148e-07 -1.771963093383792524e-06
2.452556292969041038e+06 -3.248254054907234412e-07 -1.719684844490520062e-06
2.452556293038440868e+06 -2.291535283487797360e-07 -1.681050838688667066e-06
2.452556293107840698e+06 -1.076225434258524517e-07 -1.619410001762739905e-06
2.452556293177240528e+06 -2.176261651304058928e-07 -1.556160748018519469e-06
2.452556293246640358e+06 -7.172038022702881151e-10 -1.480127558305921873e-06
2.452556293316040188e+06 -2.413338204926044425e-07 -1.405181081357374414e-06
2.452556293385440018e+06 -2.097071112192910517e-07 -1.353070525655002244e-06
2.452556293454839848e+06 -1.672227153806798864e-07 -1.293498027596826957e-06
2.452556293524239678e+06 -1.585985409433210076e-07 -1.228375722862452108e-06
2.452556293593639508e+06 -1.786815939669504365e-07 -1.164440078454269416e-06
2.452556293663039338e+06 -2.557305642197970646e-07 -1.111850662374789275e-06
2.452556293732439168e+06 -2.655746569221364639e-07 -1.070715394299140607e-06
2.452556293801838998e+06 -8.547716503648732859e-08 -1.012449453957121149e-06
2.452556293871238828e+06 -9.914813012674057763e-08 -9.356615806383144629e-07
2.452556293940638658e+06 -6.458044072206160816e-08 -8.553224828461094851e-07
2.452556294010038488e+06 -2.519765734640767190e-07 -7.913452227058953225e-07
2.452556294079438318e+06 -1.885777877016043033e-07 -7.422730562593557281e-07
2.452556294148838148e+06 -2.785349452822434860e-07 -6.984686955829276619e-07
2.452556294218237977e+06 -2.364321512169698727e-07 -6.629899409658091782e-07
2.452556294287637807e+06 -1.974411117359633763e-07 -6.217576937864826641e-07
2.452556294357037637e+06 -2.456453890780096518e-07 -5.846039857088567109e-07
2.452556294426437467e+06 -3.079869313267094799e-07 -5.637088170633185782e-07
2.452556294495837297e+06 6.618934823589311192e-09 -5.186566673918370640e-07
2.452556294565237127e+06 -2.569528382973001531e-07 -4.701207695230748343e-07
2.452556294634636957e+06 -2.633251253237424120e-07 -4.549703329962808311e-07
2.452556294704036787e+06 -1.293469968306193931e-07 -4.306187794358310011e-07
2.452556294773436617e+06 -2.505044415100527370e-07 -4.092716456518713645e-07
2.452556294842836447e+06 -1.989987067286673055e-07 -4.007172109350689940e-07
2.452556294912236277e+06 -2.527962699754811583e-07 -3.983818315347544212e-07
2.452556294981636107e+06 -1.792448389373397977e-07 -4.001968432670603625e-07
2.452556295051035937e+06 -2.651759375787458770e-07 -4.101329830146475837e-07
2.452556295120435767e+06 -2.866848233307235335e-07 -4.398692015435559654e-07
2.452556295189835597e+06 -3.519429371651209469e-07 -4.888628403754077320e-07
2.452556295259235427e+06 -3.251648470853656095e-07 -5.532279459920061250e-07
2.452556295328635257e+06 -1.082523769056798107e-07 -6.014343633159242351e-07
2.452556295398035087e+06 -4.981671565178853143e-08 -6.275956049111515115e-07
2.452556295467434917e+06 4.282103186497560817e-09 -6.478233958366116034e-07
2.452556295536834747e+06 -3.217192494773160629e-08 -6.721457770606889849e-07
2.452556295606234577e+06 -9.474394680198508207e-08 -7.142128992973030276e-07
2.452556295675634407e+06 2.393303413929074881e-07 -7.325645805972109893e-07
2.452556295745034236e+06 2.850911455875759474e-07 -7.116783919929413248e-07
2.452556295814434066e+06 2.292856949629146853e-07 -6.922947185108441170e-07
2.452556295883833896e+06 6.335266222223147134e-08 -6.989762370591869411e-07
2.452556295953233726e+06 2.052074150171852818e-07 -7.113954157692480805e-07
2.452556296022633556e+06 1.642344316423416537e-07 -7.154001636333542975e-07
2.452556296092033386e+06 2.936256788465508878e-07 -7.112606499796713744e-07
2.452556296161433216e+06 1.790819811082010200e-07 -7.064051382856104332e-07
2.452556296230833046e+06 2.584121757038312255e-07 -7.063630466170255097e-07
2.452556296300232876e+06 1.931490020851109941e-07 -7.057323604214940154e-07
2.452556296369632706e+06 1.340623950584186214e-07 -7.203102566363782338e-07
2.452556296439032536e+06 -7.344106416092836822e-08 -7.680349001786014127e-07
2.452556296508432366e+06 1.724969712605916053e-07 -8.167918611201583713e-07
2.452556296577832196e+06 8.456623975808424838e-09 -8.612757702048540732e-07
2.452556296647232026e+06 1.211761792350990106e-07 -9.161210087187552907e-07
2.452556296716631856e+06 3.248591742506520111e-07 -9.393944792585001003e-07
2.452556296786031686e+06 3.882592878441360068e-07 -9.330556462016051179e-07
2.452556296855431516e+06 3.115731264162820585e-07 -9.262161267923749376e-07
2.452556296924831346e+06 3.785804332145554853e-07 -9.182543930369975598e-07
2.452556296994231176e+06 4.422542725110605231e-07 -8.926209883835159174e-07
2.452556297063631006e+06 2.657830080754064142e-07 -8.755690113670752375e-07
2.452556297133030836e+06 2.375769435026950113e-07 -8.786377242804610666e-07
2.452556297202430665e+06 2.404078169173024684e-07 -8.831009010969349261e-07
2.452556297271830495e+06 2.487552278053284952e-07 -8.847360115459010371e-07
2.452556297341230325e+06 8.025688098296359363e-08 -9.030035289650391016e-07
2.452556297410630155e+06 5.068962730338731909e-08 -9.439761700468011542e-07
2.452556297480029985e+06 1.946057041748342184e-07 -9.736548282114805462e-07
2.452556297549429815e+06 2.048623199073538336e-07 -9.859694013883193213e-07
2.452556297618829645e+06 2.793189065503227498e-07 -9.869333607562923420e-07
2.452556297688229475e+06 1.757538074513690756e-07 -9.884241668103463924e-07
2.452556297757629305e+06 1.890357040509010266e-07 -9.975288414874432055e-07
2.452556297827029135e+06 1.297767334601111248e-07 -1.009855355614723365e-06
2.452556297896428965e+06 2.392014001651126295e-07 -1.014505589243995077e-06
2.452556297965828795e+06 1.253823111993185461e-07 -1.016906427676383205e-06
2.452556298035228625e+06 -8.513716563917292112e-08 -1.053908074003880093e-06
2.452556298104628455e+06 4.194848396992693058e-08 -1.101213278361684159e-06
2.452556298174028285e+06 1.124699300927093689e-07 -1.127146754233720487e-06
2.452556298243428115e+06 2.321814322305916025e-07 -1.130092636593763700e-06
2.452556298312827945e+06 2.336877409406057136e-07 -1.115502272847803469e-06
2.452556298382227775e+06 2.446406276897097562e-07 -1.094116893975641995e-06
2.452556298451627605e+06 2.785770932441563870e-07 -1.061512360363607387e-06
2.452556298521027435e+06 2.388354445207239633e-07 -1.022477752066927176e-06
2.452556298590427265e+06 1.617936077541424470e-07 -9.893656969078250071e-07
2.452556298659827095e+06 3.218209612922351526e-07 -9.398134776629080579e-07
2.452556298729226924e+06 3.123268613285828607e-07 -8.644055173472427842e-07
2.452556298798626754e+06 3.129870560907164512e-09 -8.151010624076616852e-07
2.452556298868026584e+06 4.159401872519189748e-08 -7.894871302661267694e-07
2.452556298937426414e+06 -3.468755469447212930e-07 -7.995764424428659101e-07
2.452556299006826244e+06 3.467624001358449870e-08 -8.095567379612354613e-07
2.452556299076226074e+06 9.000589434921807344e-09 -7.773697597193960452e-07
2.452556299145625904e+06 -1.555515627109917944e-07 -7.619678739183933555e-07
2.452556299215025734e+06 8.746785833745316214e-08 -7.341816009456992171e-07
2.452556299284425564e+06 6.354565586395512823e-08 -6.765308199949977348e-07
2.452556299353825394e+06 -4.201545222123485893e-10 -6.216756684068793182e-07
2.452556299423225224e+06 4.997894851619317109e-08 -5.616210509311994014e-07
2.452556299492625054e+06 -2.179604288307995526e-07 -5.198177390037896875e-07
2.452556299562024884e+06 -3.355250659358246377e-07 -5.180678262022330681e-07
2.452556299631424714e+06 -1.434585236855306090e-07 -5.075439503222955988e-07
2.452556299700824544e+06 -1.684331151555133206e-07 -4.766993412142944309e-07
2.452556299770224374e+06 -2.286166131325099541e-07 -4.528114819745650486e-07
2.452556299839624204e+06 -3.418690604390955882e-07 -4.471134240532736254e-07
2.452556299909024034e+06 -3.546335282701373683e-07 -4.562601931805058934e-07
2.452556299978423864e+06 -3.843325806678299879e-07 -4.722841058820453249e-07
2.452556300047823694e+06 -4.069610443036596848e-07 -4.971493805924047342e-07
2.452556300117223524e+06 -3.114332767820372526e-07 -5.173166259737433212e-07
2.452556300186623354e+06 -3.944175597442577746e-07 -5.393018126938348365e-07
2.452556300256023183e+06 -5.077260156844981818e-07 -5.875638206254823100e-07
2.452556300325423013e+06 -4.472058403382964256e-07 -6.482629437195120753e-07
2.452556300394822843e+06 -3.870901714607902566e-07 -7.025017141593553998e-07
2.452556300464222673e+06 -1.800804292729669052e-07 -7.324334539202953483e-07
2.452556300533622503e+06 -5.349748910559059077e-07 -7.834984869973148117e-07
2.452556300603022333e+06 -4.204736123103074289e-07 -8.686424940119461513e-07
2.452556300672422163e+06 -6.077123572210554099e-08 -9.084212819092582828e-07
2.452556300741821993e+06 -1.919596172874912078e-07 -9.262347458180632129e-07
2.452556300811221823e+06 -2.743226191434306913e-07 -9.709416343502721937e-07
2.452556300880621653e+06 -5.825068781374570330e-08 -1.005077496336374167e-06
2.452556300950021483e+06 -1.953920953251695237e-07 -1.033740539528124130e-06
2.452556301019421313e+06 -7.234302220256659434e-08 -1.067050014329980174e-06
2.452556301088821143e+06 -6.371889204078276533e-08 -1.088506900860603555e-06
2.452556301158220973e+06 1.133992978663187763e-07 -1.090474135419690070e-06
2.452556301227620803e+06 -2.128127258192221255e-07 -1.109686240021924811e-06
2.452556301297020633e+06 -1.510779404458388279e-07 -1.161403949195443365e-06
2.452556301366420463e+06 -6.150269079276048113e-08 -1.200797456845041244e-06
2.452556301435820293e+06 -1.227751243165275955e-07 -1.240665890165787613e-06
2.452556301505220123e+06 -4.592374659333732166e-08 -1.282417272846354443e-06
2.452556301574619953e+06 -1.511696593665149450e-07 -1.331233800991174936e-06
2.452556301644019783e+06 -1.234572237964188177e-07 -1.393442334527699314e-06
2.452556301713419612e+06 -8.463582168836947866e-08 -1.453589940262408559e-06
2.452556301782819442e+06 -1.082214980091519726e-07 -1.517197205434271019e-06
2.452556301852219272e+06 2.099144180165401087e-07 -1.552001061379859825e-06
2.452556301921619102e+06 2.190427230990027585e-07 -1.550899371246970236e-06
2.452556301991018932e+06 6.561284085829306767e-08 -1.564674360309217406e-06
2.452556302060418762e+06 1.725763139379265376e-07 -1.583576673271129686e-06
2.452556302129818592e+06 1.240740746234903185e-07 -1.595940629349984420e-06
2.452556302199218422e+06 1.827883692597666321e-07 -1.606618116905175477e-06
2.452556302268618252e+06 -3.626164419793433790e-08 -1.635203102465668282e-06
2.452556302338018082e+06 1.197268593289346195e-07 -1.672304043288491813e-06
2.452556302407417912e+06 1.948240989478307774e-07 -1.684607067272905595e-06
2.452556302476817742e+06 1.462351796429356996e-07 -1.693097768203592512e-06
2.452556302546217572e+06 2.799797391647211763e-07 -1.690542339178130086e-06
2.452556302615617402e+06 2.560823707580219294e-07 -1.672891875227451182e-06
2.452556302685017232e+06 2.424297495823670444e-07 -1.655685000831037464e-06
2.452556302754417062e+06 2.674717595207603298e-07 -1.633390644381334071e-06
2.452556302823816892e+06 2.540294338456912605e-07 -1.605545868683738621e-06
2.452556302893216722e+06 3.336199993483757461e-07 -1.565353509890736136e-06
2.452556302962616552e+06 3.107883521840244687e-07 -1.512736350620907205e-06
2.452556303032016382e+06 4.030413032277960939e-08 -1.487206421851167767e-06
2.452556303101416212e+06 1.169756422837527416e-07 -1.480363146066856290e-06
2.452556303170816042e+06 -6.437665550616174354e-08 -1.484014494880515268e-06
2.452556303240215871e+06 1.001877907461284826e-07 -1.489166720768808872e-06
2.452556303309615701e+06 1.880373865284490878e-07 -1.464776380906800666e-06
2.452556303379015531e+06 1.164355682545093321e-07 -1.435136316160337463e-06
2.452556303448415361e+06 -1.002082624137507434e-07 -1.435175871824039253e-06
2.452556303517815191e+06 1.372697967059337345e-07 -1.432353725292772489e-06
2.452556303587215021e+06 -1.532643123472323774e-07 -1.434993910664008142e-06
2.452556303656614851e+06 -1.112150104411301699e-07 -1.466425959568355814e-06
2.452556303726014681e+06 -4.243568141004514699e-08 -1.488054303026416555e-06
2.452556303795414511e+06 -6.862248141966465924e-08 -1.506675751691801383e-06
2.452556303864814341e+06 -5.426612308237501341e-08 -1.528240424827548153e-06
2.452556303934214171e+06 -3.496178923212241225e-08 -1.547742661970529589e-06
2.452556304003614001e+06 8.664687509881905059e-08 -1.552457021043428874e-06
2.452556304073013831e+06 -3.741884188219176093e-08 -1.557393937474506837e-06
2.452556304142413661e+06 5.481523932691986181e-08 -1.565988018642754295e-06
2.452556304211813491e+06 -5.463639113806164810e-08 -1.576932523495974233e-06
2.452556304281213321e+06 -1.577185485379923205e-08 -1.596657567765169562e-06
2.452556304350613151e+06 1.076626802070815626e-07 -1.599041127162637806e-06
2.452556304420012981e+06 9.428937601130748506e-08 -1.588231421359890583e-06
2.452556304489412811e+06 9.568560934297564282e-08 -1.576985503372512101e-06
2.452556304558812641e+06 1.856098938921112877e-07 -1.553316328550680216e-06
2.452556304628212471e+06 8.206702407648973805e-10 -1.537561984766209761e-06
2.452556304697612301e+06 2.527695877831129992e-08 -1.538269689970133522e-06
2.452556304767012130e+06 1.352933740646561947e-07 -1.523051732497373623e-06
2.452556304836411960e+06 1.400065694582312877e-07 -1.492510295695731131e-06
2.452556304905811790e+06 -3.543943714758346806e-08 -1.478216033823774396e-06
2.452556304975211620e+06 6.083296856715807038e-08 -1.471407920746643810e-06
2.452556305044611450e+06 9.165478772733867260e-08 -1.449013833796487643e-06
2.452556305114011280e+06 1.031172448002923436e-08 -1.430028725743096692e-06
2.452556305183411110e+06 1.535206185753505103e-08 -1.417910812218314751e-06
2.452556305252810940e+06 2.035463722209042350e-08 -1.403460019256684770e-06
2.452556305322210770e+06 1.374132063014121683e-07 -1.373486809583318309e-06
2.452556305391610600e+06 5.263435062533534699e-08 -1.336824735206204559e-06
2.452556305461010430e+06 1.293404582470949286e-07 -1.297571676948130389e-06
2.452556305530410260e+06 2.120849128962855123e-07 -1.236159129292069867e-06
2.452556305599810090e+06 -1.562460790978271739e-07 -1.202044730875947623e-06
2.452556305669209920e+06 -2.180825775490889051e-07 -1.215180649803607928e-06
2.452556305738609750e+06 -8.180205765106224174e-08 -1.222193007949548355e-06
2.452556305808009580e+06 7.588839890694992594e-08 -1.196916219899277512e-06
2.452556305877409410e+06 -1.247903114702990141e-07 -1.175001970737140506e-06
2.452556305946809240e+06 -2.080355002857079820e-07 -1.184883282001996457e-06
2.452556306016209070e+06 -2.221957210211848568e-07 -1.208399512594360132e-06
2.452556306085608900e+06 -2.339702726276950666e-07 -1.238682097705489780e-06
2.452556306155008730e+06 -2.668638853924503621e-08 -1.250662331722462130e-06
2.452556306224408560e+06 -2.328567794003911086e-08 -1.240503682899204499e-06
2.452556306293808389e+06 -2.286283000307044453e-08 -1.229796348903803585e-06
2.452556306363208219e+06 -3.323521100726812096e-07 -1.254826538950224809e-06
2.452556306432608049e+06 -1.320175884773152674e-07 -1.296234216372547961e-06
2.452556306502007879e+06 -1.090588779906324557e-07 -1.317069336468500700e-06
2.452556306571407709e+06 -4.825696223264335058e-08 -1.331153624003721197e-06
2.452556306640807539e+06 -7.317307796314200440e-08 -1.343218274098622500e-06
2.452556306710207369e+06 -2.466619043511063116e-07 -1.380162547622176107e-06
2.452556306779607199e+06 -8.731495389942986233e-08 -1.423181150352678055e-06
2.452556306849007029e+06 -6.947668200244039976e-08 -1.450543751594955643e-06
2.452556306918406859e+06 -6.130295008588616998e-08 -1.477928624901872757e-06
2.452556306987806689e+06 -1.101767601041867440e-07 -1.512941330290895626e-06
2.452556307057206519e+06 3.276471992237796456e-09 -1.544034454427046907e-06
2.452556307126606349e+06 -8.018834770241402713e-08 -1.574633302604140134e-06
2.452556307196006179e+06 -1.511172168306686994e-07 -1.625931251883979188e-06
2.452556307265406009e+06 1.898167182937490618e-08 -1.670551801277050404e-06
2.452556307334805839e+06 9.972241296397224818e-08 -1.689942289852783555e-06
2.452556307404205669e+06 7.764687148143554329e-08 -1.703504375363246442e-06
2.452556307473605499e+06 4.184543901829675155e-08 -1.724029440810088328e-06
2.452556307543005329e+06 2.454247364962445862e-07 -1.725978894864447904e-06
2.452556307612405159e+06 1.566781784802268968e-07 -1.713402152360614696e-06
2.452556307681804989e+06 2.133800523078436151e-07 -1.701758621449186747e-06
2.452556307751204818e+06 2.463897655984693480e-07 -1.677037105668751591e-06
2.452556307820604648e+06 3.741234022931238215e-07 -1.629619950442571520e-06
2.452556307890004478e+06 2.291006490112793870e-07 -1.577828506423446403e-06
2.452556307959404308e+06 -4.630920459371959182e-08 -1.568166720681864546e-06
2.452556308028804138e+06 -8.249659064521934954e-08 -1.592704229296717973e-06
2.452556308098203968e+06 -5.015259516927224781e-08 -1.619421790519127395e-06
2.452556308167603798e+06 -8.734773384818630831e-08 -1.648592467005146013e-06
2.452556308237003628e+06 3.303205860030179162e-08 -1.670172484799180711e-06
2.452556308306403458e+06 -1.202915617815071916e-07 -1.696733473621405154e-06
2.452556308375803288e+06 -1.650354945786091464e-07 -1.747905887784916522e-06
2.452556308445203118e+06 -1.975072575597703214e-08 -1.791569251995556235e-06
2.452556308514602948e+06 -1.548742312633744181e-07 -1.837230611970804512e-06
2.452556308584002778e+06 9.334114087407438820e-08 -1.872999163861817839e-06
2.452556308653402608e+06 -1.723928238371744569e-07 -1.912814096054180485e-06
2.452556308722802438e+06 7.422458770454168199e-09 -1.964919793161881693e-06
2.452556308792202268e+06 -7.174269089415080571e-08 -2.008830431781598061e-06
2.452556308861602098e+06 -6.966838132191234828e-08 -2.064114325200355100e-06
2.452556308931001928e+06 1.137196657070727346e-07 -2.101352320357284166e-06
2.452556309000401758e+06 2.547758360770546982e-08 -2.128900324822620156e-06
2.452556309069801588e+06 1.847156128842982013e-08 -2.167693150163299424e-06
2.452556309139201418e+06 6.306079478844078500e-08 -2.203422646028269443e-06
2.452556309208601248e+06 3.858376131167963303e-08 -2.237660344158115129e-06
2.452556309278001077e+06 -2.693472012483358435e-08 -2.282913839951254953e-06
2.452556309347400907e+06 1.426362032518514853e-07 -2.317730203191884128e-06
2.452556309416800737e+06 1.471999914743426211e-07 -2.332715607251065322e-06
