2.452596256757800002e+06 0.000000000000000000e+00 0.000000000000000000e+00
2.452596256792499684e+06 6.528599819888280573e-08 3.688821343136885045e-09
2.452596256827199366e+06 1.672910395084416858e-07 1.702530227284028956e-08
2.452596256861899048e+06 3.451242414692280770e-07 4.687612475552498902e-08
2.452596256896598730e+06 1.408895645197940431e-07 7.680033290365099794e-08
2.452596256931298412e+06 -3.771479409668686316e-08 8.663525622840003549e-08
2.452596256965998095e+06 -1.327089372768194302e-07 8.146219289235310112e-08
2.452596257000697777e+06 -7.709923904036931346e-08 7.371031724481332841e-08
2.452596257035397459e+06 2.097099531523329510e-09 7.308871662690480963e-08
2.452596257070097141e+06 1.049578139664746935e-07 8.265060252223424834e-08
2.452596257104796823e+06 9.869606643341524509e-08 9.810627883551676119e-08
2.452596257139496505e+06 4.459493699772922351e-08 1.108897822564710537e-07
2.452596257174196187e+06 -2.596828995708043843e-10 1.186644330547540944e-07
2.452596257208895870e+06 1.520568468155706432e-07 1.328157718633635367e-07
2.452596257243595552e+06 1.309950726590888159e-07 1.550177496680958954e-07
2.452596257278295234e+06 9.610081666501139915e-09 1.702180600245683513e-07
2.452596257312994916e+06 -1.415170217493694985e-07 1.706759732568120455e-07
2.452596257347694598e+06 -7.420663826066028884e-08 1.662577490519951389e-07
2.452596257382394280e+06 -1.192438682303150312e-08 1.687614951899562776e-07
2.452596257417093962e+06 9.122423504161519500e-10 1.754784107600907159e-07
2.452596257451793645e+06 -7.770374333940056942e-08 1.786671285950300663e-07
2.452596257486493327e+06 -8.887795911435109596e-08 1.767772013512154186e-07
2.452596257521193009e+06 -8.950234772345178434e-08 1.739426858463952175e-07
2.452596257555892691e+06 -1.045514602963976024e-07 1.698954939932058617e-07
2.452596257590592373e+06 -1.050072604217516130e-07 1.645828389863121432e-07
2.452596257625292055e+06 9.010114278792087653e-09 1.652334666987720896e-07
2.452596257659991737e+06 1.188699828173718975e-07 1.784007049315133884e-07
2.452596257694691420e+06 1.007573756604429617e-07 1.972809391436142991e-07
2.452596257729391102e+06 7.522918428835251185e-08 2.145151779691553971e-07
2.452596257764090784e+06 1.671752314007333030e-07 2.362179694933278949e-07
2.452596257798790466e+06 -1.112668718019459740e-07 2.483200355219734764e-07
2.452596257833490148e+06 -1.043953910351736701e-07 2.454864392352885570e-07
2.452596257868189830e+06 -6.873643471494832377e-08 2.446626093275417740e-07
2.452596257902889512e+06 -2.842834201303832192e-07 2.333897803307848386e-07
2.452596257937589195e+06 -2.123113656368201501e-07 2.131669913501740739e-07
2.452596257972288877e+06 -7.764639798654715181e-08 2.033182470351941302e-07
2.452596258006988559e+06 4.094531362391041768e-08 2.070452679899559940e-07
2.452596258041688241e+06 6.405286643202035506e-08 2.187730902003750721e-07
2.452596258076387923e+06 -4.425957732941245133e-08 2.261023605673045823e-07
2.452596258111087605e+06 -7.710166961206103287e-08 2.256295143539375081e-07
2.452596258145787288e+06 -5.833943794535479220e-08 2.241159762782442208e-07
2.452596258180486970e+06 -1.776659150986397001e-08 2.256562156455711419e-07
2.452596258215186652e+06 -1.351583225110686331e-07 2.227213764811393975e-07
2.452596258249886334e+06 -6.661021463562677931e-08 2.166551220418711904e-07
2.452596258284586016e+06 -5.532103444024831954e-08 2.145664636519307952e-07
2.452596258319285698e+06 -6.428490817655920701e-08 2.122933352934796891e-07
2.452596258353985380e+06 7.714503798411846225e-08 2.171828577938117801e-07
2.452596258388685063e+06 3.348307157210602626e-08 2.276576205611844845e-07
2.452596258423384745e+06 -6.819501738526406040e-08 2.302747394474401203e-07
2.452596258458084427e+06 -6.366889099211194039e-08 2.273335823416245690e-07
2.452596258492784109e+06 2.362483349046638311e-07 2.412305825665064253e-07
2.452596258527483791e+06 5.328992500726306464e-08 2.622684638458772387e-07
2.452596258562183473e+06 -1.262390295929026969e-08 2.701446065163998184e-07
2.452596258596883155e+06 1.013049354558090972e-08 2.757686287568395950e-07
2.452596258631582838e+06 6.848040879713579751e-08 2.860371983962788446e-07
2.452596258666282520e+06 -1.656083577133956403e-08 2.951021926926560569e-07
2.452596258700982202e+06 1.235409160139777317e-07 3.075116555130453153e-07
2.452596258735681884e+06 3.113647341245376896e-07 3.388538327196093580e-07
2.452596258770381566e+06 3.257360057757824060e-07 3.830176290635298796e-07
2.452596258805081248e+06 1.290229815504636446e-07 4.189282222465662242e-07
2.452596258839780930e+06 -5.569602149309743237e-08 4.348613973774548777e-07
2.452596258874480613e+06 -1.635631023623926634e-07 4.347481890845267350e-07
2.452596258909180295e+06 -1.471463755413511146e-07 4.290899232036854551e-07
2.452596258943879977e+06 -1.904254668984579412e-07 4.212429696018169112e-07
2.452596258978579659e+06 -3.290304099632305451e-07 4.023381344536349492e-07
2.452596259013279341e+06 -2.986962252167352558e-07 3.759574082366519599e-07
2.452596259047979023e+06 -1.461539042201083096e-07 3.581738913588908938e-07
2.452596259082678705e+06 6.542069765686497146e-08 3.597088520409375798e-07
2.452596259117378388e+06 -2.562833711345354227e-07 3.548074762182270157e-07
2.452596259152078070e+06 -2.289669765182503131e-07 3.327196227431343336e-07
2.452596259186777752e+06 -6.999860925617677834e-08 3.197020949701104971e-07
2.452596259221477434e+06 -9.468072429564855589e-08 3.133201601013352107e-07
2.452596259256177116e+06 2.365033393718861982e-08 3.116444759023016192e-07
2.452596259290876798e+06 1.107196863270358746e-07 3.212482581057166753e-07
2.452596259325576480e+06 1.860663423781999891e-07 3.403057297278028688e-07
2.452596259360276163e+06 2.854786905492343199e-07 3.700105839129650520e-07
2.452596259394975845e+06 5.488427635505595279e-09 3.908363280495603132e-07
2.452596259429675527e+06 1.208206622824075164e-08 3.970458355913494918e-07
2.452596259464375209e+06 1.043082814651079191e-07 4.088814227507325167e-07
2.452596259499074891e+06 -2.292432040838714180e-08 4.190772763596612899e-07
2.452596259533774573e+06 1.067724675080999775e-07 4.296565998943196155e-07
2.452596259568474256e+06 -5.957782614443072779e-08 4.384236913161551267e-07
2.452596259603173938e+06 1.507490484453229398e-09 4.413997602966808583e-07
2.452596259637873620e+06 2.055291924780020221e-07 4.592006177760291902e-07
2.452596259672573302e+06 1.422829880717859236e-07 4.855867571023964211e-07
2.452596259707272984e+06 -3.352898075297394259e-09 5.012437003553910781e-07
2.452596259741972666e+06 -1.293274016712733222e-07 5.020388036948796379e-07
2.452596259776672348e+06 -1.395261218687005434e-07 4.948268048631904629e-07
2.452596259811372031e+06 1.005859813985340264e-07 4.998708485071615010e-07
2.452596259846071713e+06 2.921134678159882202e-08 5.143728318263219514e-07
2.452596259880771395e+06 3.006821232303602201e-08 5.253139363445570359e-07
2.452596259915471077e+06 2.033683231097311980e-08 5.359792350748690206e-07
2.452596259950170759e+06 -1.528009084262995361e-07 5.365167263892814909e-07
2.452596259984870441e+06 4.127355181202909433e-08 5.378997299238098553e-07
2.452596260019570123e+06 1.059096054795455689e-07 5.536108789621079326e-07
2.452596260054269806e+06 5.060181211126097885e-08 5.703205260917455165e-07
2.452596260088969488e+06 -7.416624964491997436e-08 5.773695741300626810e-07
2.452596260123669170e+06 4.619078317780815719e-08 5.841609357821574379e-07
2.452596260158368852e+06 -4.665000887916253490e-08 5.924823786101535851e-07
2.452596260193068534e+06 -2.212557933528587020e-07 5.857465374389146842e-07
2.452596260227768216e+06 -2.427022005740159205e-07 5.671866705580559867e-07
2.452596260262467898e+06 -2.324432038549332905e-08 5.584523607547852482e-07
2.452596260297167581e+06 -6.233237599202446282e-08 5.590878997406937982e-07
2.452596260331867263e+06 -4.101497566520926737e-08 5.584065138528558081e-07
2.452596260366566945e+06 -9.427997776637814952e-09 5.603362940168399713e-07
2.452596260401266627e+06 -8.081855088253867525e-08 5.597830550751242702e-07
2.452596260435966309e+06 4.216417441996490628e-08 5.617830294177630234e-07
2.452596260470665991e+06 8.752159468593236695e-08 5.730738589212085767e-07
2.452596260505365673e+06 7.122091975702619092e-08 5.862813332552190185e-07
2.452596260540065356e+06 4.480204427958881446e-08 5.974469159418053715e-07
2.452596260574765038e+06 -1.597072806665598709e-07 5.958219856333309800e-07
2.452596260609464720e+06 -9.978320568423795624e-08 5.856034255450015249e-07
2.452596260644164402e+06 4.898639664296767531e-08 5.863042398730050160e-07
2.452596260678864084e+06 -4.215089839190612249e-08 5.899818733850674886e-07
2.452596260713563766e+06 2.780464387339788851e-08 5.923459339021761661e-07
2.452596260748263448e+06 5.331742271875858454e-08 5.999205156477730554e-07
2.452596260782963131e+06 4.539484867776153404e-08 6.085850028434371869e-07
2.452596260817662813e+06 4.710125786494550229e-08 6.170512022665176488e-07
2.452596260852362495e+06 4.404901345059856581e-08 6.255820157909228092e-07
2.452596260887062177e+06 1.122774864918181627e-07 6.379378693879457544e-07
2.452596260921761859e+06 1.525342294620708373e-07 6.567665837843101741e-07
2.452596260956461541e+06 1.695918909579208350e-07 6.795143631739097598e-07
2.452596260991161224e+06 1.839948947641705861e-07 7.049168002531129007e-07
2.452596261025860906e+06 9.291545312573666501e-08 7.269896369404716696e-07
2.452596261060560588e+06 3.270010100707249094e-08 7.413230692867798779e-07
2.452596261095260270e+06 -2.531914798686249662e-08 7.493606446307540309e-07
2.452596261129959952e+06 -1.527077132391844600e-07 7.469656329389708117e-07
2.452596261164659634e+06 -1.961368804726209516e-07 7.344077025959953560e-07
2.452596261199359316e+06 -8.660112945515768100e-08 7.245426237857184959e-07
2.452596261234058999e+06 1.514904295628240216e-08 7.257322892904256998e-07
2.452596261268758681e+06 -1.789068348243079088e-07 7.214225924181836499e-07
2.452596261303458363e+06 -6.020600578425772901e-08 7.122848552801191479e-07
2.452596261338158045e+06 -2.004521165870997094e-08 7.113070406906329632e-07
2.452596261372857727e+06 -8.056765754826048192e-08 7.088088637094059326e-07
2.452596261407557409e+06 -2.265939068305264461e-07 6.941970216125847648e-07
2.452596261442257091e+06 -2.908592252969928458e-08 6.814182231592577409e-07
2.452596261476956774e+06 5.722386866276046076e-08 6.837167207484746260e-07
2.452596261511656456e+06 -2.433700970591545602e-08 6.861409825824893017e-07
2.452596261546356138e+06 -2.491008249996718298e-07 6.711263157625573736e-07
2.452596261581055820e+06 -2.479980858664151643e-07 6.424251010801717540e-07
2.452596261615755502e+06 -4.490603231514829151e-08 6.235081798507510658e-07
2.452596261650455184e+06 3.107764525276568069e-08 6.191575569778904538e-07
2.452596261685154866e+06 -4.200979854012918736e-09 6.167006259152392172e-07
2.452596261719854549e+06 -7.161877398712883313e-08 6.081470823190010310e-07
2.452596261754554231e+06 -9.300114785639627839e-08 5.939696091128361461e-07
2.452596261789253913e+06 -1.297320602048526444e-09 5.828769238138790163e-07
2.452596261823953595e+06 8.204423367602135096e-08 5.809702926030707766e-07
2.452596261858653277e+06 -8.826960122059726797e-08 5.739495669855784620e-07
2.452596261893352959e+06 -4.343066654876641464e-08 5.593785058079314184e-07
2.452596261928052641e+06 8.880191222677350559e-09 5.494507024324742627e-07
2.452596261962752324e+06 4.186329758031740073e-08 5.437633206083436349e-07
2.452596261997452006e+06 4.700061497262927992e-08 5.398925988038502018e-07
2.452596262032151688e+06 1.169845371310385906e-07 5.400387227672352240e-07
2.452596262066851370e+06 9.136260478409248502e-08 5.426880485707068289e-07
2.452596262101551052e+06 1.390191712164591643e-08 5.396500761266675859e-07
2.452596262136250734e+06 -8.133566874280766854e-08 5.266957802436512668e-07
2.452596262170950416e+06 -4.369052739580426151e-07 4.875967097636071090e-07
2.452596262205650099e+06 -2.983455473510976065e-07 4.341979319964349702e-07
2.452596262240349781e+06 -1.217707913716120898e-07 3.958523809453537180e-07
2.452596262275049463e+06 -5.427754883731800955e-10 3.724334823630106721e-07
2.452596262309749145e+06 -1.818123642983749167e-08 3.538008651130418601e-07
2.452596262344448827e+06 -4.051561229020909070e-08 3.321261510039798479e-07
2.452596262379148509e+06 -6.894322784133441423e-08 3.066642669803960988e-07
2.452596262413848191e+06 -8.078532137063046761e-08 2.778357960174569272e-07
2.452596262448547874e+06 -2.586088177758985854e-08 2.502036934605543191e-07
2.452596262483247556e+06 1.589378248755883208e-07 2.349766015194502429e-07
2.452596262517947238e+06 1.987880851972454492e-07 2.319931285111804059e-07
2.452596262552646920e+06 1.267955913339117082e-07 2.274146238825893100e-07
2.452596262587346602e+06 7.456370651551236214e-08 2.159650630411268696e-07
2.452596262622046284e+06 1.790227573987259431e-08 1.981591934017286750e-07
2.452596262656745967e+06 2.814939366830858412e-08 1.772087288466841564e-07
2.452596262691445649e+06 3.413898500044591390e-08 1.565105335204376009e-07
2.452596262726145331e+06 -1.432121670138776778e-07 1.255042231041655956e-07
2.452596262760845013e+06 8.222747144478835644e-08 9.606917007457459992e-08
2.452596262795544695e+06 1.071701821097993602e-08 7.430351315345013823e-08
2.452596262830244377e+06 -2.166251418777889198e-09 4.718071951888359272e-08
2.452596262864944059e+06 5.221802194650113951e-08 2.155685684562603826e-08
2.452596262899643742e+06 7.425936896154776668e-08 -4.844901694205889129e-10
2.452596262934343424e+06 -6.141744536032905940e-08 -2.946316334630670687e-08
2.452596262969043106e+06 3.805949433622500572e-08 -6.134512694455287438e-08
2.452596263003742788e+06 2.126957234734581072e-07 -7.871867502585066862e-08
2.452596263038442470e+06 -2.745391401956722994e-08 -9.997103773143019918e-08
2.452596263073142152e+06 1.798793743291882896e-07 -1.234388260620534503e-07
2.452596263107841834e+06 2.752455600685296445e-07 -1.302574936702877848e-07
2.452596263142541517e+06 2.725982832145622974e-07 -1.313839914502490196e-07
2.452596263177241199e+06 3.892489133704483200e-07 -1.253035094261762238e-07
2.452596263211940881e+06 4.953636142674523379e-07 -1.054840066585282947e-07
2.452596263246640563e+06 3.363642973037584546e-07 -8.677494361458880218e-08
2.452596263281340245e+06 8.257106532012579530e-08 -8.958578825364582018e-08
2.452596263316039927e+06 2.276905417198893841e-07 -9.788735433503760431e-08
2.452596263350739609e+06 1.787121004543411519e-07 -1.003943912329069102e-07
2.452596263385439292e+06 2.181333668697463370e-07 -1.027645281089349643e-07
2.452596263420138974e+06 2.215384693525992114e-07 -1.020285107446817633e-07
2.452596263454838656e+06 1.960169566544952381e-07 -1.016897343382258879e-07
2.452596263489538338e+06 2.149529186957048991e-07 -1.008933835216534348e-07
2.452596263524238020e+06 2.838438265128118197e-08 -1.087166493217634949e-07
2.452596263558937702e+06 -5.346084811193556207e-09 -1.285944452215857177e-07
2.452596263593637384e+06 1.231833789248936121e-07 -1.433567315655903238e-07
2.452596263628337067e+06 3.154961295140988384e-07 -1.399458152718122294e-07
2.452596263663036749e+06 2.533317369785449802e-07 -1.281640898101707755e-07
2.452596263697736431e+06 1.555593801037026661e-07 -1.239652651954924716e-07
2.452596263732436113e+06 1.035520613482977470e-07 -1.271912869330473124e-07
2.452596263767135795e+06 2.180582189298836249e-07 -1.262492406321626897e-07
2.452596263801835477e+06 3.666097366595160196e-07 -1.095884977468985829e-07
2.452596263836535159e+06 2.518959744246947820e-07 -8.933455912619842033e-08
2.452596263871234842e+06 5.657894800319914739e-08 -8.474730012040942677e-08
2.452596263905934524e+06 3.796696077495698041e-07 -7.194368660451716871e-08
2.452596263940634206e+06 2.285212232141350645e-07 -4.800431038994686102e-08
2.452596263975333888e+06 1.358407287046308249e-07 -3.585068571794418978e-08
2.452596264010033570e+06 1.020000118891454537e-07 -2.950806193119686548e-08
2.452596264044733252e+06 8.750684630670314046e-08 -2.488588868258666810e-08
2.452596264079432935e+06 3.021590046317361647e-07 -8.049604440748368421e-09
2.452596264114132617e+06 1.837237781842026403e-07 1.576086226310077528e-08
2.452596264148832299e+06 6.286944205825112476e-08 2.793299764643295844e-08
2.452596264183531981e+06 4.083530592877745265e-08 3.326603342486869770e-08
2.452596264218231663e+06 2.506983771133937072e-07 5.006260562972170753e-08
2.452596264252931345e+06 -1.419187990518955387e-07 5.797492846860127616e-08
2.452596264287631027e+06 -3.155816250947486185e-07 3.483618641961551116e-08
2.452596264322330710e+06 -2.214402074972405929e-07 6.486789571809283923e-09
2.452596264357030392e+06 -1.055952287264920394e-07 -1.098236937618627150e-08
2.452596264391730074e+06 -1.055953582522080456e-07 -2.230066456020014984e-08
2.452596264426429756e+06 -1.411332159108091114e-07 -3.569149317582997126e-08
2.452596264461129438e+06 -1.914518450627291222e-07 -5.410857319165775904e-08
2.452596264495829120e+06 -2.440070383154697198e-07 -7.877849666586278245e-08
2.452596264530528802e+06 -1.354854893491150837e-07 -1.010518347191393141e-07
2.452596264565228485e+06 -6.747147603095225347e-08 -1.139778903136963504e-07
2.452596264599928167e+06 -1.112202912862931883e-07 -1.256559916134840376e-07
2.452596264634627849e+06 -1.367392478208277467e-07 -1.413036435077562110e-07
2.452596264669327531e+06 1.119986871933957259e-07 -1.446046136867043433e-07
2.452596264704027213e+06 1.096717691231750548e-07 -1.335911163759634539e-07
2.452596264738726895e+06 1.796556059880810132e-08 -1.267485245170729694e-07
2.452596264773426577e+06 -8.623812607292036646e-08 -1.300741975955731418e-07
2.452596264808126260e+06 -6.981796202011797684e-08 -1.380139678804136094e-07
2.452596264842825942e+06 -5.133076297570568432e-08 -1.438878791147370272e-07
2.452596264877525624e+06 -1.327175694693309597e-07 -1.531169775751102545e-07
2.452596264912225306e+06 -2.794647986256575809e-07 -1.752210169441931151e-07
2.452596264946924988e+06 -3.290362620717134422e-07 -2.090870242433802325e-07
2.452596264981624670e+06 -1.977621180613745239e-07 -2.396203487805304477e-07
2.452596265016324352e+06 -1.202820478436679002e-07 -2.594466386893758604e-07
2.452596265051024035e+06 -1.442814914566168811e-07 -2.767558045103281629e-07
2.452596265085723717e+06 -2.819072232510848641e-07 -3.035613189471549048e-07
2.452596265120423399e+06 -9.384556538553130992e-08 -3.283788618553730757e-07
2.452596265155123081e+06 1.087078048199317974e-07 -3.318685816786036824e-07
2.452596265189822763e+06 1.938491247758342470e-07 -3.187045244912441837e-07
2.452596265224522445e+06 -1.870707917449762347e-08 -3.114666015864124776e-07
2.452596265259222127e+06 4.768361616737449326e-08 -3.115500304405363402e-07
2.452596265293921810e+06 1.131174470917722677e-08 -3.094047667561714931e-07
2.452596265328621492e+06 -5.734922244090291428e-08 -3.125545697290862896e-07
2.452596265363321174e+06 -7.796994123638454227e-08 -3.204030067832860772e-07
2.452596265398020856e+06 1.808022333651025188e-07 -3.147067644095117412e-07
2.452596265432720538e+06 1.720324277370413006e-07 -2.940837809431287268e-07
2.452596265467420220e+06 1.128923465858167086e-07 -2.757234241716114852e-07
2.452596265502119903e+06 5.912019206352453719e-08 -2.623186480564030255e-07
2.452596265536819585e+06 3.103527249855017289e-08 -2.524060019818292088e-07
2.452596265571519267e+06 -1.204584388091044858e-07 -2.517167393683870261e-07
2.452596265606218949e+06 -1.265240405521870663e-07 -2.595170654558851805e-07
2.452596265640918631e+06 -1.308485776922746876e-08 -2.613010853848738866e-07
2.452596265675618313e+06 -8.157518273757400226e-08 -2.602838888539712793e-07
2.452596265710317995e+06 -3.265927586179806888e-09 -2.583138411226271287e-07
2.452596265745017678e+06 6.298358312211969086e-08 -2.477416046312953119e-07
2.452596265779717360e+06 7.683563490187065078e-08 -2.317688736922502806e-07
2.452596265814417042e+06 -1.682040701107136096e-08 -2.191676503298874850e-07
2.452596265849116724e+06 -2.958828177521452736e-07 -2.266946845600132634e-07
2.452596265883816406e+06 -1.862615102961846046e-07 -2.439550327744445001e-07
2.452596265918516088e+06 -2.046226624586700649e-08 -2.463354475523490951e-07
2.452596265953215770e+06 -1.623176167406967170e-07 -2.472555212696676131e-07
2.452596265987915453e+06 -2.501120568889304273e-07 -2.609779012101134122e-07
2.452596266022615135e+06 2.344573129997244729e-08 -2.647210103643473197e-07
2.452596266057314817e+06 9.337043924905828484e-08 -2.490459632562578442e-07
2.452596266092014499e+06 -7.129159248775237163e-08 -2.376948136998789144e-07
2.452596266126714181e+06 -6.939913381916307940e-08 -2.347673245961317408e-07
2.452596266161413863e+06 -1.768002114525924605e-07 -2.374972569882476610e-07
2.452596266196113545e+06 -2.307925261249608336e-07 -2.493574926205652012e-07
2.452596266230813228e+06 -2.136573751074247971e-07 -2.638054239091723411e-07
2.452596266265512910e+06 -2.081921453358351821e-07 -2.776208371568241128e-07
2.452596266300212592e+06 -2.333770192739633855e-07 -2.931610913191675199e-07
2.452596266334912274e+06 -9.341661840093558042e-08 -3.029180760597188113e-07
2.452596266369611956e+06 1.065509296340554788e-07 -2.938619500765493239e-07
2.452596266404311638e+06 -2.586487346334256541e-07 -2.935423271826965801e-07
2.452596266439011320e+06 -1.434136441711499639e-07 -3.072287710878911239e-07
2.452596266473711003e+06 -2.270028233735651981e-07 -3.197628035386435534e-07
2.452596266508410685e+06 -3.275541294771988683e-07 -3.432749522408296182e-07
2.452596266543110367e+06 -1.573804654271378469e-07 -3.640079886310554762e-07
2.452596266577810049e+06 -1.504186603485076589e-07 -3.757296951966072482e-07
2.452596266612509731e+06 -9.092335588501730958e-08 -3.842082852801903428e-07
2.452596266647209413e+06 -2.578133457393520984e-08 -3.859840941515836339e-07
2.452596266681909095e+06 8.114775212282428438e-10 -3.825633544760781465e-07
2.452596266716608778e+06 -1.544373523534579830e-07 -3.861314173891036780e-07
2.452596266751308460e+06 -1.694318864190364252e-07 -3.994205033475747131e-07
2.452596266786008142e+06 -1.840179521491024802e-07 -4.150036612107137818e-07
2.452596266820707824e+06 -2.008686837145445917e-07 -4.331046003067128447e-07
2.452596266855407506e+06 -5.616294315260006917e-08 -4.448512861156770887e-07
2.452596266890107188e+06 -1.073849555214584572e-07 -4.518418597644812966e-07
2.452596266924806871e+06 -1.541475194346261186e-07 -4.646407944778564217e-07
2.452596266959506553e+06 -1.513714965131302155e-07 -4.805064592782514073e-07
2.452596266994206235e+06 -1.481916999799066892e-07 -4.967758976903740692e-07
2.452596267028905917e+06 -1.446371642700518510e-07 -5.134200752791245753e-07
2.452596267063605599e+06 -1.537410147361278773e-07 -5.311458320797545144e-07
2.452596267098305281e+06 -2.400810661257691118e-07 -5.550820386870272052e-07
2.452596267133004963e+06 -2.992772792290854538e-07 -5.883789511251545558e-07
2.452596267167704646e+06 -2.483613930501310684e-07 -6.237621442724129594e-07
2.452596267202404328e+06 -1.958405298893743229e-07 -6.550063430872650491e-07
2.452596267237104010e+06 -1.137233020706173111e-07 -6.801036712812513981e-07
2.452596267271803692e+06 -5.884302222489909930e-08 -6.985727975571872421e-07
2.452596267306503374e+06 -1.305265039963028489e-07 -7.187354427003320541e-07
2.452596267341203056e+06 -1.852587352363819839e-07 -7.468628188259901181e-07
2.452596267375902738e+06 -1.787223533245594281e-07 -7.789434982247880344e-07
2.452596267410602421e+06 -1.576058783064674484e-07 -8.108803623775253989e-07
2.452596267445302103e+06 -4.852974450446623738e-08 -8.368474485793237768e-07
2.452596267480001785e+06 2.225023012955087480e-08 -8.536977884171136433e-07
2.452596267514701467e+06 -9.023798592923342072e-08 -8.734478857479117028e-07
2.452596267549401149e+06 -1.599582275592608471e-07 -9.041780828194462138e-07
2.452596267584100831e+06 -2.421837879562153170e-08 -9.324297943981317823e-07
2.452596267618800513e+06 9.208709890880205148e-08 -9.475365968298010281e-07
2.452596267653500196e+06 1.573638092095583342e-07 -9.527615903212290001e-07
2.452596267688199878e+06 2.050661873338320244e-07 -9.514471167545794403e-07
2.452596267722899560e+06 1.770887451670125102e-07 -9.485142057374735451e-07
2.452596267757599242e+06 1.609635580907472943e-07 -9.474878043329140684e-07
2.452596267792298924e+06 2.092994955587962339e-07 -9.441629204579808246e-07
2.452596267826998606e+06 2.570864436897278073e-07 -9.348112414559126710e-07
2.452596267861698288e+06 3.346198319150292950e-07 -9.174708447499875490e-07
2.452596267896397971e+06 3.798647112464349759e-07 -8.918749646671343848e-07
2.452596267931097653e+06 2.619056502752376822e-07 -8.686523847729508155e-07
2.452596267965797335e+06 1.681082885255180586e-07 -8.558128730514262597e-07
2.452596268000497017e+06 1.756633269690945448e-07 -8.468406030331528647e-07
2.452596268035196699e+06 1.773340429560860421e-07 -8.365636423123962306e-07
2.452596268069896381e+06 1.473604236661408457e-07 -8.270476955317167674e-07
2.452596268104596063e+06 1.226177903487361425e-07 -8.198411383814250903e-07
2.452596268139295746e+06 1.194813091994326292e-07 -8.135650400569737181e-07
2.452596268173995428e+06 1.193754804638172849e-07 -8.068898734452560608e-07
2.452596268208695110e+06 1.423238179916887797e-07 -7.983331667754278251e-07
2.452596268243394792e+06 1.479013342920136450e-07 -7.874871144336699957e-07
2.452596268278094474e+06 4.832850128947189367e-08 -7.811679310586758369e-07
2.452596268312794156e+06 -2.148271611084495493e-08 -7.838917235075044128e-07
2.452596268347493839e+06 6.273893979105073379e-08 -7.857652455556882201e-07
2.452596268382193521e+06 1.209831370368535427e-07 -7.795127815735540663e-07
2.452596268416893203e+06 4.619426196748323967e-08 -7.736939600756601657e-07
2.452596268451592885e+06 -2.385297260620490324e-08 -7.755930048137808326e-07
2.452596268486292567e+06 -1.081137279179333770e-07 -7.861657915274288706e-07
2.452596268520992249e+06 -1.659738050407355169e-07 -8.051880842493455459e-07
2.452596268555691931e+06 -8.613064505579660278e-08 -8.238321842083162329e-07
2.452596268590391614e+06 -2.094842764112432047e-08 -8.351152527923978513e-07
2.452596268625091296e+06 -1.702910887223010403e-08 -8.429267503226487804e-07
2.452596268659790978e+06 -1.089980810070778705e-08 -8.504149917878760628e-07
2.452596268694490660e+06 1.377247566793216834e-08 -8.563885853509482591e-07
2.452596268729190342e+06 3.644066971699849290e-08 -8.598312598082700775e-07
2.452596268763890024e+06 6.064254937646517079e-08 -8.606351740204078554e-07
2.452596268798589706e+06 7.850359620922247459e-08 -8.589339193652504050e-07
2.452596268833289389e+06 6.459769772043040663e-08 -8.567519737461297792e-07
2.452596268867989071e+06 4.534470608021648740e-08 -8.561670175982492608e-07
2.452596268902688753e+06 -2.564339067986853207e-08 -8.604953776764628733e-07
2.452596268937388435e+06 -7.568055162928495699e-08 -8.717415959268739138e-07
2.452596268972088117e+06 -8.269477336330208669e-09 -8.824526081355401491e-07
2.452596269006787799e+06 5.377147134396462828e-08 -8.862616362773512524e-07
2.452596269041487481e+06 1.214094537959524675e-07 -8.827849214093484493e-07
2.452596269076187164e+06 1.629225825961429016e-07 -8.727970194333313815e-07
2.452596269110886846e+06 3.832414768431523484e-08 -8.668218581015299143e-07
2.452596269145586528e+06 -6.290908693966884317e-08 -8.731500546740084062e-07
2.452596269180286210e+06 -6.229172646313736441e-08 -8.853671482351184232e-07
2.452596269214985892e+06 -5.867795770134032954e-08 -8.978589873788606839e-07
2.452596269249685574e+06 -3.189056582260339321e-08 -9.091541888032746526e-07
2.452596269284385256e+06 -2.799464186373871412e-09 -9.177420962028291769e-07
2.452596269319084939e+06 6.593976854276838841e-08 -9.211020350909087966e-07
2.452596269353784621e+06 1.206105073878035583e-07 -9.175071421122659292e-07
2.452596269388484303e+06 1.087846602927993599e-07 -9.111410700722525011e-07
2.452596269423183985e+06 8.980383847549766399e-08 -9.060244747468156479e-07
2.452596269457883667e+06 -1.157764297686232380e-09 -9.067032590723104642e-07
2.452596269492583349e+06 -7.587778882919132135e-08 -9.166409909618085311e-07
2.452596269527283031e+06 -8.106469779976990275e-08 -9.314835841176491222e-07
2.452596269561982714e+06 -7.851781303276985052e-08 -9.471188060887250435e-07
2.452596269596682396e+06 -1.273174508298864285e-08 -9.595677397794105612e-07
2.452596269631382078e+06 4.455825724266912288e-08 -9.655568551298073741e-07
2.452596269666081760e+06 7.740584465472113271e-08 -9.665961162920659392e-07
2.452596269700781442e+06 9.874786751418152952e-08 -9.644510462933521990e-07
2.452596269735481124e+06 3.950231643415835745e-08 -9.641573195260674819e-07
2.452596269770180807e+06 -1.599833089601926608e-08 -9.701583698266032664e-07
2.452596269804880489e+06 -8.933836132261611058e-08 -9.835858437062456854e-07
2.452596269839580171e+06 -1.485125424700235132e-07 -1.005036876034006310e-06
2.452596269874279853e+06 -1.407798115026647906e-07 -1.030345110421827339e-06
2.452596269908979535e+06 -1.282369609230451009e-07 -1.055644855360703982e-06
2.452596269943679217e+06 -6.914757848782768441e-08 -1.078012403939198481e-06
2.452596269978378899e+06 -1.902460235823503109e-08 -1.095147319455545461e-06
2.452596270013078582e+06 -9.950549280240251125e-09 -1.109579027603587609e-06
2.452596270047778264e+06 -2.011732040535594100e-09 -1.123532814392502514e-06
2.452596270082477946e+06 -1.127027734004839195e-09 -1.137433257421961266e-06
2.452596270117177628e+06 3.675672647445255575e-09 -1.151442230323623955e-06
2.452596270151877310e+06 4.678137611971727556e-08 -1.163167364569569226e-06
2.452596270186576992e+06 8.098214524441236283e-08 -1.170814003287065768e-06
2.452596270221276674e+06 6.105106232980069056e-08 -1.177717265598239060e-06
2.452596270255976357e+06 5.115572807708227883e-08 -1.186322291467388807e-06
2.452596270290676039e+06 1.296866676835663599e-07 -1.191149520934846098e-06
2.452596270325375721e+06 1.937263082567033694e-07 -1.187813688553506151e-06
2.452596270360075403e+06 1.815141039825478126e-07 -1.181005516177041849e-06
2.452596270394775085e+06 1.724931933402006124e-07 -1.174672377898357442e-06
2.452596270429474767e+06 1.933602987054296333e-07 -1.166976824156498447e-06
2.452596270464174449e+06 2.123084168957581449e-07 -1.156272737938854646e-06
2.452596270498874132e+06 2.407179806887588908e-07 -1.141982493541325790e-06
2.452596270533573814e+06 2.658156654043678961e-07 -1.123579555664183925e-06
2.452596270568273496e+06 2.960839870854457178e-07 -1.100755473054004128e-06
2.452596270602973178e+06 3.193570267764749776e-07 -1.073397614271113214e-06
2.452596270637672860e+06 3.105958754352280348e-07 -1.043493898211908943e-06
2.452596270672372542e+06 3.071483493955655384e-07 -1.012446500390053536e-06
2.452596270707072224e+06 3.786416631528083487e-07 -9.756902344935184252e-07
2.452596270741771907e+06 4.244105932425154395e-07 -9.301734508122379373e-07
2.452596270776471589e+06 2.622779483134176598e-07 -8.886698056223992903e-07
2.452596270811171271e+06 1.208543505545689650e-07 -8.620139866139742482e-07
2.452596270845870953e+06 6.551096544750700322e-08 -8.450006367793950772e-07
2.452596270880570635e+06 2.380488454516330539e-08 -8.325356097703376829e-07
2.452596270915270317e+06 9.813800103631363126e-08 -8.175539018592611132e-07
2.452596270949969999e+06 1.509056260750213455e-07 -7.946014846404356472e-07
2.452596270984669682e+06 2.138687422723106813e-08 -7.747939164603897591e-07
2.452596271019369364e+06 -9.288601265122036301e-08 -7.677624325632908546e-07
2.452596271054069046e+06 -1.633193245965720468e-07 -7.708687933957637393e-07
2.452596271088768728e+06 -2.201874192566929073e-07 -7.814186550747820607e-07
2.452596271123468410e+06 -1.875299870290012086e-07 -7.939844087129222427e-07
2.452596271158168092e+06 -1.562585929026822960e-07 -8.036888726075835125e-07
2.452596271192867775e+06 -1.078052637957216295e-07 -8.094819896380066383e-07
2.452596271227567457e+06 -6.911116288537906311e-08 -8.107333106691102329e-07
2.452596271262267139e+06 -1.050631745794663318e-07 -8.119706237738792322e-07
2.452596271296966821e+06 -1.361614637338366118e-07 -8.171395128810126799e-07
2.452596271331666503e+06 -1.504930912699250569e-07 -8.252291909037107391e-07
2.452596271366366185e+06 -1.528469942148864587e-07 -8.347690981083548503e-07
2.452596271401065867e+06 -4.750638965659253319e-09 -8.366544770148746449e-07
2.452596271435765550e+06 1.158988488504774222e-07 -8.235245140177681254e-07
2.452596271470465232e+06 3.715953182940498984e-08 -8.074019906897748313e-07
2.452596271505164914e+06 -3.070945864663020716e-08 -7.987944444476815247e-07
2.452596271539864596e+06 -4.145634594394450625e-08 -7.942749562456279703e-07
2.452596271574564278e+06 -5.063164275929903950e-08 -7.907539602769925605e-07
2.452596271609263960e+06 -4.984888332329691602e-08 -7.876395189537651098e-07
2.452596271643963642e+06 -4.860390702314900989e-08 -7.843700448170978791e-07
2.452596271678663325e+06 -3.779363674693273487e-08 -7.803759305009187779e-07
2.452596271713363007e+06 -2.521750820117992347e-08 -7.749837699811017280e-07
2.452596271748062689e+06 3.865657832813669700e-08 -7.651270361200443857e-07
2.452596271782762371e+06 9.256042439000523550e-08 -7.482411132411147537e-07
2.452596271817462053e+06 9.091357777762278293e-08 -7.276667297762708056e-07
2.452596271852161735e+06 8.192888500803452939e-08 -7.067790191505023707e-07
2.452596271886861417e+06 -4.423236943964135096e-08 -6.926172118538594093e-07
2.452596271921561100e+06 -1.566386979818209461e-07 -6.914018440131341750e-07
2.452596271956260782e+06 -2.425511615408497415e-07 -7.015591647910079399e-07
2.452596271990960464e+06 -3.125598121372325134e-07 -7.212991128340372798e-07
2.452596272025660146e+06 -2.619413138368656667e-07 -7.434077089810222916e-07
2.452596272060359828e+06 -2.212409943466745119e-07 -7.617390921642317265e-07
2.452596272095059510e+06 -2.995098604804673509e-07 -7.833571678658552253e-07
2.452596272129759192e+06 -3.651504591539936419e-07 -8.144287481272002932e-07
2.452596272164458875e+06 -3.622214303881157072e-07 -8.508473549732057136e-07
2.452596272199158557e+06 -3.533432402248660849e-07 -8.886575736259916548e-07
2.452596272233858239e+06 -2.516998314496597018e-07 -9.223221042991264812e-07
2.452596272268557921e+06 -1.622019939589112161e-07 -9.470310114907968749e-07
2.452596272303257603e+06 -1.452334130041994340e-07 -9.670623582273077062e-07
2.452596272337957285e+06 -1.322841472208200061e-07 -9.864690658585188345e-07
2.452596272372656967e+06 -1.930694352024535629e-07 -1.009590607708714963e-06
2.452596272407356650e+06 -2.421095966959469979e-07 -1.040105826928784505e-06
2.452596272442056332e+06 -1.904317135751161131e-07 -1.072027837213358216e-06
2.452596272476756014e+06 -1.414330702235403418e-07 -1.099860975503134864e-06
2.452596272511455696e+06 -6.593573783497505058e-08 -1.122010633152403190e-06
2.452596272546155378e+06 -2.085382955650904826e-09 -1.137307835174203806e-06
2.452596272580855060e+06 -5.609453206719874683e-08 -1.152683195131140306e-06
2.452596272615554743e+06 -9.782367499796257008e-08 -1.174088367139388753e-06
2.452596272650254425e+06 1.140952187347546673e-08 -1.192600979938756322e-06
2.452596272684954107e+06 1.032196074388286564e-07 -1.200499244400869136e-06
2.452596272719653789e+06 1.348100971431731671e-08 -1.208442806810831396e-06
2.452596272754353471e+06 -6.072808343011287130e-08 -1.225803288636407452e-06
2.452596272789053153e+06 2.797416819627243985e-08 -1.242985802663094191e-06
2.452596272823752835e+06 1.029801436990906514e-07 -1.251530597491592438e-06
2.452596272858452518e+06 3.078098299364148978e-08 -1.260052606459664915e-06
2.452596272893152200e+06 -3.326794776199461476e-08 -1.276396284184649200e-06
2.452596272927851882e+06 -8.091186025421201639e-08 -1.299577262299046162e-06
2.452596272962551564e+06 -1.173279351603952368e-07 -1.328378396161253519e-06
2.452596272997251246e+06 2.109017606873370490e-08 -1.352560446916832975e-06
2.452596273031950928e+06 1.444903646469986943e-07 -1.362820000693678926e-06
2.452596273066650610e+06 2.215991923228241412e-07 -1.361859287528175919e-06
2.452596273101350293e+06 2.917901924039360391e-07 -1.352078396291215141e-06
2.452596273136049975e+06 4.112597862462547745e-07 -1.330614834890787957e-06
2.452596273170749657e+06 5.087531377909707451e-07 -1.295313719778419057e-06
2.452596273205449339e+06 3.198223583903947243e-07 -1.262885124682891563e-06
2.452596273240149021e+06 1.543065747634619997e-07 -1.248372189405514907e-06
2.452596273274848703e+06 1.905386521783007709e-07 -1.240029896956978049e-06
2.452596273309548385e+06 2.221866993110163332e-07 -1.227058213335991295e-06
2.452596273344248068e+06 2.511871678442280058e-07 -1.209629121300871080e-06
2.452596273378947750e+06 2.742707577745580819e-07 -1.188003507530066032e-06
2.452596273413647432e+06 2.284995552196447903e-07 -1.166201334562196859e-06
2.452596273448347114e+06 1.862551994072553764e-07 -1.147926008336855005e-06
2.452596273483046796e+06 1.473582177794380056e-07 -1.132998056296085168e-06
2.452596273517746478e+06 1.133844478535570315e-07 -1.121146918641943501e-06
2.452596273552446160e+06 1.617234165460912982e-07 -1.107623358128940033e-06
2.452596273587145843e+06 2.030405562354843995e-07 -1.088099169791702067e-06
2.452596273621845525e+06 1.878045595760061954e-07 -1.065864990176678671e-06
2.452596273656545207e+06 1.719565803717705105e-07 -1.044029105079622680e-06
2.452596273691244889e+06 1.061060316492898671e-07 -1.025496979377875709e-06
2.452596273725944571e+06 4.638642025127324111e-08 -1.012946890038895881e-06
2.452596273760644253e+06 -2.311132679765867465e-10 -1.005630689249431930e-06
2.452596273795343935e+06 -4.050594189504056771e-08 -1.002743528762324442e-06
2.452596273830043618e+06 3.705439929626780611e-08 -9.975156956282426980e-07
2.452596273864743300e+06 1.040719770831638816e-07 -9.837691846926972232e-07
2.452596273899442982e+06 4.275614256355166767e-08 -9.689100660574443317e-07
2.452596273934142664e+06 -1.215239892613419242e-08 -9.597863751100834983e-07
2.452596273968842346e+06 -1.247603655997195635e-08 -9.532744589414001837e-07
2.452596274003542028e+06 -1.284151902003161681e-08 -9.464446533860415531e-07
2.452596274038241711e+06 6.744299107917879621e-09 -9.381667319553600863e-07
2.452596274072941393e+06 2.386126081034290571e-08 -9.273879913708323606e-07
2.452596274107641075e+06 4.167548495012415239e-08 -9.140891353976146696e-07
2.452596274142340757e+06 5.697035942895827507e-08 -8.982548980473747838e-07
2.452596274177040439e+06 7.141921080207935356e-08 -8.799586537521221481e-07
2.452596274211740121e+06 8.345884307449403904e-08 -8.592737324210520075e-07
2.452596274246439803e+06 9.047907770047745431e-08 -8.365154082961266832e-07
2.452596274281139486e+06 9.567353215145811680e-08 -8.119848962941597935e-07
2.452596274315839168e+06 9.192090308548435030e-08 -7.862232362345199124e-07
2.452596274350538850e+06 8.718507241399560422e-08 -7.597542022735310856e-07
2.452596274385238532e+06 4.416221047344315261e-08 -7.347882996533655882e-07
2.452596274419938214e+06 4.713323591361414882e-09 -7.133963229166715702e-07
2.452596274454637896e+06 -3.132611303184987978e-08 -6.954015076552234023e-07
2.452596274489337578e+06 -6.419338161630854774e-08 -6.806372960959947439e-07
2.452596274524037261e+06 -1.079054902141059902e-07 -6.697306574515762962e-07
2.452596274558736943e+06 -1.471260426612418126e-07 -6.632642273335298163e-07
2.452596274593436625e+06 -1.363516444090725581e-07 -6.584102864316129003e-07
2.452596274628136307e+06 -1.266877987821258823e-07 -6.525037472442191197e-07
2.452596274662835989e+06 -1.703548111992174592e-07 -6.485748512483328660e-07
2.452596274697535671e+06 -2.091887160275483008e-07 -6.494790628412040389e-07
2.452596274732235353e+06 -1.697936144491810898e-07 -6.507875006387998001e-07
2.452596274766935036e+06 -1.340391152913595281e-07 -6.483109428448257802e-07
2.452596274801634718e+06 -1.777155076079392231e-07 -6.465457944515126779e-07
2.452596274836334400e+06 -2.165719325202181292e-07 -6.497514655017446501e-07
2.452596274871034082e+06 -2.264825741966821558e-07 -6.562883674393715685e-07
2.452596274905733764e+06 -2.345045608758651942e-07 -6.645909651283687999e-07
2.452596274940433446e+06 -1.379593962252814407e-07 -6.687346699402607049e-07
2.452596274975133128e+06 -5.066082796678017935e-08 -6.631083803317319435e-07
2.452596275009832811e+06 1.394674396238469845e-09 -6.497068192675103301e-07
2.452596275044532493e+06 4.746663665200742337e-08 -6.304543179208665068e-07
2.452596275079232175e+06 7.139521587309191333e-08 -6.066436795256686365e-07
2.452596275113931857e+06 9.185354951603315924e-08 -5.794993051772578846e-07
2.452596275148631539e+06 7.792926772182438970e-08 -5.510060555341124457e-07
2.452596275183331221e+06 6.428015028106496606e-08 -5.230453029058893688e-07
2.452596275218030903e+06 3.478575564856943114e-08 -4.965519300399679337e-07
2.452596275252730586e+06 7.450322823607478294e-09 -4.724035023563855850e-07
2.452596275287430268e+06 1.370080855557512859e-08 -4.487298187530397627e-07
2.452596275322129950e+06 1.898735560632222819e-08 -4.237360416022170195e-07
2.452596275356829632e+06 -2.015560064893239889e-08 -3.999399147638389848e-07
2.452596275391529314e+06 -5.629898761747954008e-08 -3.797696536425079256e-07
2.452596275426228996e+06 -3.378139516756735673e-08 -3.599560390784865823e-07
2.452596275460928679e+06 -1.326814045686243366e-08 -3.373361701899101388e-07
2.452596275495628361e+06 4.695400132623861921e-08 -3.096500503731892098e-07
2.452596275530328043e+06 1.007329904667727484e-07 -2.747711654930151122e-07
2.452596275565027725e+06 1.181196647886357599e-08 -2.407713587763846894e-07
2.452596275599727407e+06 -7.084799980789354979e-08 -2.154383612939707377e-07
2.452596275634427089e+06 -1.075050009348473895e-07 -1.963092626388888001e-07
2.452596275669126771e+06 -1.397847723590123446e-07 -1.808894327714464846e-07
2.452596275703826454e+06 -2.470664492159206472e-07 -1.733835184498031199e-07
2.452596275738526136e+06 -3.439893513494877264e-07 -1.778771977418289126e-07
2.452596275773225818e+06 -2.569969553134622278e-07 -1.840355654748780151e-07
2.452596275807925500e+06 -1.747695236430844992e-07 -1.818198730125606900e-07
2.452596275842625182e+06 -2.024875259002278378e-07 -1.772615989295856124e-07
2.452596275877324864e+06 -2.289848760791949159e-07 -1.763801707286407465e-07
2.452596275912024546e+06 -2.303926178649937821e-07 -1.778854793516921013e-07
2.452596275946724229e+06 -2.302741743311251476e-07 -1.803981092802044515e-07
2.452596275981423911e+06 -1.559366756466150664e-07 -1.796870440568466182e-07
2.452596276016123593e+06 -8.688873370715989755e-08 -1.716809452819008494e-07
2.452596276050823275e+06 -7.286508463018082433e-08 -1.593978548634604718e-07
2.452596276085522957e+06 -6.140351978420744219e-08 -1.458675617572635901e-07
2.452596276120222639e+06 -7.774928441843496560e-08 -1.327459389646281226e-07
2.452596276154922321e+06 -9.296785023025149481e-08 -1.215689409125662608e-07
2.452596276189622004e+06 -1.077869329808401605e-07 -1.123594931131486021e-07
2.452596276224321686e+06 -1.207054675127510980e-07 -1.050960654672029931e-07
2.452596276259021368e+06 -3.407216419673968254e-08 -9.415160840743551580e-08
2.452596276293721050e+06 4.640350394546428383e-08 -7.405442870539008614e-08
2.452596276328420732e+06 5.738099806630965213e-08 -4.859785689032292504e-08
2.452596276363120414e+06 6.479623827060380911e-08 -2.163733528171310772e-08
2.452596276397820096e+06 -8.505856330312274143e-08 -2.196437230791158740e-09
2.452596276432519779e+06 -2.239997288539370996e-07 1.040135947676874044e-09
2.452596276467219461e+06 -1.140125122660720870e-07 1.885850408740704809e-09
2.452596276501919143e+06 -6.741419865716935004e-09 1.413003494757506563e-08
2.452596276536618825e+06 -4.533453658005786308e-08 2.998787013401775988e-08
2.452596276571318507e+06 -8.446915979200919195e-08 4.137550850368636999e-08
2.452596276606018189e+06 -1.353678535178625711e-07 4.735512528633516630e-08
2.452596276640717871e+06 -1.808692944301080154e-07 4.727898444855418942e-08
2.452596276675417554e+06 -2.152064986665124201e-07 4.176565987176002148e-08
2.452596276710117236e+06 -2.445226444147342550e-07 3.145097716818207508e-08
2.452596276744816918e+06 -1.854378134154645578e-07 2.137378390639298675e-08
2.452596276779516600e+06 -1.278541665360578449e-07 1.647597130547673691e-08
2.452596276814216282e+06 -9.957332425925206077e-08 1.531085626659499531e-08
2.452596276848915964e+06 -7.446516829764420067e-08 1.625661013847606900e-08
2.452596276883615647e+06 -8.681011737898142218e-08 1.714210145814049847e-08
2.452596276918315329e+06 -9.857739078937063189e-08 1.589160096326608971e-08
2.452596276953015011e+06 -1.008878526092486196e-07 1.297034636347754826e-08
2.452596276987714693e+06 -1.017223714309582520e-07 8.921141184645519062e-09
2.452596277022414375e+06 -1.110767315131340546e-07 3.301586686243878211e-09
2.452596277057114057e+06 -1.188532595502031801e-07 -4.347069473960731313e-09
2.452596277091813739e+06 2.911179092703230947e-08 -5.224980521619358792e-09
2.452596277126513422e+06 1.693479271982557528e-07 9.409867249708512560e-09
2.452596277161213104e+06 7.230520427178899384e-08 2.654996148979432714e-08
2.452596277195912786e+06 -2.519232318189087762e-08 3.289646061474251925e-08
2.452596277230612468e+06 3.824385931945639115e-08 3.694413426271327012e-08
2.452596277265312150e+06 1.030297901751606523e-07 4.774901058834941222e-08
2.452596277300011832e+06 1.472756302695083435e-07 6.459499484873670948e-08
2.452596277334711514e+06 1.858931771717333253e-07 8.632787958068165191e-08
2.452596277369411197e+06 7.160614627886307175e-08 1.042480292584122366e-07
2.452596277404110879e+06 -3.876006473487682986e-08 1.097303066112821073e-07
2.452596277438810561e+06 2.234299591136128665e-08 1.120241046932792267e-07
2.452596277473510243e+06 8.610378272702045342e-08 1.208081752526059028e-07
2.452596277508209925e+06 7.960291806728813372e-08 1.326182674867259822e-07
2.452596277542909607e+06 7.037741561363535336e-08 1.434969638202929402e-07
2.452596277577609289e+06 1.501443670648705531e-07 1.582729234203845850e-07
2.452596277612308972e+06 2.263299827907621696e-07 1.819828771291750387e-07
2.452596277647008654e+06 1.529505643354286314e-07 2.064476570935729175e-07
2.452596277681708336e+06 7.870584983773836041e-08 2.232004897940616381e-07
2.452596277716408018e+06 5.904333935841566558e-08 2.348603069545932391e-07
2.452596277751107700e+06 4.439102387295582909e-08 2.445233866827971458e-07
2.452596277785807382e+06 6.335803822998300713e-08 2.542699875495850647e-07
2.452596277820507064e+06 8.238190473501322241e-08 2.660124533699426344e-07
2.452596277855206747e+06 1.174283315848517199e-07 2.807701091486814573e-07
2.452596277889906429e+06 1.497663504658574188e-07 2.994582843414107957e-07
2.452596277924606111e+06 1.284771995732722695e-07 3.191027217599564936e-07
2.452596277959305793e+06 1.059045685744692350e-07 3.366486767258415395e-07
2.452596277994005475e+06 8.549551097702339720e-08 3.520310582903762180e-07
2.452596278028705157e+06 6.712885399614439029e-08 3.653710392383372364e-07
2.452596278063404839e+06 7.671953706978372529e-08 3.782555080112170566e-07
2.452596278098104522e+06 8.702488745670822772e-08 3.922821674559665593e-07
2.452596278132804204e+06 8.574339911160964738e-08 4.068993989024576588e-07
2.452596278167503886e+06 8.378878461592635442e-08 4.214469783895455305e-07
2.452596278202203568e+06 2.779244504658256160e-08 4.328304074178555268e-07
2.452596278236903250e+06 -2.599787802139017571e-08 4.379540997676007589e-07
2.452596278271602932e+06 -7.705259956099228643e-08 4.367694730080247440e-07
2.452596278306302615e+06 -1.222150094274626867e-07 4.294393098414109190e-07
2.452596278341002297e+06 -3.057541190426338625e-08 4.237158879754221723e-07
2.452596278375701979e+06 6.184914248669261037e-08 4.274790749015202900e-07
2.452596278410401661e+06 1.134508246671489024e-07 4.389885629467609260e-07
2.452596278445101343e+06 1.571803153819674030e-07 4.559145453520930479e-07
2.452596278479801025e+06 1.033418618191204706e-07 4.725908014236758937e-07
2.452596278514500707e+06 4.778597997001698131e-08 4.833940008933618847e-07
2.452596278549200390e+06 5.227323780525306077e-08 4.913086112421899741e-07
2.452596278583900072e+06 6.062222492808962328e-08 4.997974788959580191e-07
2.452596278618599754e+06 9.121461845994049560e-08 5.103735706916255525e-07
2.452596278653299436e+06 1.203956980233006633e-07 5.243315266975502808e-07
2.452596278687999118e+06 1.419810159877805020e-07 5.413466863170054249e-07
2.452596278722698800e+06 1.605755530464936264e-07 5.609849043570549726e-07
2.452596278757398482e+06 1.745649900938872943e-07 5.829552119524853917e-07
2.452596278792098165e+06 1.863050958553337644e-07 6.069906516142549957e-07
2.452596278826797847e+06 1.395631888339799155e-07 6.297636983837085887e-07
2.452596278861497529e+06 9.243934197482224468e-08 6.478741235163649608e-07
2.452596278896197211e+06 9.836398580140300948e-08 6.640443357112397067e-07
2.452596278930896893e+06 1.074737505106858450e-07 6.813464040735890859e-07
2.452596278965596575e+06 4.412900870746328547e-08 6.959254415963907544e-07
2.452596279000296257e+06 -1.887884234410049002e-08 7.035604555754477586e-07
2.452596279034995940e+06 3.503179648631592824e-09 7.087279265589131697e-07
2.452596279069695622e+06 3.067084729740739406e-08 7.163988687577309576e-07
2.452596279104395304e+06 1.968954939585143934e-08 7.248295031865933212e-07
2.452596279139094986e+06 6.752406039538718172e-09 7.318006799404699488e-07
2.452596279173794668e+06 -2.376958257192644595e-08 7.361370530021498520e-07
2.452596279208494350e+06 -5.248063623601339750e-08 7.368152149388053731e-07
2.452596279243194032e+06 -5.415099101937728826e-08 7.352814295106223236e-07
2.452596279277893715e+06 -5.284658080674305927e-08 7.331276378510194073e-07
2.452596279312593397e+06 -4.118111725824246284e-08 7.310897239390554189e-07
2.452596279347293079e+06 -2.925965562482675541e-08 7.297896126073876272e-07
2.452596279381992761e+06 -1.810228196750938725e-08 7.292535892518182807e-07
2.452596279416692443e+06 -7.680123259484312643e-09 7.294527808455378115e-07
2.452596279451392125e+06 6.140036937480345901e-08 7.337137037299372161e-07
2.452596279486091807e+06 1.291213877943771271e-07 7.455031208631335485e-07
2.452596279520791490e+06 1.349353993509599242e-07 7.616554977212279904e-07
2.452596279555491172e+06 1.343493792409397982e-07 7.785461257169477107e-07
2.452596279590190854e+06 1.065948509960563715e-07 7.943171297997818988e-07
2.452596279624890536e+06 7.868189574335164675e-08 8.073640376310226888e-07
2.452596279659590218e+06 5.349271301480799456e-08 8.176871729381024062e-07
2.452596279694289900e+06 3.087074322770360533e-08 8.254430953037428540e-07
2.452596279728989583e+06 1.066618648706409057e-08 8.307816046229184323e-07
2.452596279763689265e+06 -7.264292002020877678e-09 8.338460356905394633e-07
2.452596279798388947e+06 2.886386973423936475e-07 8.523851662356051383e-07
2.452596279833088629e+06 5.852026741760899817e-07 9.049982933372699569e-07
2.452596279867788311e+06 2.842696942604859169e-07 9.597631345122414800e-07
2.452596279902487993e+06 -4.826115018516257952e-08 9.812138840349701690e-07
2.452596279937187675e+06 -9.503194561173303033e-08 9.819105340392836550e-07
2.452596279971887358e+06 -1.090404727927574522e-07 9.787435404742145899e-07
2.452596280006587040e+06 -1.485974168376015967e-07 9.719262341564866296e-07
2.452596280041286722e+06 -1.861778339714730103e-07 9.599473457191280279e-07
2.452596280075986404e+06 -2.567511793664819946e-07 9.407983918063473545e-07
2.452596280110686086e+06 -3.227177967532929421e-07 9.125179863032362808e-07
2.452596280145385768e+06 -3.675550086722316982e-07 8.761056212260020737e-07
2.452596280180085450e+06 -4.040668020448784368e-07 8.328323330813318583e-07
2.452596280214785133e+06 -2.938123156412744452e-07 7.911429748856262737e-07
2.452596280249484815e+06 -1.767074825199253105e-07 7.598528292244741169e-07
2.452596280284184497e+06 -1.788456260521678381e-07 7.332128862003828747e-07
2.452596280318884179e+06 -1.918963665924645709e-07 7.041573257600641152e-07
2.452596280353583861e+06 -1.884189025420960336e-07 6.729137781121376877e-07
2.452596280388283543e+06 -1.820552590953370633e-07 6.405039202341038959e-07
2.452596280422983225e+06 -1.661524808683358377e-07 6.076107491092545875e-07
2.452596280457682908e+06 -1.492915724544704658e-07 5.748456945159862527e-07
2.452596280492382590e+06 -8.035115794467419684e-08 5.452567750711514040e-07
2.452596280527082272e+06 -1.093930299055291930e-08 5.220258857983901994e-07
2.452596280561781954e+06 -2.432124772265708686e-08 5.008799426719871538e-07
2.452596280596481636e+06 -4.483186640185076480e-08 4.768845093415563652e-07
2.452596280631181318e+06 5.822315434160538406e-08 4.565017165872722640e-07
2.452596280665881000e+06 1.659193131471845366e-07 4.472031939767530484e-07
2.452596280700580683e+06 1.988924277737241703e-07 4.456489374739799757e-07
2.452596280735280365e+06 2.200503406334020572e-07 4.473821237594151693e-07
2.452596280769980047e+06 1.852438365046956894e-07 4.487625075662648101e-07
2.452596280804679729e+06 1.469829286337897990e-07 4.464260086364457129e-07
2.452596280839379411e+06 1.667697619029430613e-07 4.432721053393985688e-07
2.452596280874079093e+06 1.913512827184164945e-07 4.428225961753440102e-07
2.452596280908778775e+06 2.129673574899247584e-07 4.453385330552579033e-07
2.452596280943478458e+06 2.317756105892611925e-07 4.506622916073402909e-07
2.452596280978178140e+06 1.453351992253349355e-07 4.528454371602142701e-07
2.452596281012877822e+06 5.382035166229016875e-08 4.454934265079111715e-07
2.452596281047577504e+06 4.474198547700094276e-08 4.324800198289417875e-07
2.452596281082277186e+06 4.667880512934311359e-08 4.188011273889102841e-07
2.452596281116976868e+06 1.645378006005810646e-07 4.116138400201937132e-07
2.452596281151676551e+06 2.857616690779693879e-07 4.180221857663107259e-07
2.452596281186376233e+06 3.062681970076378283e-07 4.332595159365642147e-07
2.452596281221075915e+06 3.113070320398805146e-07 4.512301525535110635e-07
2.452596281255775597e+06 2.550607780258251069e-07 4.677351775700802845e-07
2.452596281290475279e+06 1.953300610148188140e-07 4.790272416682177468e-07
2.452596281325174961e+06 2.043674454661317790e-07 4.885094552295670581e-07
2.452596281359874643e+06 2.205593909112114906e-07 5.003701643101824984e-07
2.452596281394574326e+06 2.481833870305264790e-07 5.157808306963378683e-07
2.452596281429274008e+06 2.736844028717426254e-07 5.354480376740129880e-07
2.452596281463973690e+06 2.910453167631243329e-07 5.590061395896113736e-07
2.452596281498673372e+06 3.043904669244529606e-07 5.859587551176155780e-07
2.452596281533373054e+06 2.742270829527334384e-07 6.137806718972876566e-07
2.452596281568072736e+06 2.396450355882471177e-07 6.397864833725751586e-07
2.452596281602772418e+06 1.895023672715829625e-07 6.627262352577231217e-07
2.452596281637472101e+06 1.406250148546048144e-07 6.816058786167127276e-07
2.452596281672171783e+06 1.967634969472069802e-07 7.021937114718549283e-07
2.452596281706871465e+06 2.607613613985760922e-07 7.309390836948347467e-07
2.452596281741571147e+06 1.674818014666648712e-07 7.598105885154103248e-07
2.452596281776270829e+06 5.961906639974024612e-08 7.790757917168935782e-07
2.452596281810970511e+06 -2.316696760699772169e-09 7.899678621178536752e-07
2.452596281845670193e+06 -5.287172358685287386e-08 7.952603333647860999e-07
2.452596281880369876e+06 -8.987002981620842175e-08 7.960517141376754200e-07
2.452596281915069558e+06 -1.217790306123697197e-07 7.931479989188026002e-07
2.452596281949769240e+06 -9.401034438375952298e-08 7.900077294281829225e-07
2.452596281984468922e+06 -6.031450820095475155e-08 7.903231756354699269e-07
2.452596282019168604e+06 -5.017028585441026685e-08 7.932796728409152997e-07
2.452596282053868286e+06 -4.451865816001608439e-08 7.974276270066444794e-07
2.452596282088567968e+06 -3.980735221875751498e-08 8.025159029255126934e-07
2.452596282123267651e+06 -3.597498162146747131e-08 8.084831141883494398e-07
2.452596282157967333e+06 -3.608369374850180538e-08 8.150941457305759518e-07
2.452596282192667015e+06 -3.711856379065963498e-08 8.220978819233353418e-07
2.452596282227366697e+06 2.984732179329293094e-08 8.332941215974238646e-07
2.452596282262066379e+06 1.003335880523164388e-07 8.529346159700080629e-07
2.452596282296766061e+06 1.079570377371436775e-07 8.780982427402569105e-07
2.452596282331465743e+06 1.044638882223092951e-07 9.048744801952551507e-07
2.452596282366165426e+06 1.635209332977501937e-08 9.279112817152543044e-07
2.452596282400865108e+06 -7.767163341111358302e-08 9.418655213613241458e-07
2.452596282435564790e+06 -7.040801872041820091e-08 9.516183268309787179e-07
2.452596282470264472e+06 -4.875977889782729947e-08 9.634639081457893135e-07
2.452596282504964154e+06 -1.110826920580072752e-07 9.735658043685359103e-07
2.452596282539663836e+06 -1.809330211668880889e-07 9.766444633691523429e-07
2.452596282574363519e+06 -1.943408677952917282e-07 9.750760476512216152e-07
2.452596282609063201e+06 -1.976093469147615865e-07 9.723670097992194931e-07
2.452596282643762883e+06 -2.235882178304096839e-07 9.677413774755104538e-07
2.452596282678462565e+06 -2.504887266070428898e-07 9.597583248657819367e-07
2.452596282713162247e+06 -2.568845515659111290e-07 9.493444120752357093e-07
2.452596282747861929e+06 -2.589142835025551883e-07 9.377772448027650785e-07
2.452596282782561611e+06 -2.258988474729048779e-07 9.272260793213300378e-07
2.452596282817261294e+06 -1.897060253338135698e-07 9.199091749865715714e-07
2.452596282851960976e+06 -2.628040216330496330e-07 9.100062752839216002e-07
2.452596282886660658e+06 -3.467363081803525259e-07 8.905946525975845733e-07
2.452596282921360340e+06 -3.135595004549783968e-07 8.671797294649679201e-07
2.452596282956060022e+06 -2.631994723171069188e-07 8.471501896218318306e-07
2.452596282990759704e+06 -1.946658492324295323e-07 8.326997406822124010e-07
2.452596283025459386e+06 -1.284979868406800868e-07 8.250310447344531616e-07
2.452596283060159069e+06 -1.041106914299908782e-07 8.220182139184099000e-07
2.452596283094858751e+06 -8.866677828872439959e-08 8.210453067368725829e-07
2.452596283129558433e+06 -7.477716284008325420e-08 8.216266972479605989e-07
2.452596283164258115e+06 -6.235131245023961581e-08 8.236718528178462147e-07
2.452596283198957797e+06 -5.704376718263469601e-08 8.267696560576632574e-07
2.452596283233657479e+06 -5.349104635473925826e-08 8.304694252131754054e-07
2.452596283268357161e+06 -5.043867568560984666e-08 8.346695445274502576e-07
2.452596283303056844e+06 -4.785189257901766986e-08 8.393352514042657725e-07
2.452596283337756526e+06 -8.523170637541430377e-08 8.421994781328139951e-07
2.452596283372456208e+06 -1.263497755093351462e-07 8.406897238165613012e-07
2.452596283407155890e+06 -1.727436118849041278e-07 8.340589430748417361e-07
2.452596283441855572e+06 -2.156608293588878363e-07 8.219320691099189260e-07
2.452596283476555254e+06 -2.084775632071815577e-07 8.070476886042151187e-07
2.452596283511254936e+06 -1.923424580328519708e-07 7.926037748496643300e-07
2.452596283545954619e+06 -1.597713749632271156e-07 7.800681516184942856e-07
2.452596283580654301e+06 -1.265455074814433219e-07 7.705173907986019877e-07
2.452596283615353983e+06 -1.489242052550111204e-07 7.610130993550526815e-07
2.452596283650053665e+06 -1.790353485083359507e-07 7.479849175833604853e-07
2.452596283684753347e+06 -1.938205962938433155e-07 7.316812763441020205e-07
2.452596283719453029e+06 -2.038586445872581910e-07 7.130721454346286633e-07
2.452596283754152711e+06 -2.400454265764707847e-07 6.908385113810571035e-07
2.452596283788852394e+06 -2.769459171100820037e-07 6.632852300228534390e-07
2.452596283823552076e+06 -2.382926458047868723e-07 6.343773136670340922e-07
2.452596283858251758e+06 -1.878244438886121739e-07 6.090026122670511308e-07
2.452596283892951440e+06 -2.666895348074432277e-07 5.807326645461770237e-07
2.452596283927651122e+06 -3.616665420879088229e-07 5.412178905735603076e-07
2.452596283962350804e+06 -2.623231778789477385e-07 4.999567185081918072e-07
2.452596283997050487e+06 -1.331815491462892467e-07 4.695548129936558902e-07
2.452596284031750169e+06 -4.072278534698132380e-08 4.502349502983836993e-07
2.452596284066449851e+06 3.751058368288317689e-08 4.397349582025442849e-07
2.452596284101149533e+06 1.708478859221037655e-08 4.321613766800128087e-07
2.452596284135849215e+06 -2.050986603733313265e-08 4.211345298211564919e-07
2.452596284170548897e+06 -5.866728794336225954e-08 4.054769064033060044e-07
2.452596284205248579e+06 -9.324811070124137590e-08 3.851237186040089087e-07
2.452596284239948262e+06 -8.330427983234089174e-08 3.625583072369128770e-07
2.452596284274647944e+06 -6.475324491413199483e-08 3.406838711818300916e-07
2.452596284309347626e+06 -4.543599820726055477e-08 3.200868435978473279e-07
2.452596284344047308e+06 -2.702632422533690353e-08 3.008465161979737402e-07
2.452596284378746990e+06 2.231428790070562604e-08 2.847496326159425009e-07
2.452596284413446672e+06 7.394081126714890039e-08 2.738567427025007299e-07
2.452596284448146354e+06 9.843316505007638438e-08 2.670538083206709991e-07
2.452596284482846037e+06 1.154024679948119433e-07 2.626088227363236851e-07
2.452596284517545719e+06 1.626220633026226661e-07 2.619365990968485555e-07
2.452596284552245401e+06 2.116792105361701019e-07 2.670533936464987692e-07
2.452596284586945083e+06 2.548687406101553004e-07 2.780378053557078320e-07
2.452596284621644765e+06 2.925296073511916026e-07 2.945508803978725675e-07
2.452596284656344447e+06 3.243485943197188306e-07 3.162315222585748419e-07
2.452596284691044129e+06 3.511998352260209533e-07 3.427257900825695927e-07
2.452596284725743812e+06 2.902776330594149333e-07 3.690265103576523122e-07
2.452596284760443494e+06 2.148719377097259185e-07 3.893188600717378031e-07
2.452596284795143176e+06 2.067320560802074747e-07 4.062398124606136808e-07
2.452596284829842858e+06 2.124654395202521572e-07 4.241729736260959477e-07
2.452596284864542540e+06 1.647319443252750821e-07 4.409149107935255242e-07
2.452596284899242222e+06 1.087836402048849029e-07 4.528962457300809077e-07
2.452596284933941904e+06 7.234038540828314679e-08 4.604824455204260226e-07
2.452596284968641587e+06 4.264532582954236879e-08 4.649077374226461426e-07
2.452596285003341269e+06 2.544982732096086504e-08 4.670796051028825482e-07
2.452596285038040951e+06 1.214399706646567957e-08 4.677947898621917565e-07
2.452596285072740633e+06 9.685446551327684052e-09 4.678008366618988703e-07
2.452596285107440315e+06 9.681203529816502219e-09 4.678050796834100521e-07
2.452596285142139997e+06 6.603820178473869002e-08 4.711246289248451051e-07
2.452596285176839679e+06 1.297478423136248154e-07 4.815290413248470481e-07
2.452596285211539362e+06 8.933315051137088787e-08 4.939167117239124720e-07
2.452596285246239044e+06 2.870173293141253159e-08 5.013518797153497240e-07
2.452596285280938726e+06 -1.861966364819392405e-08 5.031650495171311490e-07
2.452596285315638408e+06 -5.924434210220787989e-08 5.001762760974419426e-07
2.452596285350338090e+06 -7.573606315004390688e-08 4.938655680757430407e-07
2.452596285385037772e+06 -8.526076263783265251e-08 4.858109450953472901e-07
2.452596285419737455e+06 -8.391081710533824883e-08 4.769279835005333798e-07
2.452596285454437137e+06 -7.993165317070031571e-08 4.679374152799928683e-07
2.452596285489136819e+06 -7.598828726708693258e-08 4.589826450904801758e-07
2.452596285523836501e+06 -7.208143839020622407e-08 4.500643919276968360e-07
2.452596285558536183e+06 -1.386871754735874458e-08 4.442540598571310932e-07
2.452596285593235865e+06 5.222891686731604822e-08 4.452334422881274313e-07
2.452596285627935547e+06 3.717400595332625566e-08 4.492229656077604902e-07
2.452596285662635230e+06 4.557912591146705376e-09 4.507992788139469551e-07
2.452596285697334912e+06 -3.282534329614475406e-09 4.502344666773264318e-07
2.452596285732034594e+06 -4.734197583232297603e-09 4.491704168244703899e-07
2.452596285766734276e+06 5.301856222576268334e-09 4.485871104170911669e-07
2.452596285801433958e+06 1.719551386194688882e-08 4.492609267950576936e-07
2.452596285836133640e+06 4.225303563842693939e-08 4.521037266382177744e-07
2.452596285870833322e+06 6.829304941462079519e-08 4.580251713103114584e-07
2.452596285905533005e+06 8.747781800198437231e-08 4.668500889752063200e-07
2.452596285940232687e+06 1.031532945966368046e-07 4.781375270901878276e-07
2.452596285974932369e+06 1.261464578069973396e-07 4.922213966069548302e-07
2.452596286009632051e+06 1.485547751884754189e-07 5.096162851356971699e-07
2.452596286044331733e+06 1.222576766035796619e-07 5.276960134614471219e-07
2.452596286079031415e+06 8.564804301247990304e-08 5.431426677579272168e-07
2.452596286113731097e+06 3.031890689847732607e-08 5.541562058432199011e-07
2.452596286148430780e+06 -2.558440527921022596e-08 5.593937566508412714e-07
2.452596286183130462e+06 -3.867914732501963348e-08 5.609217431282435336e-07
2.452596286217830144e+06 -4.020666345515247170e-08 5.616071997766091604e-07
2.452596286252529826e+06 -6.519500366748474639e-08 5.607280097477201834e-07
2.452596286287229508e+06 -9.386274755034088402e-08 5.566632945903153076e-07
2.452596286321929190e+06 -3.256011441273177056e-08 5.541171056265446810e-07
2.452596286356628872e+06 4.658316018339601919e-08 5.592615508604619706e-07
2.452596286391328555e+06 1.543089437546355698e-08 5.672789018834065192e-07
2.452596286426028237e+06 -4.105552845462229840e-08 5.706502421196869422e-07
2.452596286460727919e+06 -2.689244084185112542e-08 5.716799637964450883e-07
2.452596286495427601e+06 4.183521627459735439e-09 5.751857448156528886e-07
2.452596286530127283e+06 3.819774517211510015e-08 5.824167147721052480e-07
2.452596286564826965e+06 7.013789699911892630e-08 5.936132986733807959e-07
2.452596286599526647e+06 -3.371279610479919774e-08 6.011869244207935382e-07
2.452596286634226330e+06 -1.647704198100771614e-07 5.957237245898597148e-07
2.452596286668926012e+06 -1.299880475316602644e-07 5.843575858902556098e-07
2.452596286703625694e+06 -5.448872094666803242e-08 5.784497039848201437e-07
2.452596286738325376e+06 -1.158283735240787362e-08 5.787563752248241517e-07
2.452596286773025058e+06 1.953976366958960216e-08 5.831030508367993331e-07
2.452596286807724740e+06 3.246770143533811272e-08 5.900083479173284892e-07
2.452596286842424423e+06 3.947864279571651895e-08 5.982404754019080457e-07
2.452596286877124105e+06 2.010957394528200176e-08 6.060377529339709702e-07
2.452596286911823787e+06 -4.859543490019779117e-09 6.115620193685465467e-07
2.452596286946523469e+06 -3.831135709898896469e-08 6.138894760270987065e-07
2.452596286981223151e+06 -7.141774553682200579e-08 6.123854432256059347e-07
2.452596287015922833e+06 2.087072677538933961e-08 6.139490148666131579e-07
2.452596287050622515e+06 1.396901139934449365e-07 6.273276738104332054e-07
2.452596287085322198e+06 6.236158180739355393e-08 6.435615316771953986e-07
2.452596287120021880e+06 -6.282066231752816271e-08 6.490030129157800159e-07
2.452596287154721562e+06 -1.042205142871062789e-07 6.450961662724063665e-07
2.452596287189421244e+06 -1.194003675299263955e-07 6.375564248749658152e-07
2.452596287224120926e+06 -4.861485345945023012e-08 6.325336374868974326e-07
2.452596287258820608e+06 4.088623846003980911e-08 6.360827459862488674e-07
2.452596287293520290e+06 4.861396083417244758e-08 6.450996730651449378e-07
2.452596287328219973e+06 3.299247263038586140e-08 6.539318346945269569e-07
2.452596287362919655e+06 3.560242395323129131e-09 6.604626634221266493e-07
2.452596287397619337e+06 -2.761266383413289581e-08 6.636846615806616702e-07
2.452596287432319019e+06 -5.539018334169259175e-08 6.635112730172969446e-07
2.452596287467018701e+06 -7.996360453316652321e-08 6.601337861378465570e-07
2.452596287501718383e+06 -1.128959409852503820e-07 6.530926365020971099e-07
2.452596287536418065e+06 -1.453012059959001138e-07 6.417557177101319075e-07
2.452596287571117748e+06 -5.766077447404866929e-08 6.327161405608050470e-07
2.452596287605817430e+06 5.813952265140064576e-08 6.344815170154181154e-07
2.452596287640517112e+06 1.225663962585919534e-07 6.463225531674139739e-07
2.452596287675216794e+06 1.672478501931895557e-07 6.647551933196413933e-07
2.452596287709916476e+06 1.790871395802365432e-07 6.871490683968523690e-07
2.452596287744616158e+06 1.799023267625477204e-07 7.112213596832376782e-07
2.452596287779315840e+06 1.833655944953007278e-07 7.365699670368570208e-07
2.452596287814015523e+06 1.866356761933977591e-07 7.633817625917722461e-07
2.452596287848715205e+06 2.281253676829636125e-07 7.938620335492039396e-07
2.452596287883414887e+06 2.769688847069647199e-07 8.307577249076422953e-07
2.452596287918114569e+06 2.759444524711851298e-07 8.719805547718898501e-07
2.452596287952814251e+06 2.591341282469568603e-07 9.140182456682902162e-07
2.452596287987513933e+06 2.034759322687381497e-07 9.537910396902900065e-07
2.452596288022213615e+06 1.391942722124019053e-07 9.884597366915748664e-07
2.452596288056913298e+06 7.748495638853288251e-08 1.017376859391644963e-06
2.452596288091612980e+06 2.039480180421851326e-08 1.040613199426483798e-06
2.452596288126312662e+06 1.367203854287996990e-08 1.060948837095887409e-06
2.452596288161012344e+06 2.217003921253749573e-08 1.081915113979602547e-06
2.452596288195712026e+06 1.087484363952316567e-08 1.103268767342754403e-06
2.452596288230411708e+06 -5.959215098351453558e-09 1.123580267719526347e-06
2.452596288265111391e+06 -4.962353558481247994e-08 1.140946588294409561e-06
2.452596288299811073e+06 -9.845976591014613059e-08 1.153385762055482206e-06
2.452596288334510755e+06 -1.170790835526775192e-07 1.162037002185265613e-06
2.452596288369210437e+06 -1.249142353641179522e-07 1.169006024616923940e-06
2.452596288403910119e+06 -1.674655279253604168e-07 1.172844844034334330e-06
2.452596288438609801e+06 -2.173737456830165574e-07 1.171005665191076233e-06
2.452596288473309483e+06 -2.158712309582475544e-07 1.165675367840469099e-06
2.452596288508009166e+06 -1.977822473016343483e-07 1.160514973791856739e-06
2.452596288542708848e+06 -2.030971716692881857e-07 1.155155740741982790e-06
2.452596288577408530e+06 -2.147827281819475915e-07 1.147912655250013748e-06
2.452596288612108212e+06 -1.397000882233106431e-07 1.143237179594095776e-06
2.452596288646807894e+06 -4.180657614128482652e-08 1.147467455427700840e-06
2.452596288681507576e+06 -6.232478093943094727e-08 1.155682216867333866e-06
2.452596288716207258e+06 -1.189374105103631652e-07 1.159363826511749284e-06
2.452596288750906941e+06 -8.245209977455161454e-08 1.161491225952351386e-06
2.452596288785606623e+06 -1.863023412184670578e-08 1.168789333937058668e-06
2.452596288820306305e+06 -8.149799833489531961e-08 1.175922223944360290e-06
2.452596288855005987e+06 -1.807041460795490214e-07 1.173669335271862130e-06
2.452596288889705669e+06 -1.245090683868735391e-07 1.168261110483943867e-06
2.452596288924405351e+06 -2.154339030573572670e-08 1.170962296239441936e-06
2.452596288959105033e+06 -6.627778671980055432e-09 1.179881583817734421e-06
2.452596288993804716e+06 -2.154250677588049994e-08 1.188692504571610512e-06
2.452596289028504398e+06 -2.086558048630454263e-08 1.196584317997104396e-06
2.452596289063204080e+06 -1.502493541811174135e-08 1.204680817805031823e-06
2.452596289097903762e+06 6.378676158740584179e-08 1.217408305117143743e-06
2.452596289132603444e+06 1.613552372703303177e-07 1.240195406248043711e-06
2.452596289167303126e+06 1.338264827953926289e-07 1.267562784225635009e-06
2.452596289202002808e+06 6.607316397147757977e-08 1.290399461344313828e-06
2.452596289236702491e+06 3.043872437460081408e-08 1.307990982239545275e-06
2.452596289271402173e+06 7.911402049514139368e-09 1.322602313557051295e-06
2.452596289306101855e+06 -2.922173468106837193e-08 1.333982881012794545e-06
2.452596289340801537e+06 -6.871110567546481843e-08 1.340997803049063882e-06
2.452596289375501219e+06 -8.801011808501563466e-08 1.344421138459580400e-06
2.452596289410200901e+06 -9.888923970036231000e-08 1.345680828579722269e-06
2.452596289444900583e+06 -7.866716983739849329e-08 1.346900303584517013e-06
2.452596289479600266e+06 -4.883176542204217769e-08 1.350385021606743043e-06
2.452596289514299948e+06 -6.557304232197194815e-08 1.354173805973978246e-06
2.452596289548999630e+06 -9.688240862214071478e-08 1.354833563537747784e-06
2.452596289583699312e+06 -1.829125963405613309e-07 1.348289207000181047e-06
2.452596289618398994e+06 -2.815873366184893696e-07 1.330361568357431737e-06
2.452596289653098676e+06 -2.657374312918602311e-07 1.306219676710290591e-06
2.452596289687798359e+06 -2.100595880297008966e-07 1.284281558792906003e-06
2.452596289722498041e+06 -1.521119206610749437e-07 1.267074288401728053e-06
2.452596289757197723e+06 -9.642069041119443461e-08 1.254879442583404966e-06
2.452596289791897405e+06 -1.223007822134283817e-07 1.243252521195668904e-06
2.452596289826597087e+06 -1.745912208961637521e-07 1.226144845262631399e-06
2.452596289861296769e+06 -2.591443910920192472e-07 1.199973303222832751e-06
2.452596289895996451e+06 -3.485859875270032811e-07 1.162186245242959162e-06
2.452596289930696134e+06 -3.286091571825717463e-07 1.118110655782308346e-06
2.452596289965395816e+06 -2.692729498192973088e-07 1.075866446184854125e-06
