2.452555227438400034e+06 0.000000000000000000e+00 0.000000000000000000e+00
2.452555227507799864e+06 3.423962716660969767e-08 3.974599614658393791e-09
2.452555227577199694e+06 1.202785421431545081e-08 9.770338876146880175e-09
2.452555227646599524e+06 -1.048560542647606155e-07 2.425414792387083022e-11
2.452555227715999354e+06 -5.433039873610397584e-08 -1.850398943875007458e-08
2.452555227785399184e+06 5.929809112728854969e-08 -1.995931157261585527e-08
2.452555227854799014e+06 -3.226878621365858889e-08 -1.894082948894452026e-08
2.452555227924198844e+06 -1.936679457261257404e-08 -2.686882255602844211e-08
2.452555227993598673e+06 1.681020546186606251e-07 -1.231050707021251500e-08
2.452555228062998503e+06 1.845023397164354542e-07 2.757568059402281505e-08
2.452555228132398333e+06 1.267601401551991567e-07 6.698037527526981804e-08
2.452555228201798163e+06 1.755964036245826324e-08 9.112212210578158336e-08
2.452555228271197993e+06 -3.586959545465742439e-08 9.871704267423072510e-08
2.452555228340597823e+06 -4.912046691405076854e-09 1.041668094608828996e-07
2.452555228409997653e+06 -4.258310950547262532e-08 1.090330822616980560e-07
2.452555228479397483e+06 -1.048827222618808400e-07 1.023986487154280051e-07
2.452555228548797313e+06 7.419293811538150769e-09 1.004170353152542277e-07
2.452555228618197143e+06 2.601803231520593595e-08 1.129948529256316949e-07
2.452555228687596973e+06 -1.133512919429440269e-07 1.124774185048511211e-07
2.452555228756996803e+06 -1.127564633016568273e-07 9.532491313463259511e-08
2.452555228826396633e+06 -5.179376962007774451e-08 8.301313916263885401e-08
2.452555228895796463e+06 -1.324357542840859731e-07 6.669298745681390080e-08
2.452555228965196293e+06 -1.336896834637091295e-07 3.876224822560199731e-08
2.452555229034596123e+06 1.946903715795060438e-09 2.315162689502024331e-08
2.452555229103995953e+06 6.001198556841495238e-08 2.817629486086738556e-08
2.452555229173395783e+06 7.829793700451604930e-08 4.248931761819748328e-08
2.452555229242795613e+06 7.132812038966972897e-09 5.207551289998802357e-08
2.452555229312195443e+06 -2.875000507190837994e-08 5.009859625445487250e-08
2.452555229381595273e+06 -7.468359235814279955e-09 4.602663989391843761e-08
2.452555229450995103e+06 2.051897289199396330e-08 4.706506712429756837e-08
2.452555229520394932e+06 4.846184127716336786e-08 5.455687915871538714e-08
2.452555229589794762e+06 1.142224436939691514e-07 7.358142879831516539e-08
2.452555229659194592e+06 1.485620545702874719e-07 1.060943750191268583e-07
2.452555229728594422e+06 1.355094378907588754e-07 1.443248213806458626e-07
2.452555229797994252e+06 9.945797791543981667e-08 1.805959285530968327e-07
2.452555229867394082e+06 5.550753841815457783e-08 2.109698455065882599e-07
2.452555229936793912e+06 1.836599814731668140e-08 2.345519532953996531e-07
2.452555230006193742e+06 9.155738612143420467e-09 2.545309928675431506e-07
2.452555230075593572e+06 4.928147841906428635e-08 2.793975787170704878e-07
2.452555230144993402e+06 1.370241542206056211e-08 3.065332958783391997e-07
2.452555230214393232e+06 -5.299755730078152222e-08 3.236824247756155255e-07
2.452555230283793062e+06 -1.431586170485218377e-07 3.233352494149681177e-07
2.452555230353192892e+06 -1.526049647516736182e-07 3.101991288013186039e-07
2.452555230422592722e+06 -1.709001972095687311e-08 3.091029773916157647e-07
2.452555230491992552e+06 2.563532036774956843e-08 3.274412767107684763e-07
2.452555230561392382e+06 2.147117103035529417e-08 3.510881885482784386e-07
2.452555230630792212e+06 7.576896943606244946e-08 3.818951385636898819e-07
2.452555230700192042e+06 9.617820009950463987e-08 4.234013393608514736e-07
2.452555230769591872e+06 5.764355197191515952e-08 4.658689560341625329e-07
2.452555230838991702e+06 5.526845543584423591e-08 5.066097719946691203e-07
2.452555230908391532e+06 6.868883089351798893e-08 5.513192371357055054e-07
2.452555230977791362e+06 1.574084377280049123e-07 6.108508158816777981e-07
2.452555231047191191e+06 1.647043851387356693e-07 6.859179001711109217e-07
2.452555231116591021e+06 2.073995605654187284e-08 7.509547962229885350e-07
2.452555231185990851e+06 -1.058800007720174124e-07 7.890680290094236200e-07
2.452555231255390681e+06 -2.123743461803598413e-07 8.014883267999503840e-07
2.452555231324790511e+06 -2.549277893537539868e-07 7.950881310573439760e-07
2.452555231394190341e+06 -2.587980926405799709e-07 7.797290139455187661e-07
2.452555231463590171e+06 -1.983023984826520117e-07 7.664535583775747567e-07
2.452555231532990001e+06 -1.112558646097124176e-07 7.661185922121919790e-07
2.452555231602389831e+06 -1.892677953315546577e-08 7.838839376840519396e-07
2.452555231671789661e+06 -1.930230037763860633e-07 7.914107696677328552e-07
2.452555231741189491e+06 -2.643337139427955352e-07 7.685862601203530729e-07
2.452555231810589321e+06 -1.347744531819663032e-07 7.474334241858868293e-07
2.452555231879989151e+06 -8.139745171479565152e-08 7.427422998908209712e-07
2.452555231949388981e+06 -6.862495655584315681e-08 7.428542464545400693e-07
2.452555232018788811e+06 -8.367326360855021084e-08 7.404223461660401584e-07
2.452555232088188641e+06 -7.681148764784338744e-08 7.345566069297998763e-07
2.452555232157588471e+06 -2.533503477151833787e-08 7.326926261243704051e-07
2.452555232226988301e+06 -7.030743974424115789e-08 7.293372456158435133e-07
2.452555232296388131e+06 -1.571032905286623994e-07 7.083638346574776239e-07
2.452555232365787961e+06 -7.351993236728165589e-08 6.829031199855789952e-07
2.452555232435187791e+06 -1.541657934903861008e-08 6.694549471739106354e-07
2.452555232504587620e+06 -1.473425770663219274e-08 6.598600545598060515e-07
2.452555232573987450e+06 6.804136106645671566e-08 6.575323426702013309e-07
2.452555232643387280e+06 1.841534304229521837e-07 6.767728685354512082e-07
2.452555232712787110e+06 1.267647830157964672e-07 7.037149844231630162e-07
2.452555232782186940e+06 6.657534050421834643e-08 7.187329350413585379e-07
2.452555232851586770e+06 4.603111383494174881e-09 7.200040039195660766e-07
2.452555232920986600e+06 -4.095641920334692584e-09 7.120609579979244178e-07
2.452555232990386430e+06 1.544030331174039316e-08 7.034553404764648315e-07
2.452555233059786260e+06 -8.913721732837286824e-08 6.830958143513869906e-07
2.452555233129186090e+06 -1.225593948532493277e-07 6.436905563694614984e-07
2.452555233198585920e+06 -7.908979645147512866e-09 6.088085383414627515e-07
2.452555233267985750e+06 3.855508657185383097e-08 5.884363970864303419e-07
2.452555233337385580e+06 4.706031897246274545e-08 5.720194207276760755e-07
2.452555233406785410e+06 -8.387003521768801388e-08 5.395506939478706942e-07
2.452555233476185240e+06 -1.135087658365494409e-07 4.850331852638092674e-07
2.452555233545585070e+06 7.504121851466392893e-08 4.434012633652527719e-07
2.452555233614984900e+06 1.973081703980901495e-07 4.339546586879446490e-07
2.452555233684384730e+06 2.747406378310634827e-07 4.474775090457342180e-07
2.452555233753784560e+06 1.808602397127245043e-07 4.614549120432839364e-07
2.452555233823184390e+06 7.147155970731567794e-08 4.542778919350849220e-07
2.452555233892584220e+06 8.205334070818093010e-08 4.358308981555067596e-07
2.452555233961984050e+06 9.860401359657693315e-08 4.196208535195725166e-07
2.452555234031383879e+06 1.215842126562729088e-07 4.074568164532713261e-07
2.452555234100783709e+06 1.944329266803407023e-07 4.064257550499033437e-07
2.452555234170183539e+06 2.591336277828060848e-07 4.226613968091968152e-07
2.452555234239583369e+06 2.385460488600790938e-07 4.472179700128222244e-07
2.452555234308983199e+06 2.185900849790257085e-07 4.711420684438643818e-07
2.452555234378383029e+06 1.992434495892213375e-07 4.944557278841207146e-07
2.452555234447782859e+06 9.288330223120821329e-08 5.070040542634838545e-07
2.452555234517182689e+06 -9.511103581015716776e-09 4.979314073934972366e-07
2.452555234586582519e+06 4.630199809664262049e-09 4.788840707499737755e-07
2.452555234655982349e+06 4.284174799952180340e-08 4.651638855307136566e-07
2.452555234725382179e+06 1.076193208067601191e-07 4.633002969031943430e-07
2.452555234794782009e+06 5.275067149228296721e-08 4.638168594051297919e-07
2.452555234864181839e+06 -1.771386587925960512e-08 4.512832276770711357e-07
2.452555234933581669e+06 -1.237932644580879019e-08 4.312946900643353938e-07
2.452555235002981499e+06 -8.699889296591226349e-09 4.117085073928886185e-07
2.452555235072381329e+06 -6.806414559502220406e-09 3.922417443466510896e-07
2.452555235141781159e+06 -6.218715816064160700e-09 3.726188870781237512e-07
2.452555235211180989e+06 1.483744294113544339e-09 3.535660628979104222e-07
2.452555235280580819e+06 7.744961229077586663e-08 3.439614302684241753e-07
2.452555235349980649e+06 1.707198802694516336e-07 3.548109037882348636e-07
2.452555235419380479e+06 2.874229378673235441e-07 3.930551114246622449e-07
2.452555235488780309e+06 2.280930721599177288e-07 4.438532087293724319e-07
2.452555235558180138e+06 1.384845767805800456e-07 4.844338975335162011e-07
2.452555235627579968e+06 1.649186082477286854e-07 5.234403996005833632e-07
2.452555235696979798e+06 1.134494509569076162e-07 5.649411892618658474e-07
2.452555235766379628e+06 -2.425407500041764754e-08 5.899582681859879878e-07
2.452555235835779458e+06 -7.288533220834789071e-08 5.968524802890873130e-07
2.452555235905179288e+06 -8.862012025811482203e-08 5.976952486022070000e-07
2.452555235974579118e+06 -6.632502379467983665e-08 5.999891361153173456e-07
2.452555236043978948e+06 -4.935649661097303872e-08 6.076245080292382854e-07
2.452555236113378778e+06 -3.705417352552885456e-08 6.199466435388483618e-07
2.452555236182778608e+06 -7.528416219661379696e-08 6.309636808531914476e-07
2.452555236252178438e+06 -1.222580750121366216e-07 6.335521358888010626e-07
2.452555236321578268e+06 -1.604952583776699336e-07 6.267114897985360028e-07
2.452555236390978098e+06 -1.382374682720755317e-07 6.174032832809649122e-07
2.452555236460377928e+06 -4.684138827276669834e-08 6.203813693589714945e-07
2.452555236529777758e+06 -4.542043676254595605e-08 6.345214823897818208e-07
2.452555236599177588e+06 -6.199981834265884168e-08 6.484199445468035360e-07
2.452555236668577418e+06 5.833655086082788334e-09 6.696558845933434831e-07
2.452555236737977248e+06 1.295962022492596406e-08 7.016616294497944309e-07
2.452555236807377078e+06 -4.770104685859254441e-08 7.305410728603075945e-07
2.452555236876776908e+06 -1.052356617384696257e-07 7.482811397698179301e-07
2.452555236946176738e+06 -1.409681463542868519e-07 7.564219469999753980e-07
2.452555237015576568e+06 -1.004151031445035653e-08 7.756928007984612975e-07
2.452555237084976397e+06 -1.494539541890951702e-08 8.107781178685340945e-07
2.452555237154376227e+06 -1.758300255830496945e-07 8.293710192707689692e-07
2.452555237223776057e+06 -2.263011994293257861e-07 8.242368899985729303e-07
2.452555237293175887e+06 -2.428168750827381713e-07 8.094776617201048535e-07
2.452555237362575717e+06 -3.158486669286695502e-07 7.814168614170973541e-07
2.452555237431975547e+06 -3.129136722474541574e-07 7.409029391044217362e-07
2.452555237501375377e+06 -2.228226337568849264e-07 7.056086876148446249e-07
2.452555237570775207e+06 -1.956973551892663350e-07 6.790225432083588966e-07
2.452555237640175037e+06 -1.809284783766791026e-07 6.534423478251148552e-07
2.452555237709574867e+06 -7.512073422806366345e-08 6.381931840907939199e-07
2.452555237778974697e+06 1.909752469774544881e-08 6.436869997348969371e-07
2.452555237848374527e+06 1.059761153766686587e-07 6.699941415930514606e-07
2.452555237917774357e+06 3.214409036487193783e-08 6.998066869907543877e-07
2.452555237987174187e+06 -7.154681400223156021e-08 7.112739500055927709e-07
2.452555238056574017e+06 -5.435071723036855045e-08 7.128822862129384671e-07
2.452555238125973847e+06 -2.239623791016823240e-08 7.192717163434961451e-07
2.452555238195373677e+06 2.953288305730632134e-08 7.349711494057567423e-07
2.452555238264773507e+06 -3.621962613652157683e-08 7.496038258070783971e-07
2.452555238334173337e+06 -1.178709916932406203e-07 7.474858215167686202e-07
2.452555238403573167e+06 -4.664496237629334747e-08 7.426680486294527673e-07
2.452555238472972997e+06 -4.368496521588540073e-08 7.446887494823974344e-07
2.452555238542372826e+06 -1.239130570967001938e-07 7.367162083839302872e-07
2.452555238611772656e+06 -1.824935484830855423e-07 7.105341083444420004e-07
2.452555238681172486e+06 -2.199858553557877444e-07 6.691922956719457173e-07
2.452555238750572316e+06 -1.811149670202913925e-07 6.224901683755241012e-07
2.452555238819972146e+06 -1.238984498907329681e-07 5.810187603216715606e-07
2.452555238889371976e+06 -4.151933639804055218e-08 5.505845435179885065e-07
2.452555238958771806e+06 1.256183388545057818e-08 5.321868471154997190e-07
2.452555239028171636e+06 4.617462917160925800e-08 5.215981927054335145e-07
2.452555239097571466e+06 -1.960190300064175115e-08 5.058443143335226250e-07
2.452555239166971296e+06 -1.695469560289599989e-08 4.808543318096388335e-07
2.452555239236371126e+06 7.007008198013749869e-08 4.634735951738827597e-07
2.452555239305770956e+06 4.785963014834473894e-08 4.517606720433028315e-07
2.452555239375170786e+06 1.464918501025474708e-09 4.309372307993412634e-07
2.452555239444570616e+06 6.362473437170543052e-08 4.099052782171017105e-07
2.452555239513970446e+06 6.776989751194521872e-08 3.946251026409142568e-07
2.452555239583370276e+06 -1.975779677957560990e-09 3.705167062763223445e-07
2.452555239652770106e+06 2.467719277969193027e-08 3.393443771323923239e-07
2.452555239722169936e+06 7.992382687363106458e-08 3.149900693571996460e-07
2.452555239791569766e+06 1.361436509872506546e-07 3.017693644643313425e-07
2.452555239860969596e+06 1.710261460864252457e-07 2.986380678142439928e-07
2.452555239930369426e+06 1.818966029044904111e-07 3.014975480158079566e-07
2.452555239999769256e+06 1.540490958541811963e-07 3.037533825846267356e-07
2.452555240069169085e+06 1.218997205331317118e-07 3.003683694255790470e-07
2.452555240138568915e+06 1.935315233188271244e-07 3.023068800581000246e-07
2.452555240207968745e+06 2.289640384181731419e-07 3.180205758043868033e-07
2.452555240277368575e+06 2.218981155400106749e-07 3.398616444065855640e-07
2.452555240346768405e+06 1.704337845279132711e-07 3.583579375918954747e-07
2.452555240416168235e+06 1.135882289811341622e-07 3.673057732150742028e-07
2.452555240485568065e+06 1.449614134724512208e-07 3.752405678058448146e-07
2.452555240554967895e+06 1.601992693566790497e-07 3.903940150809710523e-07
2.452555240624367725e+06 1.568610656625004290e-07 4.094823748445623312e-07
2.452555240693767555e+06 1.265489281810695522e-07 4.275834689673594318e-07
2.452555240763167385e+06 9.629413763442296178e-08 4.413944138029726005e-07
2.452555240832567215e+06 2.146496381761698466e-07 4.676422635477743813e-07
2.452555240901967045e+06 2.295440158625854338e-07 5.128395337004494803e-07
2.452555240971366875e+06 1.106257856998186227e-07 5.513624258156368147e-07
2.452555241040766705e+06 3.455661793674633930e-08 5.717575818804057731e-07
2.452555241110166535e+06 -1.273081897900916387e-08 5.802420990170437890e-07
2.452555241179566365e+06 9.189362414337484642e-08 5.964232248581230289e-07
2.452555241248966195e+06 1.336063193337785519e-07 6.314049138758966905e-07
2.452555241318366025e+06 9.635482386631130932e-08 6.706498909070547719e-07
2.452555241387765855e+06 1.207011834014384461e-07 7.124495010043989003e-07
2.452555241457165685e+06 1.562291207710565014e-07 7.653589381778240105e-07
2.452555241526565515e+06 7.083888198136923108e-08 8.176498664887885775e-07
2.452555241595965344e+06 -2.513684700218056346e-08 8.537699595102748404e-07
2.452555241665365174e+06 -1.448808832624859130e-07 8.677816008597078816e-07
2.452555241734765004e+06 -1.392923003980601992e-07 8.689493722872234797e-07
2.452555241804164834e+06 -9.383891026624215065e-08 8.749991180506839801e-07
2.452555241873564664e+06 -1.418585315665258298e-07 8.802044027861117311e-07
2.452555241942964494e+06 -1.577774734445479237e-07 8.773119011517087090e-07
2.452555242012364324e+06 -1.316385224300840146e-07 8.740327675299518584e-07
2.452555242081764154e+06 -1.498318907562780381e-07 8.700644688040478302e-07
2.452555242151163984e+06 -1.774751552573649250e-07 8.590990298481732999e-07
2.452555242220563814e+06 -1.055654081621602262e-07 8.508633849288247023e-07
2.452555242289963644e+06 -5.674007720879923169e-08 8.545719186650196797e-07
2.452555242359363474e+06 -3.494236748232760964e-08 8.657244765917413295e-07
2.452555242428763304e+06 -6.305283338867319621e-08 8.761846533049403238e-07
2.452555242498163134e+06 -9.991624937710388176e-08 8.790413710739145423e-07
2.452555242567562964e+06 6.509723567498971230e-08 8.958758502398121067e-07
2.452555242636962794e+06 1.404566096357851895e-07 9.412149659840490562e-07
2.452555242706362624e+06 9.876476817424084815e-08 9.940660554881384601e-07
2.452555242775762454e+06 1.179422713720882647e-08 1.036236095284170967e-06
2.452555242845162284e+06 -8.388524015462574224e-08 1.060132369391620834e-06
2.452555242914562114e+06 -2.323678345622962707e-07 1.056513997134807433e-06
2.452555242983961944e+06 -2.837006002692205668e-07 1.027507956330565584e-06
2.452555243053361773e+06 -2.033411766534150566e-07 9.969900055519764325e-07
2.452555243122761603e+06 -1.684872907663493913e-07 9.749287664224461740e-07
2.452555243192161433e+06 -1.518882147068704866e-07 9.549650602867329953e-07
2.452555243261561263e+06 -1.074679821262286026e-07 9.385461558480369181e-07
2.452555243330961093e+06 -7.903029068474297649e-08 9.275344203475416821e-07
2.452555243400360923e+06 -7.178985888358965579e-08 9.182914979948398029e-07
2.452555243469760753e+06 -1.240821104240126638e-07 9.017170645923302932e-07
2.452555243539160583e+06 -1.875348316889063622e-07 8.688980226959798444e-07
2.452555243608560413e+06 -6.005491952567926285e-08 8.390716590646712217e-07
2.452555243677960243e+06 2.861548695357697119e-08 8.303852749116640711e-07
2.452555243747360073e+06 7.075470314394034064e-08 8.353529866907851252e-07
2.452555243816759903e+06 9.995568323194193349e-08 8.486144272651028284e-07
2.452555243886159733e+06 1.190397006528733911e-07 8.684111062473582579e-07
2.452555243955559563e+06 4.286589707121315527e-08 8.832071709065086726e-07
2.452555244024959393e+06 5.305680657148448805e-08 8.914055163335146167e-07
2.452555244094359223e+06 1.955103273099591108e-07 9.176645256721480426e-07
2.452555244163759053e+06 1.661287025655455247e-07 9.593286707784462487e-07
2.452555244233158883e+06 7.271426496860146167e-08 9.906025521779411172e-07
2.452555244302558713e+06 -1.664164039686651303e-08 1.003289542312371946e-06
2.452555244371958543e+06 -1.933801188027831650e-08 1.005843687477407826e-06
2.452555244441358373e+06 1.107433461676279780e-07 1.022631860761606197e-06
2.452555244510758203e+06 7.364061228790733209e-08 1.051197118091968419e-06
2.452555244580158032e+06 -2.338104404236579234e-08 1.066398540978184635e-06
2.452555244649557862e+06 6.256813677988919991e-08 1.081008901804481718e-06
2.452555244718957692e+06 1.063594629622648857e-07 1.111276617300681707e-06
2.452555244788357522e+06 9.283081476788841825e-08 1.147295979054553721e-06
2.452555244857757352e+06 3.475586015814683362e-08 1.177766191065404116e-06
2.452555244927157182e+06 -3.445674393647588389e-08 1.195516050497983606e-06
2.452555244996557012e+06 4.521975669175429718e-08 1.215081127124003993e-06
2.452555245065956842e+06 7.123105272424244655e-08 1.247661477214599239e-06
2.452555245135356672e+06 1.816460018863489156e-08 1.279185933374469744e-06
2.452555245204756502e+06 3.788190088435398245e-08 1.308709322240743492e-06
2.452555245274156332e+06 8.352981170080198343e-08 1.347378515394020350e-06
2.452555245343556162e+06 -2.405377939963387896e-09 1.383816341109537746e-06
2.452555245412955992e+06 -8.385922028967412486e-08 1.402905508224285448e-06
2.452555245482355822e+06 -1.714929305704850511e-07 1.402477699472095309e-06
2.452555245551755652e+06 -1.481721778620489274e-07 1.392558031201000840e-06
2.452555245621155482e+06 -8.121863416307139513e-08 1.390101802882222943e-06
2.452555245690555312e+06 -1.825043399444237795e-07 1.381508138421666245e-06
2.452555245759955142e+06 -2.021399873420252218e-07 1.356112519800406553e-06
2.452555245829354972e+06 -9.467560024509877554e-08 1.336420955560432913e-06
2.452555245898754802e+06 2.183459449506581611e-08 1.338985113737917007e-06
2.452555245968154632e+06 1.295301929328326508e-07 1.366333240429906735e-06
2.452555246037554462e+06 1.106962292430293277e-07 1.405446612304599209e-06
2.452555246106954291e+06 8.742406359423962302e-08 1.442330676795515599e-06
2.452555246176354121e+06 5.564466524780319654e-08 1.475149039093939744e-06
2.452555246245753951e+06 1.232417455404492008e-08 1.501050182084559759e-06
2.452555246315153781e+06 -3.141441019729252634e-08 1.517830107461859482e-06
2.452555246384553611e+06 5.405946242552565851e-08 1.539413096299579353e-06
2.452555246453953441e+06 5.607204948169182786e-08 1.571606620826177087e-06
2.452555246523353271e+06 -8.256593455916525163e-08 1.589495955389961293e-06
2.452555246592753101e+06 -4.358768747300833321e-08 1.595769834176860991e-06
2.452555246662152931e+06 6.631540963595149961e-08 1.618017914366257029e-06
2.452555246731552761e+06 1.193766713117852891e-08 1.647136544483602742e-06
2.452555246800952591e+06 2.137273458993464162e-08 1.672165781636291275e-06
2.452555246870352421e+06 1.453470552477580623e-07 1.713314729183338517e-06
2.452555246939752251e+06 1.617345445102554786e-07 1.773072030983461778e-06
2.452555247009152081e+06 1.284047324154666146e-07 1.835065137411514303e-06
2.452555247078551911e+06 9.305147039494792322e-09 1.883632570501882524e-06
2.452555247147951741e+06 -6.297329778761809533e-08 1.912633686096320906e-06
2.452555247217351571e+06 -6.523625811349100529e-08 1.933403426136855035e-06
2.452555247286751401e+06 -6.656186593683547036e-08 1.953235813674864174e-06
2.452555247356151231e+06 -6.702947199085900816e-08 1.972210199443552386e-06
2.452555247425551061e+06 -3.242070218361965729e-08 1.994384272461969686e-06
2.452555247494950891e+06 -3.991369011933325380e-09 2.023439212228507380e-06
2.452555247564350720e+06 1.827789335144474195e-08 2.058654222803346843e-06
2.452555247633750550e+06 -6.599349753084332057e-08 2.087558230643404981e-06
2.452555247703150380e+06 -1.882086374194188672e-07 2.092636121095451019e-06
2.452555247772550210e+06 -7.268179067305993155e-08 2.094490242084554628e-06
2.452555247841950040e+06 -3.144947043647545916e-08 2.111797662918037218e-06
2.452555247911349870e+06 -1.248920072964896456e-07 2.122018273500868662e-06
2.452555247980749700e+06 -1.407576167973832695e-07 2.117778244638721855e-06
2.452555248050149530e+06 -1.190396887619935581e-07 2.110940658348085946e-06
2.452555248119549360e+06 -5.580191060474751407e-08 2.110508850018986324e-06
2.452555248188949190e+06 -8.361732232329240558e-09 2.120266325602347975e-06
2.452555248258349020e+06 1.672226150145889656e-08 2.136966299861824126e-06
2.452555248327748850e+06 2.496717764755337747e-08 2.156858525610026619e-06
2.452555248397148680e+06 2.486135865334263297e-08 2.177392816601580893e-06
2.452555248466548510e+06 6.073374894844002832e-08 2.201865831910412479e-06
2.452555248535948340e+06 5.405876671959349792e-08 2.229954594958331034e-06
2.452555248605348170e+06 -3.372667822526684873e-08 2.247694764875448522e-06
2.452555248674748000e+06 -1.329914367091587172e-07 2.243221324954220974e-06
2.452555248744147830e+06 -2.263230830608688375e-07 2.213542990765439905e-06
2.452555248813547660e+06 -1.728732216197684719e-07 2.173803866556737913e-06
2.452555248882947490e+06 -1.381556723006186744e-07 2.138001532892243072e-06
2.452555248952347320e+06 -1.456243629602367802e-07 2.099737273306428556e-06
2.452555249021747150e+06 -1.325666197146920360e-07 2.056475983324433460e-06
2.452555249091146979e+06 -1.088581566906877559e-07 2.011558015125357694e-06
2.452555249160546809e+06 4.869853196692962473e-08 1.981857414594758083e-06
2.452555249229946639e+06 1.467680545243295592e-07 1.977919540734682383e-06
2.452555249299346469e+06 1.428461102874328314e-07 1.983985216896501501e-06
2.452555249368746299e+06 1.334427046769497348e-07 1.988782005949327600e-06
2.452555249438146129e+06 1.222385327195592631e-07 1.991420996158584513e-06
2.452555249507545959e+06 1.483906581787234476e-07 1.995890504856925116e-06
2.452555249576945789e+06 1.625093373096981893e-07 2.005420584650790258e-06
2.452555249646345619e+06 1.544845314222004385e-07 2.016668252728388755e-06
2.452555249715745449e+06 1.313278347874968839e-07 2.025549623090538543e-06
2.452555249785145279e+06 1.027403267648083722e-07 2.029472506883990913e-06
2.452555249854545109e+06 1.877423631729081520e-07 2.040513425095583945e-06
2.452555249923944939e+06 2.120077426650162264e-07 2.065633823440477619e-06
2.452555249993344769e+06 1.158311689317696343e-07 2.085341652252207522e-06
2.452555250062744599e+06 7.366900741383494827e-08 2.091323610455861361e-06
2.452555250132144429e+06 6.134346309881534750e-08 2.091836345740858266e-06
2.452555250201544259e+06 3.479795452964820327e-08 2.088144878207949046e-06
2.452555250270944089e+06 6.518757315263827591e-08 2.084812301288640427e-06
2.452555250340343919e+06 2.175180775710542249e-07 2.102708428311512753e-06
2.452555250409743749e+06 2.414560530827704403e-07 2.143417395551134890e-06
2.452555250479143579e+06 1.982163845744846079e-07 2.186657064059420484e-06
2.452555250548543409e+06 1.299401944540313118e-07 2.221883861599667210e-06
2.452555250617943238e+06 5.962557764759135847e-08 2.244971757232468231e-06
2.452555250687343068e+06 -2.662806949638179216e-08 2.252433035530281064e-06
2.452555250756742898e+06 -6.041249064058808453e-08 2.246774964878359668e-06
2.452555250826142728e+06 -6.478123630660330714e-08 2.236093232552424808e-06
2.452555250895542558e+06 -8.729478286163434454e-08 2.221200113491326858e-06
2.452555250964942388e+06 -7.178855645331609780e-08 2.204012556212367897e-06
2.452555251034342218e+06 2.631384666747852966e-08 2.198362952513626659e-06
2.452555251103742048e+06 1.052645557427965404e-07 2.212935173818002192e-06
2.452555251173141878e+06 1.667150188696240373e-07 2.245679147574834891e-06
2.452555251242541708e+06 1.271616260913550749e-07 2.284746761782146436e-06
2.452555251311941538e+06 8.708022487521714949e-08 2.318921397374362676e-06
2.452555251381341368e+06 5.202823351978557236e-08 2.348066623105868703e-06
2.452555251450741198e+06 2.155139153892764201e-08 2.372636699462807988e-06
2.452555251520141028e+06 -4.766664144141492730e-09 2.393047989521951564e-06
2.452555251589540858e+06 -2.730809646723947022e-08 2.409682656221127442e-06
2.452555251658940688e+06 -4.642412935957147234e-08 2.422891923489537345e-06
2.452555251728340518e+06 -6.243792612117105673e-08 2.432998954627215251e-06
2.452555251797740348e+06 -7.564713225675005087e-08 2.440301395138872149e-06
2.452555251867140178e+06 -4.825804312215041441e-08 2.449492635416450606e-06
2.452555251936540008e+06 -8.898880649326881760e-08 2.457545414345026133e-06
2.452555252005939838e+06 -1.357538895410510898e-07 2.455688920376842088e-06
2.452555252075339667e+06 -6.430011438672990221e-08 2.455849660615556626e-06
2.452555252144739497e+06 -1.755295071900529604e-07 2.450761100213404263e-06
2.452555252214139327e+06 -1.933103736873472834e-07 2.429498293396600988e-06
2.452555252283539157e+06 1.174314280094177502e-09 2.425835490028372554e-06
2.452555252352938987e+06 1.323611286572092549e-08 2.445196459295915061e-06
2.452555252422338817e+06 -5.768116884546197850e-08 2.459249134554891532e-06
2.452555252491738647e+06 -7.871129208679674622e-08 2.463513462511963786e-06
2.452555252561138477e+06 -1.440329401383897227e-07 2.457539321695037114e-06
2.452555252630538307e+06 -1.722190429579053864e-07 2.439383971097861397e-06
2.452555252699938137e+06 -1.224660984016867316e-07 2.421124441189653251e-06
2.452555252769337967e+06 -1.452721246476081242e-07 2.403442557126594412e-06
2.452555252838737797e+06 -1.337190028880804171e-07 2.382037115976610649e-06
2.452555252908137627e+06 -1.177692993732121662e-07 2.361080202957395949e-06
2.452555252977537457e+06 -1.131734372342731541e-07 2.339899253637491368e-06
2.452555253046937287e+06 -1.784510306637714305e-07 2.309128554364930673e-06
2.452555253116337117e+06 -1.960098338400575475e-07 2.265260647319465478e-06
2.452555253185736947e+06 4.192234086031062443e-08 2.242219236559870360e-06
2.452555253255136777e+06 1.233777038587142092e-07 2.253902597134227329e-06
2.452555253324536607e+06 8.966314420683810681e-08 2.272592366233596126e-06
2.452555253393936437e+06 9.394778282382413058e-08 2.290051166490364727e-06
2.452555253463336267e+06 3.303484240441905069e-08 2.302931295470731494e-06
2.452555253532736097e+06 2.912511791483580914e-08 2.309733259453515138e-06
2.452555253602135926e+06 7.083129315106085988e-08 2.321674038004033776e-06
2.452555253671535756e+06 2.390086446326135698e-08 2.334283651512150766e-06
2.452555253740935586e+06 -3.144659590654571065e-08 2.336320790023577803e-06
2.452555253810335416e+06 9.562344342847506170e-09 2.336811958845616901e-06
2.452555253879735246e+06 -4.358320024558075685e-08 2.335833971765095034e-06
2.452555253949135076e+06 -1.809739477209116566e-07 2.312512648810849840e-06
2.452555254018534906e+06 -1.817738859117302801e-07 2.270532850614295880e-06
2.452555254087934736e+06 -5.351241687432187879e-09 2.244409213080705639e-06
2.452555254157334566e+06 4.290558709290479503e-08 2.241685701086633869e-06
2.452555254226734396e+06 5.379465799110982984e-08 2.245747365342939208e-06
2.452555254296134226e+06 1.831189236246322167e-07 2.266742622907884710e-06
2.452555254365534056e+06 6.477604593965465001e-09 2.284698869008522360e-06
2.452555254434933886e+06 -1.631671492377991852e-07 2.264506714671261419e-06
2.452555254504333716e+06 -2.101872137577890329e-07 2.217062782814059869e-06
2.452555254573733546e+06 -6.864198895849887955e-08 2.175646482852795127e-06
2.452555254643133376e+06 -1.646266782934573429e-08 2.152591500888564689e-06
2.452555254712533206e+06 -5.560236585730677803e-09 2.134851715966380693e-06
2.452555254781933036e+06 -8.225371070948080204e-08 2.108125948619148775e-06
2.452555254851332866e+06 -1.020970168075051980e-07 2.067955531441355502e-06
2.452555254920732696e+06 -1.610202404560708141e-08 2.031892987811025631e-06
2.452555254990132526e+06 -6.008690044907942194e-09 2.004008603431598198e-06
2.452555255059532356e+06 2.793127615445391922e-08 1.979276504421832304e-06
2.452555255128932185e+06 -3.848981726957627611e-08 1.949264338458934454e-06
2.452555255198332015e+06 7.808920622926161495e-08 1.923100803434997909e-06
2.452555255267731845e+06 1.588168481336127669e-07 1.918397811957424130e-06
2.452555255337131675e+06 2.173796719400634785e-07 1.930819153608874519e-06
2.452555255406531505e+06 1.074559673261646664e-07 1.940086440280948342e-06
2.452555255475931335e+06 -2.614095216722944697e-08 1.923509933721177634e-06
2.452555255545331165e+06 1.160456444428169511e-07 1.907552196912120206e-06
2.452555255614730995e+06 1.495355325556712881e-07 1.911727869012182060e-06
2.452555255684130825e+06 1.232806601408300683e-07 1.918685513523470821e-06
2.452555255753530655e+06 1.443010724135187710e-07 1.927246963300900564e-06
2.452555255822930485e+06 1.337210676883205607e-07 1.939360969261580494e-06
2.452555255892330315e+06 1.365603920423291141e-07 1.953244848109890504e-06
2.452555255961730145e+06 4.562035071170514019e-08 1.959690622162067605e-06
2.452555256031129975e+06 -1.842221684664645918e-08 1.950060288135230629e-06
2.452555256100529805e+06 8.258757884815100683e-08 1.944862733582056081e-06
2.452555256169929635e+06 1.585435841679282786e-08 1.944263694042886099e-06
2.452555256239329465e+06 -1.733803076217367185e-09 1.934975219190157733e-06
2.452555256308729295e+06 1.760679640347849834e-07 1.944424063650994489e-06
2.452555256378129125e+06 2.659431343426307539e-07 1.987089354026220461e-06
2.452555256447528955e+06 2.076020786586231737e-07 2.039041301789471640e-06
2.452555256516928785e+06 1.607074536058262467e-07 2.085200132453943181e-06
2.452555256586328615e+06 2.103534971311347364e-07 2.137245350862828018e-06
2.452555256655728444e+06 1.933349080820200143e-07 2.199054076931026961e-06
2.452555256725128274e+06 2.868743132147334953e-07 2.276519017630857844e-06
2.452555256794528104e+06 1.739675959780983254e-07 2.359896296319667865e-06
2.452555256863927934e+06 -8.281948551543005135e-08 2.408801801238631408e-06
2.452555256933327764e+06 6.173514893155289652e-08 2.449060225134689260e-06
2.452555257002727594e+06 5.888694114132252474e-08 2.508974000192382098e-06
2.452555257072127424e+06 8.147806526748072041e-09 2.567757234999520355e-06
2.452555257141527254e+06 -7.262078743633177161e-08 2.615955374695166433e-06
2.452555257210927084e+06 -2.591176536744892288e-07 2.636394279386901750e-06
2.452555257280326914e+06 -2.288289327457593673e-07 2.638755964052794263e-06
2.452555257349726744e+06 -1.467749422978972694e-07 2.652147642992433152e-06
2.452555257419126574e+06 -3.302030294564542049e-08 2.687378375531139105e-06
2.452555257488526404e+06 -1.628758018160885853e-07 2.722092408545247964e-06
2.452555257557926234e+06 -2.789266041386991434e-07 2.729391492908935091e-06
2.452555257627326064e+06 -3.346042825365223290e-07 2.714795068094556551e-06
2.452555257696725894e+06 -4.005073324261175406e-07 2.681731107371079587e-06
2.452555257766125724e+06 -4.417140153629354154e-07 2.629942964146220765e-06
2.452555257835525554e+06 -2.642006743357928776e-07 2.585802439365614506e-06
2.452555257904925384e+06 -4.082140635866671212e-09 2.585304643393161834e-06
2.452555257974325214e+06 2.007751561374696419e-07 2.636472164674276248e-06
2.452555258043725044e+06 -1.782324652806757723e-07 2.670666018190434903e-06
2.452555258113124873e+06 -2.515271390529171932e-07 2.653621237729509827e-06
2.452555258182524703e+06 -2.114126058047721029e-07 2.628412468196914853e-06
2.452555258251924533e+06 -2.248702116499719487e-07 2.601206518427603731e-06
2.452555258321324363e+06 -3.148471059415085378e-07 2.556819667542194370e-06
2.452555258390724193e+06 -1.794661414388496583e-07 2.510838116159235362e-06
2.452555258460124023e+06 -1.629989546348686189e-07 2.475664278624672910e-06
2.452555258529523853e+06 -2.128448901247491289e-07 2.431182424374483742e-06
2.452555258598923683e+06 -3.894704051340784925e-08 2.394868680348275840e-06
2.452555258668323513e+06 -2.907008648055557554e-08 2.374765066433430383e-06
2.452555258737723343e+06 2.147458234858652744e-08 2.358495697621205398e-06
2.452555258807123173e+06 1.434458131687453837e-07 2.359634848992063223e-06
2.452555258876523003e+06 1.262580442228501255e-07 2.372319593351308142e-06
2.452555258945922833e+06 -9.854175286778564844e-10 2.368927733251429878e-06
2.452555259015322663e+06 1.791148595833835307e-07 2.370669067318889418e-06
2.452555259084722493e+06 3.427091249023233157e-07 2.411937329991857300e-06
2.452555259154122323e+06 2.719397422986349675e-08 2.439489552179935532e-06
2.452555259223522153e+06 1.470595593406866633e-08 2.431331721377475253e-06
2.452555259292921983e+06 8.733853657823992867e-08 2.428660550645863867e-06
2.452555259362321813e+06 8.471052344111310678e-08 2.433295065605570380e-06
2.452555259431721643e+06 6.607711335061915354e-08 2.435489572051213401e-06
2.452555259501121473e+06 -3.254503366038205593e-08 2.423879655389061915e-06
2.452555259570521303e+06 -3.708599518271815600e-08 2.398672805763693728e-06
2.452555259639921132e+06 8.158346320905913528e-08 2.383737335321669818e-06
2.452555259709320962e+06 1.161425015720902873e-07 2.384860144881758414e-06
2.452555259778720792e+06 1.432593693173238548e-08 2.378276629874069378e-06
2.452555259848120622e+06 6.811380374924580961e-08 2.365447680302818935e-06
2.452555259917520452e+06 1.601321515604844666e-07 2.368285963875313955e-06
2.452555259986920282e+06 4.798728830968632046e-08 2.369306700274594607e-06
2.452555260056320112e+06 -1.333282791441266206e-07 2.336628939433396950e-06
2.452555260125719942e+06 -8.643580789835501290e-08 2.285158092623940321e-06
2.452555260195119772e+06 -1.502009999297235122e-07 2.226701776041773849e-06
2.452555260264519602e+06 7.483416479556494529e-09 2.173617638625890921e-06
2.452555260333919432e+06 1.300196802984323120e-07 2.148379027948711512e-06
2.452555260403319262e+06 7.267151014288454509e-08 2.129256925762618079e-06
2.452555260472719092e+06 1.321591265950683258e-07 2.109738289478758882e-06
2.452555260542118922e+06 2.434700702094199344e-07 2.109485146570214103e-06
2.452555260611518752e+06 3.825722827614542804e-07 2.139923011957020365e-06
2.452555260680918582e+06 2.191078822434292233e-07 2.172484428719882930e-06
2.452555260750318412e+06 3.632794986522467493e-07 2.207911184688198159e-06
2.452555260819718242e+06 4.167831487040437684e-07 2.271604795467265847e-06
2.452555260889118072e+06 2.174446705609528831e-07 2.326601687606810771e-06
2.452555260958517902e+06 1.260132250993846525e-07 2.354922901682040731e-06
2.452555261027917732e+06 3.573126344389675330e-08 2.366173375979020988e-06
2.452555261097317562e+06 -7.530298915068445728e-08 2.356142003867976883e-06
2.452555261166717391e+06 -7.793922527007201117e-08 2.332677025889406732e-06
2.452555261236117221e+06 1.076668238292195933e-07 2.328804395633879650e-06
2.452555261305517051e+06 8.226988860954499828e-08 2.344055354817325141e-06
2.452555261374916881e+06 -5.787429595133899050e-08 2.342667525650116284e-06
2.452555261444316711e+06 1.509726448283837339e-07 2.349987532068215834e-06
2.452555261513716541e+06 2.366691582843267562e-07 2.393155936720089441e-06
2.452555261583116371e+06 1.510621558175769392e-07 2.441784429199313434e-06
2.452555261652516201e+06 -3.695667056168506901e-08 2.464506395752284142e-06
2.452555261721916031e+06 6.223103973570488481e-08 2.479800171700329218e-06
2.452555261791315861e+06 1.545528255513700832e-08 2.503155931256199447e-06
2.452555261860715691e+06 -1.024306105435357555e-08 2.520853171379524056e-06
2.452555261930115521e+06 3.841984914577476472e-08 2.543249102890582813e-06
2.452555261999515351e+06 -2.940971125135786801e-08 2.565858636395423094e-06
2.452555262068915181e+06 -3.345329650220014697e-08 2.582471313175062507e-06
2.452555262138315011e+06 -2.915605232554333230e-08 2.600701874124464884e-06
2.452555262207714841e+06 -2.724592539501551283e-08 2.621319552319999293e-06
2.452555262277114671e+06 -4.104475083312370771e-08 2.642378236758478757e-06
2.452555262346514501e+06 -2.781711503676588575e-08 2.665129365629175030e-06
2.452555262415914331e+06 3.127704517746988042e-08 2.698104413520712942e-06
2.452555262485314161e+06 2.677878870171137870e-08 2.740221638753057999e-06
2.452555262554713991e+06 7.530381148759488649e-08 2.791076215758675616e-06
2.452555262624113820e+06 4.850196274544869710e-08 2.848822839876675809e-06
2.452555262693513650e+06 2.290048222881036136e-08 2.905369095769168572e-06
2.452555262762913480e+06 -2.718050107674751138e-08 2.957632263491656567e-06
2.452555262832313310e+06 -9.569405843254098277e-08 2.999923795846832082e-06
2.452555262901713140e+06 -1.037114522573017358e-07 3.035826400379328734e-06
2.452555262971112970e+06 -1.306276203140602505e-07 3.069289572465012048e-06
2.452555263040512800e+06 -2.011618260778473463e-07 3.092625368257616129e-06
2.452555263109912630e+06 -2.862707085924577864e-07 3.097838185513052659e-06
2.452555263179312460e+06 -3.685323126216556393e-07 3.081513147862041945e-06
2.452555263248712290e+06 -3.482291223876234327e-07 3.053541215189588604e-06
2.452555263318112120e+06 -2.483977872295340638e-07 3.033860047130733495e-06
2.452555263387511950e+06 -2.904086392206511339e-07 3.016220433141417578e-06
2.452555263456911780e+06 -2.172953171138079553e-07 2.997815452371589601e-06
2.452555263526311610e+06 -1.436718330540025532e-07 2.992062665803782703e-06
2.452555263595711440e+06 -1.988972229307217038e-07 2.985502947624266077e-06
2.452555263665111270e+06 -2.831103795874779088e-07 2.959772737526705113e-06
2.452555263734511100e+06 -1.602039974710075584e-07 2.933552380542969942e-06
2.452555263803910930e+06 -2.311081829161511259e-08 2.932607311624849468e-06
2.452555263873310760e+06 -3.508619099960080792e-08 2.944118252676612923e-06
2.452555263942710590e+06 -4.395202007024713084e-08 2.952519650091036585e-06
2.452555264012110420e+06 -5.005807160341092919e-08 2.958161269967978146e-06
2.452555264081510250e+06 -1.115407827884524226e-07 2.954653075371114769e-06
2.452555264150910079e+06 -2.046399723552069614e-07 2.930942535521792621e-06
2.452555264220309909e+06 -1.245775761889616315e-07 2.901360162969193720e-06
2.452555264289709739e+06 -5.682519172974051546e-08 2.884087802123619013e-06
2.452555264359109569e+06 -5.082008379261355311e-08 2.872008708846939798e-06
2.452555264428509399e+06 -5.838858722380766923e-08 2.857056532011455705e-06
2.452555264497909229e+06 -1.426554528014605310e-08 2.843453461350900785e-06
2.452555264567309059e+06 -2.049106064320075301e-07 2.810208559088085103e-06
2.452555264636708889e+06 -1.749602778232689336e-07 2.753689746365468315e-06
2.452555264706108719e+06 -7.777414422536490630e-08 2.705008710327509504e-06
2.452555264775508549e+06 -3.839425578700047786e-08 2.666376402690126607e-06
2.452555264844908379e+06 -8.354391209718263967e-08 2.622598324360256189e-06
2.452555264914308209e+06 -1.188721797105399354e-07 2.564671072860169449e-06
2.452555264983708039e+06 -1.067118233774806195e-07 2.497974087209237648e-06
2.452555265053107869e+06 1.029590174609978117e-07 2.450303594421777282e-06
2.452555265122507699e+06 2.415225591655993615e-07 2.438695744647548919e-06
2.452555265191907529e+06 2.878554308964212982e-07 2.448304892169276448e-06
2.452555265261307359e+06 3.312204740368414296e-07 2.470471363395593066e-06
2.452555265330707189e+06 3.161978237652182235e-07 2.499452909312890710e-06
2.452555265400107019e+06 2.107662518321088422e-07 2.518688094754588544e-06
2.452555265469506849e+06 5.667546507843276501e-08 2.510939974756211873e-06
2.452555265538906679e+06 -1.208980005829367845e-07 2.464925789626647000e-06
2.452555265608306509e+06 5.245780239356636340e-08 2.414636333823896362e-06
2.452555265677706338e+06 1.933641573123580874e-07 2.396796326078856738e-06
2.452555265747106168e+06 2.484203448702234131e-07 2.401371752959226714e-06
2.452555265816505998e+06 1.996191215886211659e-07 2.408845480354514988e-06
2.452555265885905828e+06 1.814225859410654093e-07 2.411044340167377723e-06
2.452555265955305658e+06 7.410943400489954772e-08 2.400615656812780606e-06
2.452555266024705488e+06 6.742974451462454189e-08 2.377563681898409071e-06
2.452555266094105318e+06 4.912133239457784466e-08 2.350930627760459874e-06
2.452555266163505148e+06 1.556560608573893877e-07 2.333579924444310290e-06
2.452555266232904978e+06 3.528347228793195073e-07 2.351633820532675656e-06
2.452555266302304808e+06 -4.777581269570310308e-09 2.355077451005352567e-06
2.452555266371704638e+06 1.026584161584996030e-07 2.331874148725546288e-06
2.452555266441104468e+06 1.139053722985920570e-07 2.321983736164323800e-06
2.452555266510504298e+06 2.522137918215593783e-07 2.330499454839964770e-06
2.452555266579904128e+06 3.677084257969976582e-07 2.371524882160799806e-06
2.452555266649303958e+06 1.689986044134703415e-08 2.391719936006851449e-06
2.452555266718703788e+06 1.075179271601521558e-07 2.385804145650097566e-06
2.452555266788103618e+06 1.046671250338155507e-07 2.391281637489833719e-06
2.452555266857503448e+06 4.103162858732311017e-08 2.391461434652236508e-06
2.452555266926903278e+06 -1.548186425028974466e-08 2.379500111130966882e-06
2.452555266996303108e+06 6.112541093685634910e-08 2.370348289608107115e-06
2.452555267065702938e+06 8.424589229386430761e-08 2.373562716131027406e-06
2.452555267135102767e+06 1.343569353407853023e-07 2.387390577395957642e-06
2.452555267204502597e+06 7.113521984375721447e-08 2.402896761250614503e-06
2.452555267273902427e+06 4.520512293212613453e-08 2.411343967501400765e-06
2.452555267343302257e+06 -1.412561769638899114e-07 2.397571841718286006e-06
2.452555267412702087e+06 -1.236934905046373205e-07 2.364176844768730705e-06
2.452555267482101917e+06 -1.222926300276461890e-08 2.343649286258722564e-06
2.452555267551501747e+06 -5.785665276728850247e-08 2.330108207654507605e-06
2.452555267620901577e+06 -1.095854428846230653e-07 2.305389267915101905e-06
2.452555267690301407e+06 -4.561122128501736690e-08 2.281026751112020112e-06
2.452555267759701237e+06 1.232605985892347693e-07 2.282714450322196807e-06
2.452555267829101067e+06 1.481392807763522140e-07 2.308746202294989929e-06
2.452555267898500897e+06 4.121490419959071504e-07 2.372717602746844054e-06
2.452555267967900727e+06 9.728009112098148503e-08 2.439100784128700259e-06
2.452555268037300557e+06 1.712207450615710068e-07 2.485796280413281817e-06
2.452555268106700387e+06 -9.095567892935253964e-08 2.516504105662871391e-06
2.452555268176100217e+06 -9.440437596712153296e-08 2.520285857685530953e-06
2.452555268245500047e+06 -2.025034268622911145e-07 2.511958533576779542e-06
2.452555268314899877e+06 -1.999663120633303495e-07 2.490832035673053433e-06
2.452555268384299707e+06 -2.327338274861112613e-07 2.464239599623142469e-06
2.452555268453699537e+06 -2.933483721194521201e-07 2.424274369648583618e-06
2.452555268523099367e+06 -2.137088701066847027e-07 2.382588274324686246e-06
2.452555268592499197e+06 -6.918316631793695158e-08 2.362898479794211500e-06
2.452555268661899026e+06 -3.163924809648875094e-07 2.329715501668913053e-06
2.452555268731298856e+06 -3.006470435985772752e-07 2.266670101354986535e-06
2.452555268800698686e+06 -5.030526569434309026e-08 2.228401431339131583e-06
2.452555268870098516e+06 1.483984306874993486e-07 2.238987181147961891e-06
2.452555268939498346e+06 2.265942723034088210e-07 2.283770815424308198e-06
2.452555269008898176e+06 1.123601227594217760e-07 2.330003918190044286e-06
2.452555269078298006e+06 8.188542107242085399e-08 2.365016390568618053e-06
2.452555269147697836e+06 3.155155158318877785e-08 2.394803569561412650e-06
2.452555269217097666e+06 -2.889899224757845315e-08 2.415140692451172293e-06
2.452555269286497496e+06 -6.387361342173345848e-09 2.433302998516690237e-06
2.452555269355897326e+06 -1.686565425377886221e-08 2.454721596874092228e-06
2.452555269425297156e+06 -4.165774082623702252e-08 2.474123817464173265e-06
2.452555269494696986e+06 -3.361783055699472173e-07 2.458180034049293741e-06
2.452555269564096816e+06 -2.073206245487605585e-07 2.420813118330171025e-06
2.452555269633496646e+06 -1.768129030845966499e-07 2.397462122379242429e-06
2.452555269702896476e+06 -3.062194448301477622e-07 2.359730830335069149e-06
2.452555269772296306e+06 -2.616899046291555114e-07 2.307748964788154525e-06
2.452555269841696136e+06 -2.213066890782070230e-07 2.259800895830348003e-06
2.452555269911095966e+06 -1.200009694240153599e-07 2.223066613782332186e-06
2.452555269980495796e+06 1.880232211128746211e-08 2.210319619939877449e-06
2.452555270049895626e+06 1.609006891615848120e-08 2.212163115126260744e-06
2.452555270119295456e+06 6.247183606566922611e-08 2.219455243301368445e-06
2.452555270188695285e+06 3.763587281115777920e-08 2.230182734077962283e-06
2.452555270258095115e+06 2.889017174513912634e-08 2.238264353986864528e-06
2.452555270327494945e+06 1.776064978428894063e-07 2.263499935782196693e-06
2.452555270396894775e+06 3.212041280382350506e-07 2.325352619253596554e-06
2.452555270466294605e+06 1.919926056610960207e-07 2.395354300523408551e-06
2.452555270535694435e+06 -4.757391688745511913e-08 2.429637107883302505e-06
2.452555270605094265e+06 -4.020813241546498790e-09 2.444139978685518581e-06
2.452555270674494095e+06 -3.343542697704765218e-08 2.460974785980046488e-06
2.452555270743893925e+06 -7.828983871969243883e-08 2.470034251491742765e-06
2.452555270813293755e+06 2.910027932496319639e-08 2.486267336369855149e-06
2.452555270882693585e+06 6.213297203154374080e-08 2.519413638804979979e-06
2.452555270952093415e+06 1.967409808280839019e-07 2.574348752479802123e-06
2.452555271021493245e+06 7.095119279791259957e-08 2.634812707523906176e-06
2.452555271090893075e+06 1.471696430860737037e-07 2.694384657769818399e-06
2.452555271160292905e+06 8.794972974818561815e-08 2.760441103001594531e-06
2.452555271229692735e+06 1.967512421998203236e-08 2.816649235833179131e-06
2.452555271299092565e+06 -4.712623147712610747e-08 2.860798915974113488e-06
2.452555271368492395e+06 -4.440872785904491982e-08 2.899602080026511786e-06
2.452555271437892225e+06 -8.254150134180503357e-08 2.935622909005233277e-06
2.452555271507292055e+06 -1.715107988934683404e-07 2.957752999244355610e-06
2.452555271576691885e+06 -1.891732694681890895e-07 2.966731399396379215e-06
2.452555271646091715e+06 -2.872968061961793878e-07 2.959995280728400755e-06
2.452555271715491544e+06 -2.921443447106723448e-07 2.937314929767395831e-06
2.452555271784891374e+06 -3.070614147792742741e-07 2.906675112186934648e-06
2.452555271854291204e+06 -2.207901990461987529e-07 2.877902804172084076e-06
2.452555271923691034e+06 -4.643173243548106653e-07 2.824802012218217428e-06
2.452555271993090864e+06 -1.533729812250096870e-07 2.770998201896139216e-06
2.452555272062490694e+06 2.746416257987102881e-08 2.765924631671048033e-06
2.452555272131890524e+06 -8.861594222065952631e-08 2.765482982523555647e-06
2.452555272201290354e+06 -1.376375977426413265e-08 2.757954217341661268e-06
2.452555272270690184e+06 1.417852997979960607e-07 2.774186813233879318e-06
2.452555272340090014e+06 2.891367696224737524e-07 2.825241387971446802e-06
2.452555272409489844e+06 1.376757856319221895e-07 2.879220828714085259e-06
2.452555272478889674e+06 2.341173562231941599e-07 2.930415776822246204e-06
2.452555272548289504e+06 -6.840412650402266922e-08 2.960866379317420525e-06
2.452555272617689334e+06 -8.227375667281984391e-08 2.955430378406517353e-06
2.452555272687089164e+06 -7.994882823918080426e-08 2.945614968772279635e-06
2.452555272756488994e+06 4.024425000105180964e-08 2.946606829744920986e-06
2.452555272825888824e+06 -2.506678388934710584e-08 2.951824206197720977e-06
2.452555272895288654e+06 -2.430956574716874970e-08 2.947933002575439289e-06
2.452555272964688484e+06 -3.770498061730915425e-08 2.940051731273983764e-06
2.452555273034088314e+06 9.395825757249317685e-08 2.943052211946115268e-06
2.452555273103488144e+06 1.156008038962362084e-07 2.962285892249509290e-06
2.452555273172887973e+06 2.245979902575291715e-07 2.996940229349952275e-06
2.452555273242287803e+06 1.094900491211029496e-07 3.032813128568408423e-06
2.452555273311687633e+06 3.653997568274289698e-08 3.048879074690785700e-06
2.452555273381087463e+06 1.468429677134795414e-07 3.069144852975189923e-06
2.452555273450487293e+06 1.414789743093439671e-08 3.087154940404796072e-06
2.452555273519887123e+06 8.082163717999595792e-08 3.097619111652223176e-06
2.452555273589286953e+06 3.111344290183105558e-07 3.141893224584318824e-06
2.452555273658686783e+06 1.947404006047772666e-07 3.202393639748270113e-06
2.452555273728086613e+06 1.336178282747431672e-07 3.246951092422831686e-06
2.452555273797486443e+06 9.780126843833482151e-08 3.283077034755309313e-06
2.452555273866886273e+06 1.544934166335801741e-07 3.323464234347078198e-06
2.452555273936286103e+06 1.764539871392144496e-07 3.375223053486317589e-06
2.452555274005685933e+06 -4.351959932439034837e-08 3.407384675421987341e-06
2.452555274075085763e+06 5.087763690248037627e-08 3.426150206107722173e-06
2.452555274144485593e+06 -6.120874258507447516e-08 3.442570751418944368e-06
2.452555274213885423e+06 -1.007845138832326530e-07 3.440854437786016246e-06
2.452555274283285253e+06 -7.675193201933436361e-08 3.434884917305082374e-06
2.452555274352685083e+06 1.095962356355226823e-07 3.450525403953710151e-06
2.452555274422084913e+06 -7.089958354450594084e-09 3.473863607565954925e-06
2.452555274491484743e+06 -1.054177204329312463e-07 3.472711636435605835e-06
2.452555274560884573e+06 -9.422953040402343288e-08 3.459301912541419027e-06
2.452555274630284403e+06 6.163453352341668660e-08 3.461929793959913449e-06
2.452555274699684232e+06 2.362764750406163880e-08 3.476746604212297125e-06
2.452555274769084062e+06 -6.110501519794028896e-08 3.477216929843743741e-06
2.452555274838483892e+06 1.152720887069688395e-07 3.486738457599576150e-06
2.452555274907883722e+06 1.660192467092083169e-07 3.522104122684020653e-06
2.452555274977283552e+06 -8.424497827261722047e-09 3.545418051942257573e-06
2.452555275046683382e+06 -4.668471679145931372e-08 3.545026677841227003e-06
2.452555275116083212e+06 1.069853568386074137e-08 3.545315133353078391e-06
2.452555275185483042e+06 -7.561010053670862853e-08 3.540874129319013696e-06
2.452555275254882872e+06 -2.737022307644317619e-08 3.530230168101653960e-06
2.452555275324282702e+06 -9.565721844799561086e-09 3.524917081340621952e-06
2.452555275393682532e+06 -8.435337663684489952e-08 3.511358431824917384e-06
2.452555275463082362e+06 3.902786310410827342e-09 3.496966181750491701e-06
2.452555275532482192e+06 7.076485228088651918e-08 3.498239952716383940e-06
2.452555275601882022e+06 1.566045875476610923e-07 3.516722968001517910e-06
2.452555275671281852e+06 2.389948246256648177e-08 3.531178404257590951e-06
2.452555275740681682e+06 3.091416031889878527e-08 3.532047551738385761e-06
2.452555275810081512e+06 1.551461100483124899e-07 3.547736110655966720e-06
2.452555275879481342e+06 1.116445632704906224e-07 3.574043923087741797e-06
2.452555275948881172e+06 2.089788732855111663e-07 3.609005210018941917e-06
2.452555276018281002e+06 1.160093205994577629e-07 3.647779762512603694e-06
2.452555276087680832e+06 1.092475316233305195e-07 3.678630671863319066e-06
2.452555276157080662e+06 9.942224133717630350e-08 3.710281130840247602e-06
2.452555276226480491e+06 2.202001580589207406e-07 3.757564345986922527e-06
2.452555276295880321e+06 -1.317838805368929276e-08 3.796136299055543787e-06
2.452555276365280151e+06 3.577788317687919708e-08 3.816600561809986095e-06
2.452555276434679981e+06 1.337840184399561005e-07 3.855388245146955129e-06
2.452555276504079811e+06 -7.904601793516198468e-09 3.892291274991078831e-06
2.452555276573479641e+06 -1.604845509216325480e-07 3.897912506842843343e-06
2.452555276642879471e+06 -1.853933449535148371e-07 3.882360044042913857e-06
2.452555276712279301e+06 -1.567510311599649830e-07 3.864418102964619359e-06
2.452555276781679131e+06 -7.456543738560787472e-08 3.856354874453166475e-06
2.452555276851078961e+06 -2.358989704588722217e-07 3.837277764731972735e-06
2.452555276920478791e+06 -4.362853822454986178e-08 3.818857751526755105e-06
2.452555276989878621e+06 -2.262642260689717948e-07 3.798804456113588832e-06
2.452555277059278451e+06 -2.449409609051133181e-07 3.752567763386893657e-06
2.452555277128678281e+06 -2.586624600229948184e-07 3.697075402309916715e-06
2.452555277198078111e+06 -1.424853763886928704e-08 3.662096601699873157e-06
2.452555277267477941e+06 3.019877634831664970e-07 3.688383564540092144e-06
2.452555277336877771e+06 3.132828352666999939e-07 3.755608660168904889e-06
2.452555277406277601e+06 3.985980171800199013e-09 3.795488488073117660e-06
2.452555277475677431e+06 -2.806324396020497890e-08 3.799859801838973011e-06
2.452555277545077261e+06 -6.941601397019750525e-08 3.795913362934782517e-06
2.452555277614477091e+06 -4.194763133896130476e-09 3.794061653350842253e-06
2.452555277683876920e+06 6.340643180291848589e-08 3.807215797720336904e-06
2.452555277753276750e+06 2.107471830381905482e-07 3.846543242696698456e-06
2.452555277822676580e+06 -1.181309933745162614e-08 3.881132344227926831e-06
2.452555277892076410e+06 1.324627202466759026e-07 3.909991725352304076e-06
2.452555277961476240e+06 -5.555739000420820298e-08 3.936401305832763923e-06
2.452555278030876070e+06 -6.867162082329146646e-08 3.941729032232558145e-06
2.452555278100275900e+06 -3.890203423141987408e-08 3.948908338574638131e-06
2.452555278169675730e+06 9.880711494805181300e-08 3.975627636556332490e-06
2.452555278239075560e+06 2.617049032071104202e-08 4.012064202270358137e-06
2.452555278308475390e+06 1.807469139068319240e-08 4.042233731806900196e-06
2.452555278377875220e+06 -2.709022428436054587e-08 4.068518528752777204e-06
2.452555278447275050e+06 1.894855462423827405e-07 4.116467607615257008e-06
2.452555278516674880e+06 -1.268679756563496414e-07 4.156814030881962069e-06
2.452555278586074710e+06 -1.840396474280043872e-07 4.156782559089370977e-06
2.452555278655474540e+06 -1.988928573117585929e-07 4.146895520447746596e-06
2.452555278724874370e+06 -2.251015920572482853e-07 4.129684548767111887e-06
2.452555278794274200e+06 -1.994932053327629028e-07 4.109095331716830721e-06
2.452555278863674030e+06 -1.660937820410491571e-07 4.091750060534804792e-06
2.452555278933073860e+06 -1.342309488659896002e-07 4.078803166733854594e-06
2.452555279002473690e+06 -1.301991231728715460e-07 4.067390026679757747e-06
2.452555279071873520e+06 7.411395029716319417e-08 4.077754499970069946e-06
2.452555279141273350e+06 -9.779400859327357389e-08 4.091860146225349524e-06
2.452555279210673179e+06 -5.293689898877748053e-10 4.097659771960662877e-06
2.452555279280073009e+06 -3.580160828486816977e-07 4.072687937468883303e-06
2.452555279349472839e+06 -3.107287953005250134e-07 4.007849008074487111e-06
2.452555279418872669e+06 -1.404905190709337015e-07 3.960252088858969190e-06
2.452555279488272499e+06 -1.030220301725840058e-07 3.930866800875839458e-06
2.452555279557672329e+06 2.949163264595165551e-08 3.917470074833646276e-06
2.452555279627072159e+06 2.675501766607181377e-07 3.945201394112095193e-06
2.452555279696471989e+06 -9.214193885391207793e-08 3.961408583778693690e-06
2.452555279765871819e+06 -1.293418181261410160e-07 3.932838934849232534e-06
2.452555279835271649e+06 -8.695031437244132184e-08 3.901350145621985956e-06
2.452555279904671479e+06 -1.892800678620204174e-07 3.859205295087863235e-06
2.452555279974071309e+06 -6.722533053972400814e-08 3.814661351784464917e-06
2.452555280043471139e+06 -9.834729876311937459e-08 3.775918685870543240e-06
2.452555280112870969e+06 9.907357344911368074e-08 3.752548868300556398e-06
2.452555280182270799e+06 1.880335747204496351e-07 3.760318001105612931e-06
2.452555280251670629e+06 4.159773175645396027e-08 3.762766081056635894e-06
2.452555280321070459e+06 2.428442199431953546e-07 3.772366766281594427e-06
2.452555280390470289e+06 3.165009945866367694e-07 3.815456828292569232e-06
2.452555280459870119e+06 1.561929527078721167e-07 3.853639258072872512e-06
2.452555280529269949e+06 2.104898397630811023e-07 3.884004197437531774e-06
2.452555280598669779e+06 2.541654166679824113e-07 3.929267592213684369e-06
2.452555280668069609e+06 1.981737069901559758e-07 3.978115879842800088e-06
2.452555280737469438e+06 5.573390271583520326e-08 4.009163279964761181e-06
2.452555280806869268e+06 -3.011302387049809959e-08 4.016857624419900538e-06
2.452555280876269098e+06 1.048177752093832627e-08 4.019827770060090821e-06
2.452555280945668928e+06 2.577594821267172674e-07 4.056202629994382295e-06
2.452555281015068758e+06 -2.176086945635096802e-08 4.092376882339479563e-06
2.452555281084468588e+06 -1.648883707546522048e-07 4.082868814291759721e-06
2.452555281153868418e+06 -2.925600691832973534e-07 4.040278588123911528e-06
2.452555281223268248e+06 -1.374675812515593746e-07 3.995714764212144808e-06
2.452555281292668078e+06 -3.432714504059187454e-09 3.979501596865337374e-06
2.452555281362067908e+06 1.301694949793316564e-07 3.992345948868810274e-06
2.452555281431467738e+06 2.037020430802746925e-07 4.030401469426695938e-06
2.452555281500867568e+06 1.607429410500026014e-07 4.075831326335159431e-06
2.452555281570267398e+06 -4.495257803611340528e-08 4.096877978505216249e-06
2.452555281639667228e+06 -2.607225048567734014e-08 4.097948945990717015e-06
2.452555281709067058e+06 1.900987019950452656e-08 4.105943121270114550e-06
2.452555281778466888e+06 1.414482590473689381e-07 4.133620355036828089e-06
2.452555281847866718e+06 -3.701688830013665255e-08 4.157109600522968800e-06
2.452555281917266548e+06 -6.790510484776335929e-08 4.158066118806260344e-06
2.452555281986666378e+06 2.025614611607199170e-08 4.164947538444639780e-06
2.452555282056066208e+06 -2.439802870632568379e-08 4.176789967477996045e-06
2.452555282125466038e+06 -2.442219366943961618e-07 4.158353139459787504e-06
2.452555282194865867e+06 -1.509833988677843120e-07 4.122370570672420795e-06
2.452555282264265697e+06 6.886593653778374160e-08 4.118083377040572621e-06
2.452555282333665527e+06 -7.953126477079365973e-08 4.120979902689144479e-06
2.452555282403065357e+06 -2.649352543602027506e-07 4.084821479506915269e-06
2.452555282472465187e+06 6.417108955680685333e-08 4.060872610083906142e-06
2.452555282541865017e+06 3.959968595748352836e-08 4.069266254026980467e-06
2.452555282611264847e+06 5.198854905178867472e-08 4.076811735935329762e-06
2.452555282680664677e+06 -2.014942274580167679e-08 4.077894458089169243e-06
2.452555282750064507e+06 1.465418790022727754e-07 4.089734683474641392e-06
2.452555282819464337e+06 1.756498885448168908e-07 4.125257931815249824e-06
2.452555282888864167e+06 -1.058186610635379967e-07 4.134954667246797654e-06
2.452555282958263997e+06 1.089626979811118377e-07 4.137508088452518348e-06
2.452555283027663827e+06 9.809613746463493472e-08 4.163550636020617113e-06
2.452555283097063657e+06 1.624101989560274661e-07 4.198137441366787566e-06
2.452555283166463487e+06 -1.199869780494355897e-08 4.223119972909540892e-06
2.452555283235863317e+06 1.268141770178603713e-07 4.246007160647000415e-06
2.452555283305263147e+06 -5.381232792683759970e-08 4.265774203349018663e-06
2.452555283374662977e+06 4.480746701911798901e-08 4.277349322275151544e-06
2.452555283444062807e+06 -7.905697085715979671e-08 4.286384167227819682e-06
2.452555283513462637e+06 3.838759275553616540e-09 4.290750885288181882e-06
2.452555283582862467e+06 -7.882670643843796546e-08 4.294712286611219433e-06
2.452555283652262297e+06 1.119239017660094036e-07 4.310743185909155540e-06
2.452555283721662126e+06 -1.125863273778170425e-07 4.323669646091288132e-06
2.452555283791061956e+06 1.326296398946165363e-07 4.339439667981032198e-06
2.452555283860461786e+06 -4.211979004439937783e-08 4.364102828965642075e-06
2.452555283929861616e+06 -1.588030386003013304e-07 4.356559057900382427e-06
2.452555283999261446e+06 -3.470744832249691516e-07 4.311721360549835479e-06
2.452555284068661276e+06 -1.022289594734517975e-07 4.267616094149376543e-06
2.452555284138061106e+06 -3.790193429966059266e-08 4.253833754205516537e-06
2.452555284207460936e+06 -8.534090793331650417e-08 4.239881552879146346e-06
2.452555284276860766e+06 3.768587807157407552e-09 4.228704193178101512e-06
2.452555284346260596e+06 -3.225493288631636812e-08 4.222011731398829564e-06
2.452555284415660426e+06 -1.245500877823593197e-07 4.199304925981160344e-06
2.452555284485060256e+06 -3.881576018422297369e-08 4.173068357422255454e-06
2.452555284554460086e+06 -1.157760509046463680e-07 4.144827685550795090e-06
2.452555284623859916e+06 -7.321252886971172861e-08 4.109494992843888593e-06
2.452555284693259746e+06 2.235186743143033176e-09 4.084150536422800664e-06
2.452555284762659576e+06 5.753254467563257125e-08 4.071514850478890596e-06
2.452555284832059406e+06 1.503885405316540298e-07 4.075105818082253560e-06
2.452555284901459236e+06 1.075914384207027768e-07 4.085361590121790308e-06
2.452555284970859066e+06 3.441720128396971227e-08 4.083748875758218067e-06
2.452555285040258896e+06 1.746822470913925502e-07 4.090247288999314057e-06
2.452555285109658726e+06 8.401185365139233884e-08 4.103731499268170001e-06
2.452555285179058556e+06 4.197621113381299038e-08 4.103791693357085198e-06
2.452555285248458385e+06 7.136272345039956846e-08 4.102904335190658098e-06
2.452555285317858215e+06 1.632944002836691914e-07 4.116540819093803228e-06
2.452555285387258045e+06 3.227194318920231233e-07 4.161371719607749622e-06
2.452555285456657875e+06 2.756647632583198904e-07 4.224564101839514125e-06
2.452555285526057705e+06 1.138006228839300131e-07 4.270629859662984789e-06
2.452555285595457535e+06 8.220783997687862696e-08 4.299301557750196012e-06
2.452555285664857365e+06 5.250686336298958464e-08 4.323886497197832856e-06
2.452555285734257195e+06 -9.098168290303659345e-08 4.330844347181811533e-06
2.452555285803657025e+06 -6.176738519852083911e-08 4.325028375202532571e-06
2.452555285873056855e+06 -1.467005204497325308e-07 4.311833911491242512e-06
2.452555285942456685e+06 -4.459743499413198928e-08 4.298945934614851488e-06
2.452555286011856515e+06 -1.868990059227285791e-07 4.279780606502577086e-06
2.452555286081256345e+06 -1.225805193555896258e-07 4.249325268765177259e-06
2.452555286150656175e+06 -2.412258313899872183e-08 4.234391385423508899e-06
2.452555286220056005e+06 -1.025071378084865160e-07 4.220189114706567735e-06
2.452555286289455835e+06 -1.726786719280234897e-07 4.187283076068328175e-06
2.452555286358855665e+06 2.002626084288641157e-07 4.186124178253369439e-06
2.452555286428255495e+06 1.466884880014519929e-07 4.222164282637824093e-06
2.452555286497655325e+06 2.062061127602386686e-07 4.263011902680288442e-06
2.452555286567055155e+06 -2.450898083683421550e-08 4.288491150081253308e-06
2.452555286636454985e+06 -2.500726312114132332e-08 4.289841671241615365e-06
2.452555286705854814e+06 -1.284453457157014323e-07 4.279160414770328413e-06
2.452555286775254644e+06 -1.115700567968010782e-07 4.257167819100159872e-06
2.452555286844654474e+06 -2.766406604765514559e-08 4.244437425211311948e-06
2.452555286914054304e+06 -1.666381445009806336e-07 4.223947943758688546e-06
2.452555286983454134e+06 -1.075519669778813180e-07 4.192036259663066051e-06
2.452555287052853964e+06 -6.573947752875381941e-08 4.168545175984780895e-06
2.452555287122253794e+06 -2.342367953514830241e-07 4.128079313557205530e-06
2.452555287191653624e+06 1.695000646514970619e-08 4.093222151852612812e-06
2.452555287261053454e+06 4.544799497517204764e-08 4.087599693949895033e-06
2.452555287330453284e+06 -5.099787720370390139e-08 4.074123992579921409e-06
2.452555287399853114e+06 -1.151922890082798062e-07 4.041227402252636506e-06
2.452555287469252944e+06 4.368769065310066535e-08 4.016531464992355211e-06
2.452555287538652774e+06 2.640947376007594502e-07 4.034080858629978072e-06
2.452555287608052604e+06 -1.089381086798108827e-07 4.036747339921618984e-06
2.452555287677452434e+06 -1.353729556356343548e-07 3.994227040245391859e-06
2.452555287746852264e+06 -2.783514530777830133e-07 3.928385786542474046e-06
2.452555287816252094e+06 -1.992446519790326688e-07 3.849140147724265864e-06
2.452555287885651924e+06 -1.319934112837621434e-07 3.779708955135651879e-06
2.452555287955051754e+06 3.712987636342699927e-08 3.731893152111628718e-06
2.452555288024451584e+06 1.140864073308094726e-07 3.709400126882966881e-06
2.452555288093851414e+06 -6.003972369661826717e-08 3.675282792405362475e-06
2.452555288163251244e+06 -1.707239068620263739e-07 3.606610940316859563e-06
2.452555288232651073e+06 6.057662089696372470e-08 3.546886596009421924e-06
2.452555288302050903e+06 2.216074371117751070e-07 3.528868054147488926e-06
2.452555288371450733e+06 1.522305955563431197e-07 3.522338319391718768e-06
2.452555288440850563e+06 8.920152242044504626e-08 3.502585614284682106e-06
2.452555288510250393e+06 1.411726241465792919e-07 3.482302159177508874e-06
2.452555288579650223e+06 3.555346476469928325e-08 3.456549184003471958e-06
2.452555288649050053e+06 2.064605637034401514e-07 3.438606611755653279e-06
2.452555288718449883e+06 8.498198384825222878e-08 3.427542090498587108e-06
2.452555288787849713e+06 2.173721626538989809e-07 3.419659524681561015e-06
2.452555288857249543e+06 1.214464130728813919e-07 3.418273767582533544e-06
2.452555288926649373e+06 -1.273814657821721804e-07 3.379817459591883899e-06
2.452555288996049203e+06 9.800420162985999593e-08 3.337586004065251263e-06
2.452555289065449033e+06 5.180984145882711096e-08 3.314791315875528781e-06
2.452555289134848863e+06 3.998955746056962268e-08 3.286082035454666029e-06
2.452555289204248693e+06 -1.112907988284644322e-07 3.238658578371276028e-06
2.452555289273648523e+06 1.685804426285559988e-07 3.204429979301181396e-06
2.452555289343048353e+06 2.049404946611943945e-07 3.206705505330605111e-06
2.452555289412448183e+06 2.798846247941889245e-07 3.225665706962116977e-06
2.452555289481848013e+06 -2.353937182531696043e-08 3.223577518749046813e-06
2.452555289551247843e+06 -2.400402327314117442e-08 3.189293211205718198e-06
2.452555289620647673e+06 1.606270563352195929e-08 3.159170870439280780e-06
2.452555289690047503e+06 2.557723634417266783e-08 3.134857148809420693e-06
2.452555289759447332e+06 9.859718957444661767e-08 3.120824962048897904e-06
2.452555289828847162e+06 1.249983633693154560e-07 3.120136926175507244e-06
2.452555289898246992e+06 2.800612707878361793e-07 3.143705546675075168e-06
2.452555289967646822e+06 8.598377437620609517e-08 3.168439097967553316e-06
2.452555290037046652e+06 -4.424156302244633641e-08 3.161157984130040691e-06
2.452555290106446482e+06 1.161744155053332804e-08 3.147254053911768717e-06
2.452555290175846312e+06 5.426892146060673520e-08 3.146003015930841840e-06
2.452555290245246142e+06 2.783421279340530386e-08 3.149143987326019651e-06
2.452555290314645972e+06 1.423753922908047232e-07 3.165382561316652638e-06
2.452555290384045802e+06 6.133927135632659879e-09 3.183244941206949358e-06
2.452555290453445632e+06 -1.472001392791544209e-07 3.171630437836468781e-06
2.452555290522845462e+06 7.355629017186992354e-09 3.160955934262780455e-06
2.452555290592245292e+06 -1.239428245441301639e-07 3.153800150208876312e-06
2.452555290661645122e+06 -8.584285745688642900e-08 3.136938893327503104e-06
2.452555290731044952e+06 -1.852878575871070655e-07 3.112938178182523830e-06
2.452555290800444782e+06 -2.756598508287231720e-07 3.066064932592820166e-06
2.452555290869844612e+06 -1.442253849639994418e-08 3.035715015941959450e-06
2.452555290939244442e+06 9.879563775447464300e-09 3.037027988394846723e-06
2.452555291008644272e+06 -1.598522647835314422e-07 3.023365771498070790e-06
2.452555291078044102e+06 -1.092844412053917512e-07 2.996064572731620278e-06
2.452555291147443932e+06 -1.135839005835447418e-07 2.972813656233885838e-06
2.452555291216843762e+06 -7.059831279852312036e-08 2.953162061512914310e-06
2.452555291286243591e+06 -5.956818806110105399e-09 2.945481049484125680e-06
2.452555291355643421e+06 8.979178200234941887e-09 2.947766556718907553e-06
2.452555291425043251e+06 -6.825742466193927107e-08 2.944543387914488831e-06
2.452555291494443081e+06 -5.283072994944046443e-09 2.940690494321524067e-06
2.452555291563842911e+06 -1.437913150625659015e-07 2.928939616415874705e-06
2.452555291633242741e+06 -1.757002711320009482e-07 2.897346453821385251e-06
2.452555291702642571e+06 -2.885159346326715264e-07 2.846716812371507161e-06
2.452555291772042401e+06 -2.799431217067308297e-07 2.779735866338552419e-06
2.452555291841442231e+06 -1.504660018515384966e-07 2.722878167279426755e-06
2.452555291910842061e+06 -1.656354757394654702e-07 2.674634234011705223e-06
2.452555291980241891e+06 -2.106403302801302382e-08 2.637810396967391658e-06
2.452555292049641721e+06 2.219270817543417698e-08 2.620515692283524697e-06
2.452555292119041551e+06 -4.201557810895324083e-08 2.600668793296739487e-06
2.452555292188441381e+06 4.092943178613774078e-08 2.582598507110615980e-06
2.452555292257841211e+06 3.617220082963899877e-08 2.573399477674804372e-06
2.452555292327241041e+06 -1.243164392885345644e-07 2.545758500422871523e-06
2.452555292396640871e+06 7.366867233069301560e-08 2.521201537070365212e-06
2.452555292466040701e+06 2.216244131435222841e-07 2.535894198976063236e-06
2.452555292535440531e+06 -1.970607651849542379e-07 2.522469051215669894e-06
2.452555292604840361e+06 -9.596161214658951173e-08 2.472354428303726641e-06
2.452555292674240191e+06 -1.249708290560189504e-07 2.426837952812810090e-06
2.452555292743640020e+06 -1.023239488421249540e-07 2.377418364903660075e-06
2.452555292813039850e+06 -7.716052546061608923e-08 2.330067953955267709e-06
2.452555292882439680e+06 -3.544802447691369058e-08 2.287340239093787789e-06
2.452555292951839510e+06 3.654403449170156423e-08 2.255280067088263414e-06
2.452555293021239340e+06 9.414786501649194691e-08 2.236972510260340604e-06
2.452555293090639170e+06 7.569464627461065254e-08 2.223450266791801932e-06
2.452555293160039000e+06 3.250631424350570223e-07 2.237495244885947200e-06
2.452555293229438830e+06 6.855187095501043983e-08 2.254410919259953432e-06
2.452555293298838660e+06 1.875529921250739267e-07 2.259255847910988321e-06
2.452555293368238490e+06 3.324504019831931373e-07 2.297205335954593618e-06
2.452555293437638320e+06 2.364734578761069754e-07 2.346754277355501181e-06
2.452555293507038150e+06 2.799882150801334374e-07 2.397158077885687261e-06
