2.452556228080200031e+06 0.000000000000000000e+00 0.000000000000000000e+00
2.452556228149599861e+06 -6.923955039665384559e-03 -8.037455810676399914e-04
2.452556228218999691e+06 5.271576411848539687e-03 -1.081485107033803780e-03
2.452556228288399521e+06 9.125148533444770154e-04 -4.762204469051466420e-04
2.452556228357799351e+06 3.165796029352006304e-03 -4.652998430658503853e-05
2.452556228427199181e+06 -1.906495721767762289e-02 -1.887936362254507422e-03
2.452556228496599011e+06 -1.385671432587576822e-02 -5.901822902886761160e-03
2.452556228565998841e+06 -3.121130664096449878e-03 -8.486759684825618058e-03
2.452556228635398671e+06 -1.757535259550029863e-03 -9.920992749708141059e-03
2.452556228704798501e+06 1.108963783601761089e-03 -1.098464458196907537e-02
2.452556228774198331e+06 4.888376528694020687e-03 -1.135149782498069866e-02
2.452556228843598161e+06 6.546282769665179519e-04 -1.176648231594947837e-02
2.452556228912997991e+06 1.529825432790512260e-03 -1.256975242265562405e-02
2.452556228982397821e+06 4.754380125892456940e-03 -1.293487859110030967e-02
2.452556229051797651e+06 3.333535370256958223e-03 -1.307804164390571552e-02
2.452556229121197481e+06 5.933528055541232617e-03 -1.304623202988494657e-02
2.452556229190597311e+06 -1.676518636763281098e-03 -1.353838337245920516e-02
2.452556229259997141e+06 -2.497504934875412978e-03 -1.500762125872159673e-02
2.452556229329396971e+06 4.248901153199387444e-03 -1.589006782117815056e-02
2.452556229398796801e+06 -2.534653002886167426e-03 -1.680973671168691647e-02
2.452556229468196630e+06 -1.583799961394146555e-02 -2.009481444805464451e-02
2.452556229537596460e+06 8.041782999905876120e-04 -2.327560505172377933e-02
2.452556229606996290e+06 -1.084155929693327372e-02 -2.613642629109462143e-02
2.452556229676396120e+06 -8.632036936050377016e-03 -3.030652839991913178e-02
2.452556229745795950e+06 -1.261258515882961867e-02 -3.502526052434268983e-02
2.452556229815195780e+06 -2.545682467061993748e-03 -3.942336232122478634e-02
2.452556229884595610e+06 5.478681624874838290e-04 -4.262733984161144046e-02
2.452556229953995440e+06 5.642397417156105183e-03 -4.506973268523173370e-02
2.452556230023395270e+06 -8.744121607893856878e-04 -4.777213771044490354e-02
2.452556230092795100e+06 6.725955592989086261e-03 -5.046188597245041679e-02
2.452556230162194930e+06 9.877862885165436015e-04 -5.303690761994856590e-02
2.452556230231594760e+06 7.709388602081932232e-03 -5.557687861171024118e-02
2.452556230300994590e+06 2.918954347871368510e-03 -5.795863423238123424e-02
2.452556230370394420e+06 1.794347061287735953e-02 -5.919243122294147452e-02
2.452556230439794250e+06 2.005252432780833469e-02 -5.834649547361335509e-02
2.452556230509194080e+06 1.419842632014507722e-02 -5.761859306131707215e-02
2.452556230578593910e+06 1.478257168242671886e-02 -5.720310093033612042e-02
2.452556230647993740e+06 2.216526475841982396e-02 -5.560181551301155572e-02
2.452556230717393570e+06 5.736531891144592589e-03 -5.466720372190420063e-02
2.452556230786793400e+06 1.126674358071367080e-03 -5.587197104653653795e-02
2.452556230856193230e+06 2.145217722104743666e-03 -5.742691819487732996e-02
2.452556230925593060e+06 7.883312036874270956e-03 -5.816806566575356829e-02
2.452556230994992889e+06 1.472420043486920120e-02 -5.733118527019863409e-02
2.452556231064392719e+06 4.376066851007815069e-03 -5.661672255285558897e-02
2.452556231133792549e+06 1.016432714573614745e-03 -5.722985214998497355e-02
2.452556231203192379e+06 5.920502774068865659e-03 -5.754991371782292725e-02
2.452556231272592209e+06 -5.082463602595174886e-03 -5.843606683406804558e-02
2.452556231341992039e+06 1.000445389124045292e-02 -5.877127095110563915e-02
2.452556231411391869e+06 1.209395833771220903e-02 -5.697933893908846414e-02
2.452556231480791699e+06 1.436972977392774083e-02 -5.432466950641072490e-02
2.452556231550191529e+06 1.403599185956469486e-02 -5.100913507466861563e-02
2.452556231619591359e+06 8.488591032230402567e-03 -4.788662975018684320e-02
2.452556231688991189e+06 -3.220081773181624157e-04 -4.598110643320111462e-02
2.452556231758391019e+06 7.224317399269280029e-03 -4.392171479012392521e-02
2.452556231827790849e+06 -4.981951082473371102e-03 -4.210089574149164515e-02
2.452556231897190679e+06 5.672302714558387013e-03 -4.019878212957435359e-02
2.452556231966590509e+06 3.429224452915635040e-04 -3.742298576961712586e-02
2.452556232035990339e+06 5.148433775350946644e-03 -3.437393804141657128e-02
2.452556232105390169e+06 5.322792279394845602e-03 -3.040171977397192193e-02
2.452556232174789999e+06 -1.194842573135690769e-02 -2.798959725808458296e-02
2.452556232244189829e+06 2.195963059466236184e-03 -2.570545101225308118e-02
2.452556232313589659e+06 -6.777578350816122060e-03 -2.261671861264184444e-02
2.452556232382989489e+06 -4.749581027845863751e-03 -2.006019962463154518e-02
2.452556232452389318e+06 -7.342470672180113900e-03 -1.737126137022523137e-02
2.452556232521789148e+06 -2.824209199985839571e-04 -1.396861395302900592e-02
2.452556232591188978e+06 -1.136005131488950111e-02 -1.077812776779961228e-02
2.452556232660588808e+06 -1.285703510302058962e-02 -8.835474350973556920e-03
2.452556232729988638e+06 -5.910856238985394764e-03 -6.200483880139230283e-03
2.452556232799388468e+06 -1.708561214921529639e-02 -3.936240149579977449e-03
2.452556232868788298e+06 -3.213532024735307746e-02 -4.651546170848536166e-03
2.452556232938188128e+06 -1.676959753623769034e-02 -5.598141439043302636e-03
2.452556233007587958e+06 -1.408252768582650416e-02 -4.744238533340064401e-03
2.452556233076987788e+06 -1.428134945513998347e-02 -3.704851289743456982e-03
2.452556233146387618e+06 -2.400956321601371499e-02 -3.908086993786034219e-03
2.452556233215787448e+06 -3.471707108857375462e-02 -6.713580882720164567e-03
2.452556233285187278e+06 -1.828788235185481101e-02 -9.364884519590211537e-03
2.452556233354587108e+06 -2.572727171086929693e-02 -1.145746494764344342e-02
2.452556233423986938e+06 -1.917681966755892947e-02 -1.406934383364309010e-02
2.452556233493386768e+06 -3.033204994839944907e-02 -1.767970069146795192e-02
2.452556233562786598e+06 -1.342627687073531806e-02 -2.118291774076259959e-02
2.452556233632186428e+06 -8.305649270601426701e-03 -2.266348301160933665e-02
2.452556233701586258e+06 -1.251979924446453701e-02 -2.434175597038781141e-02
2.452556233770986088e+06 5.210303437336310725e-03 -2.476708882896017788e-02
2.452556233840385918e+06 2.868381843580209084e-04 -2.387873915402725228e-02
2.452556233909785748e+06 -2.816082771945806456e-03 -2.394986070270208392e-02
2.452556233979185577e+06 -6.992215256045904506e-03 -2.499633500652950757e-02
2.452556234048585407e+06 -8.597850904718899387e-03 -2.694507678013977059e-02
2.452556234117985237e+06 9.644031667103410230e-04 -2.829042648532067994e-02
2.452556234187385067e+06 2.467047090899581688e-03 -2.859609631669864441e-02
2.452556234256784897e+06 8.661036424172965627e-04 -2.903778200155121905e-02
2.452556234326184727e+06 9.632698488988546137e-03 -2.878152877658116809e-02
2.452556234395584557e+06 1.011578801314355625e-02 -2.750494674086573221e-02
2.452556234464984387e+06 3.583995255698875244e-03 -2.687151992564308992e-02
2.452556234534384217e+06 2.479414241694539479e-03 -2.713486497039699352e-02
2.452556234603784047e+06 1.429066759334741456e-02 -2.625982005546535075e-02
2.452556234673183877e+06 8.428841620345458446e-03 -2.467182234731096421e-02
2.452556234742583707e+06 1.044810421503830113e-02 -2.343043973632998739e-02
2.452556234811983537e+06 1.985897068319757814e-04 -2.308391499783149156e-02
2.452556234881383367e+06 2.602672973630918828e-03 -2.368391852518991064e-02
2.452556234950783197e+06 -2.083104795073074391e-04 -2.446552780888844661e-02
2.452556235020183027e+06 -6.710366222479566614e-03 -2.647574379192662447e-02
2.452556235089582857e+06 5.016847892245828930e-03 -2.815119803072980292e-02
2.452556235158982687e+06 2.098761956957506062e-03 -2.902818711764281259e-02
2.452556235228382517e+06 -2.856396494897218887e-03 -3.094697667886558978e-02
2.452556235297782347e+06 2.846117222932758196e-03 -3.301017529241361687e-02
2.452556235367182177e+06 2.560449601571752713e-03 -3.467911910809539505e-02
2.452556235436582007e+06 -8.815577830053465582e-05 -3.686831103023594652e-02
2.452556235505981836e+06 3.612223564634256794e-03 -3.915925173689988048e-02
2.452556235575381666e+06 6.899739297379945541e-03 -4.086032354511479059e-02
2.452556235644781496e+06 5.348961147278758800e-03 -4.250414856553527687e-02
2.452556235714181326e+06 2.007226713514127098e-02 -4.274541150740380352e-02
2.452556235783581156e+06 1.088475628855342138e-02 -4.230921583303467320e-02
2.452556235852980986e+06 1.503587387899810862e-02 -4.234430821606253309e-02
2.452556235922380816e+06 1.842008676011240229e-02 -4.143847979197166909e-02
2.452556235991780646e+06 1.213205398075669315e-02 -4.069825742278645325e-02
2.452556236061180476e+06 8.782634983486250005e-03 -4.092214194234261582e-02
2.452556236130580306e+06 9.149539519347882344e-03 -4.143958565725242016e-02
2.452556236199980136e+06 2.099523238486738011e-02 -4.051370207858211170e-02
2.452556236269379966e+06 1.697786745765533789e-02 -3.849383421821489515e-02
2.452556236338779796e+06 1.291082293091086290e-02 -3.711053511276798944e-02
2.452556236408179626e+06 1.932763505995642797e-02 -3.522544070644888226e-02
2.452556236477579456e+06 8.787024640064478032e-03 -3.353922376482926238e-02
2.452556236546979286e+06 1.440680013720420198e-02 -3.217075669867443255e-02
2.452556236616379116e+06 8.019976127722712456e-03 -3.067654682901805457e-02
2.452556236685778946e+06 3.412848492342330977e-03 -3.023415043108143574e-02
2.452556236755178776e+06 7.984463992809746544e-03 -2.968851521528750870e-02
2.452556236824578606e+06 9.864180483668882893e-03 -2.827646903229419362e-02
2.452556236893978436e+06 1.219994607864674160e-02 -2.616630160059765439e-02
2.452556236963378266e+06 9.169589259853824998e-04 -2.481609396425117631e-02
2.452556237032778095e+06 -1.935371049840680811e-03 -2.491695389251466150e-02
2.452556237102177925e+06 -7.706172127770067812e-03 -2.598918915043620104e-02
2.452556237171577755e+06 -1.258318468043233100e-02 -2.837142437406132978e-02
2.452556237240977585e+06 -4.492150491897716445e-03 -3.059068713677098872e-02
2.452556237310377415e+06 4.496353545046264007e-03 -3.101107003328293019e-02
2.452556237379777245e+06 -3.317963202695642985e-03 -3.127802485684602618e-02
2.452556237449177075e+06 1.039157055590123925e-02 -3.082519333865275241e-02
2.452556237518576905e+06 2.135158136584055545e-03 -2.962568841069668918e-02
2.452556237587976735e+06 -3.684836371133679272e-03 -2.986828685758171828e-02
2.452556237657376565e+06 -1.893825340925620005e-03 -3.054544029758301041e-02
2.452556237726776395e+06 -5.522162708583459650e-04 -3.087173154574439013e-02
2.452556237796176225e+06 9.620878533050212719e-03 -2.983456602211637110e-02
2.452556237865576055e+06 7.279273640421286481e-04 -2.847552773892079656e-02
2.452556237934975885e+06 3.938252428869773621e-03 -2.757300371646184342e-02
2.452556238004375715e+06 8.108785100521362366e-03 -2.566539188626136558e-02
2.452556238073775545e+06 6.496416230644469969e-04 -2.388835889222660352e-02
2.452556238143175375e+06 3.529309907498774049e-03 -2.241428698357960866e-02
2.452556238212575205e+06 -3.379926356180527457e-03 -2.122011480978273218e-02
2.452556238281975035e+06 2.768207430470272668e-03 -1.996384893665895804e-02
2.452556238351374865e+06 -2.590989446322094006e-03 -1.846554205943527760e-02
2.452556238420774695e+06 -4.399384405980471570e-03 -1.762991092988337033e-02
2.452556238490174524e+06 -2.860561651238087508e-03 -1.673507952947757282e-02
2.452556238559574354e+06 -1.609323093205653615e-02 -1.710651212399901672e-02
2.452556238628974184e+06 -1.007560828840797090e-02 -1.836557021833091358e-02
2.452556238698374014e+06 -1.939863781289054984e-02 -2.015446213602099107e-02
2.452556238767773844e+06 -8.090010475230212730e-03 -2.191332458602497646e-02
2.452556238837173674e+06 -3.998335948178774642e-03 -2.207721677739371904e-02
2.452556238906573504e+06 -1.437774923719713389e-02 -2.298854939701690248e-02
2.452556238975973334e+06 -2.064567602512861269e-02 -2.593092940987835535e-02
2.452556239045373164e+06 -1.970311337872398399e-02 -2.980554403694602589e-02
2.452556239114772994e+06 -1.093490100531713770e-02 -3.295723315396880543e-02
2.452556239184172824e+06 -1.445770145666879468e-02 -3.581385160958461961e-02
2.452556239253572654e+06 -2.082669263402970108e-02 -4.009017616911036974e-02
2.452556239322972484e+06 -1.999517202656093603e-02 -4.542260334240770525e-02
2.452556239392372314e+06 -1.397269375498624150e-02 -5.047021915528502461e-02
2.452556239461772144e+06 -1.123254536991871895e-02 -5.496139772736638451e-02
2.452556239531171974e+06 -5.560041923538395874e-03 -5.885842377071374282e-02
2.452556239600571804e+06 -5.427883940948499339e-03 -6.238356117143718099e-02
2.452556239669971634e+06 -2.775078873869382939e-03 -6.583279343418693696e-02
2.452556239739371464e+06 -2.868920954145706085e-03 -6.921089547397452080e-02
2.452556239808771294e+06 -5.861826547219615210e-04 -7.254028510128576746e-02
2.452556239878171124e+06 5.085626115984009064e-03 -7.513395715477472203e-02
2.452556239947570954e+06 7.654353504514287143e-03 -7.686792043865833812e-02
2.452556240016970783e+06 -2.969901229259458257e-03 -7.953278651128802001e-02
2.452556240086370613e+06 1.357064035910838379e-02 -8.160059782229900360e-02
2.452556240155770443e+06 1.044404863880469929e-02 -8.212848034638690897e-02
2.452556240225170273e+06 3.747283996572863419e-03 -8.364306876809268765e-02
2.452556240294570103e+06 8.977776743154563741e-03 -8.527974090820231168e-02
2.452556240363969933e+06 1.118369430414564887e-02 -8.601491210298603529e-02
2.452556240433369763e+06 1.095264072480896939e-02 -8.638290833832443227e-02
2.452556240502769593e+06 1.877376071838088994e-02 -8.569310770276938882e-02
2.452556240572169423e+06 2.284342638423997665e-02 -8.333545244993800782e-02
2.452556240641569253e+06 1.777052574138177077e-02 -8.063508091589571825e-02
2.452556240710969083e+06 2.139527287482384521e-02 -7.762048390449000079e-02
2.452556240780368913e+06 2.228255058856820625e-02 -7.358162279512536763e-02
2.452556240849768743e+06 1.332313990901113666e-02 -6.988699886472028722e-02
2.452556240919168573e+06 1.707693101355476153e-02 -6.626228960637201015e-02
2.452556240988568403e+06 1.270775443242931103e-02 -6.220304223498982626e-02
2.452556241057968233e+06 7.618133590680299834e-03 -5.871046103166254609e-02
2.452556241127368063e+06 9.900988602072113842e-03 -5.509603817853381269e-02
2.452556241196767893e+06 -4.730683412774537057e-03 -5.247568477686277710e-02
2.452556241266167723e+06 1.474164646110607754e-03 -5.052231488046887709e-02
2.452556241335567553e+06 -1.916635511395754386e-03 -4.802066143032624607e-02
2.452556241404967383e+06 -8.124237531381093072e-03 -4.636868533717935364e-02
2.452556241474367213e+06 -1.704447595466252255e-03 -4.453599730827721009e-02
2.452556241543767042e+06 -6.358623434858357536e-03 -4.233721126204317148e-02
2.452556241613166872e+06 -1.668722048948344944e-02 -4.169203135053801274e-02
2.452556241682566702e+06 -5.284568094691253007e-03 -4.091840610211405077e-02
2.452556241751966532e+06 -8.023430727973797361e-03 -3.913122496333692329e-02
2.452556241821366362e+06 -1.440184525064058287e-02 -3.829586503526417191e-02
2.452556241890766192e+06 -1.651327926603678165e-02 -3.845430363772757432e-02
2.452556241960166022e+06 -1.688065559276266669e-02 -3.902415732882000277e-02
2.452556242029565852e+06 -1.242142737628024879e-02 -3.929162844866631449e-02
2.452556242098965682e+06 -1.842658231457774617e-02 -3.988168023099555870e-02
2.452556242168365512e+06 -1.256485275340957219e-02 -4.066939792283619237e-02
2.452556242237765342e+06 -9.457208773963554638e-03 -4.061975119504296350e-02
2.452556242307165172e+06 -1.150220056865704568e-02 -4.056143220425521834e-02
2.452556242376565002e+06 -1.079252234846240534e-02 -4.077488159466490653e-02
2.452556242445964832e+06 -9.666426926607168263e-03 -4.092367789036584214e-02
2.452556242515364662e+06 -1.148424225085947249e-02 -4.129551414559679695e-02
2.452556242584764492e+06 3.339959924975377959e-03 -4.032516996938395604e-02
2.452556242654164322e+06 -4.871597305059373675e-03 -3.861115451904473250e-02
2.452556242723564152e+06 -1.021417828143807507e-02 -3.841941308968525870e-02
2.452556242792963982e+06 -1.431516767491395822e-02 -3.944254693668465539e-02
2.452556242862363812e+06 -2.333015551332498147e-02 -4.223786662080827869e-02
2.452556242931763642e+06 -1.501819697809563328e-02 -4.555012658474062726e-02
2.452556243001163471e+06 -1.859955673687348210e-02 -4.879291291878566639e-02
2.452556243070563301e+06 -3.111851383811381662e-03 -5.111230759625533249e-02
2.452556243139963131e+06 -5.556835782360349668e-03 -5.226379290542190748e-02
2.452556243209362961e+06 -1.621694175995565907e-03 -5.345258835369370159e-02
2.452556243278762791e+06 7.888799352225807273e-04 -5.411208903050501035e-02
2.452556243348162621e+06 3.959244518526850581e-03 -5.426718286079838804e-02
2.452556243417562451e+06 6.086850241422084133e-03 -5.389128905752771370e-02
2.452556243486962281e+06 1.735928905951504651e-03 -5.379700897128755765e-02
2.452556243556362111e+06 9.792088378304635021e-03 -5.332449048272674269e-02
2.452556243625761941e+06 8.337868883548650925e-03 -5.209423583706168648e-02
2.452556243695161771e+06 1.439398223776522899e-02 -5.025599989208840573e-02
2.452556243764561601e+06 1.003512762068953408e-02 -4.808342434421181144e-02
2.452556243833961431e+06 3.002265458500956007e-03 -4.706400615555832861e-02
2.452556243903361261e+06 2.153996568961800452e-03 -4.691876266240140037e-02
2.452556243972761091e+06 2.392138766029655757e-03 -4.689817747015793958e-02
2.452556244042160921e+06 2.362172569087599584e-03 -4.691834224570994721e-02
2.452556244111560751e+06 -8.013810793601010979e-03 -4.821288693035415129e-02
2.452556244180960581e+06 -3.934838248558954199e-03 -5.043796869772581432e-02
2.452556244250360411e+06 1.991706241602249263e-03 -5.179261272713939213e-02
2.452556244319760241e+06 -2.582600370066068934e-03 -5.317646486124529004e-02
2.452556244389160071e+06 -6.112320750319311102e-03 -5.568151979686497555e-02
2.452556244458559901e+06 1.741069516589597091e-03 -5.797590220977989067e-02
2.452556244527959730e+06 8.129861772717485212e-04 -5.972160753814135387e-02
2.452556244597359560e+06 1.413127798994001302e-02 -6.021267576094840868e-02
2.452556244666759390e+06 1.745620151758564206e-02 -5.881025116674876152e-02
2.452556244736159220e+06 7.145102583945439276e-03 -5.804848010481126336e-02
2.452556244805559050e+06 1.686469734178287425e-02 -5.725442242906443602e-02
2.452556244874958880e+06 9.140179100049968322e-03 -5.612316064805247806e-02
2.452556244944358710e+06 4.933937603636617472e-03 -5.623432150806587787e-02
2.452556245013758540e+06 4.382806766133894873e-04 -5.734654868777772085e-02
2.452556245083158370e+06 -1.021652727741494300e-03 -5.924426518520638923e-02
2.452556245152558200e+06 -7.777054095063905791e-03 -6.226627782999827332e-02
2.452556245221958030e+06 -2.619276380909997363e-03 -6.575412902285857064e-02
2.452556245291357860e+06 3.885148092096462995e-03 -6.820362343867576727e-02
2.452556245360757690e+06 9.142566555988577634e-03 -6.947548901776492980e-02
2.452556245430157520e+06 4.300738047437726620e-03 -7.074796861311798135e-02
2.452556245499557350e+06 2.309465079508465479e-03 -7.285406309323227969e-02
2.452556245568957180e+06 1.528225026490163713e-05 -7.557883198531686886e-02
2.452556245638357010e+06 9.212311053136029368e-03 -7.767839157653699811e-02
2.452556245707756840e+06 1.878794612593548408e-02 -7.769455329009078426e-02
2.452556245777156670e+06 7.650153111758498103e-03 -7.775404044374197021e-02
2.452556245846556500e+06 1.524505568075860094e-02 -7.808839564016964441e-02
2.452556245915956330e+06 2.158896220498317253e-02 -7.669495953947057243e-02
2.452556245985356160e+06 1.546891687201920780e-02 -7.497772111621189839e-02
2.452556246054755989e+06 1.396815973937073907e-02 -7.381621712086997023e-02
2.452556246124155819e+06 8.492684544022372634e-03 -7.320034925871972409e-02
2.452556246193555649e+06 1.527831292409544822e-02 -7.223032885724792185e-02
2.452556246262955479e+06 1.506934831478873998e-02 -7.025912148063090390e-02
2.452556246332355309e+06 2.769911157899004536e-03 -6.939898710194254694e-02
2.452556246401755139e+06 7.362946381931754006e-03 -6.921929937628652774e-02
2.452556246471154969e+06 4.639652722722276308e-03 -6.868548441604506449e-02
2.452556246540554799e+06 7.028731736731038890e-03 -6.801755475975192200e-02
2.452556246609954629e+06 -5.393125667757551860e-03 -6.833056717296255578e-02
2.452556246679354459e+06 1.776571582052844300e-03 -6.917875725945159260e-02
2.452556246748754289e+06 3.853467635154545021e-03 -6.893714752060758899e-02
2.452556246818154119e+06 2.966730939035867941e-04 -6.873332352184015337e-02
2.452556246887553949e+06 2.579817872385271969e-03 -6.855048333830594809e-02
2.452556246956953779e+06 -4.291986365700068556e-03 -6.877882685119372785e-02
2.452556247026353609e+06 6.942088396961690203e-04 -6.915177610181078016e-02
2.452556247095753439e+06 5.253696740870287402e-04 -6.890854963180739756e-02
2.452556247165153269e+06 -2.712104788820449402e-03 -6.893930570542272651e-02
2.452556247234553099e+06 1.326001503584840974e-03 -6.878881021650894156e-02
2.452556247303952929e+06 1.687340314068084320e-03 -6.802288208677015335e-02
2.452556247373352759e+06 8.239366216512223544e-05 -6.723453628656063386e-02
2.452556247442752589e+06 -3.001103715140737618e-03 -6.682746377546576466e-02
2.452556247512152418e+06 -2.370602301607445915e-03 -6.658941292994337291e-02
2.452556247581552248e+06 -1.189467324785172539e-03 -6.604862799316538191e-02
2.452556247650952078e+06 1.167189726486790417e-02 -6.375765814542506960e-02
2.452556247720351908e+06 -1.363890476536738436e-03 -6.118563303478196519e-02
2.452556247789751738e+06 -7.493762892676786823e-03 -6.051964912666950996e-02
2.452556247859151568e+06 -4.033678876704893321e-03 -6.006255575003396213e-02
2.452556247928551398e+06 1.250617786006349481e-05 -5.866246802724171122e-02
2.452556247997951228e+06 -9.480776042898564696e-03 -5.772847816181057162e-02
2.452556248067351058e+06 -9.507013609420314482e-03 -5.779292571556858549e-02
2.452556248136750888e+06 -7.177350758246371816e-03 -5.759820870865112880e-02
2.452556248206150718e+06 -5.345891604573709856e-03 -5.690528800423261951e-02
2.452556248275550548e+06 -3.952112440416705522e-03 -5.577468731029867205e-02
2.452556248344950378e+06 -2.940700347710884909e-03 -5.426171954491309374e-02
2.452556248414350208e+06 -8.335370016954455133e-03 -5.312202384336999622e-02
2.452556248483750038e+06 -1.192419074375222071e-02 -5.293942990513107044e-02
2.452556248553149868e+06 -8.697757154412890865e-03 -5.282402284496146710e-02
2.452556248622549698e+06 -6.137308533199527238e-03 -5.207401235464367145e-02
2.452556248691949528e+06 -1.103789163552208220e-02 -5.156935280334159349e-02
2.452556248761349358e+06 -8.762642517983412413e-03 -5.137597073767597583e-02
2.452556248830749188e+06 -5.104759320195891015e-03 -5.053919999973149196e-02
2.452556248900149018e+06 -9.108617367227851702e-03 -4.972334615670841867e-02
2.452556248969548848e+06 -1.051908961481580126e-02 -4.952540376418028412e-02
2.452556249038948677e+06 4.474277694979976266e-04 -4.827984403857019796e-02
2.452556249108348507e+06 2.512153789606498717e-03 -4.547498189535419816e-02
2.452556249177748337e+06 -7.357401566284236041e-03 -4.337023843810899199e-02
2.452556249247148167e+06 -1.262848160509080254e-02 -4.290520889427893586e-02
2.452556249316547997e+06 -3.394354355012166834e-03 -4.204820138231330634e-02
2.452556249385947827e+06 -8.687284953401050794e-03 -4.076418907329076163e-02
2.452556249455347657e+06 -1.223220281165306525e-02 -4.049645943528411285e-02
2.452556249524747487e+06 -1.237332489326953798e-02 -4.076251157935666808e-02
2.452556249594147317e+06 -1.967741246294591947e-02 -4.205862937468145268e-02
2.452556249663547147e+06 -1.444689959652783670e-02 -4.387188971467509413e-02
2.452556249732946977e+06 -6.530993826964689129e-03 -4.448705260091641300e-02
2.452556249802346807e+06 -3.522793767236612975e-03 -4.402780514224959724e-02
2.452556249871746637e+06 -1.956056161025285841e-03 -4.311411183741292730e-02
2.452556249941146467e+06 -1.056346625680771624e-03 -4.194366242977665138e-02
2.452556250010546297e+06 -3.244642679495494432e-03 -4.092793009102228818e-02
2.452556250079946127e+06 -1.967267059123523325e-03 -4.004346593896059014e-02
2.452556250149345957e+06 1.817708978752632454e-03 -3.861405445697871364e-02
2.452556250218745787e+06 1.996617261027900259e-03 -3.671143269670346099e-02
2.452556250288145617e+06 7.230754268165139227e-03 -3.412114072985742569e-02
2.452556250357545447e+06 -2.413197430030415962e-03 -3.191591923700234229e-02
2.452556250426945277e+06 -1.243787152737271112e-02 -3.191670658959359225e-02
2.452556250496345107e+06 -1.448541151127081747e-02 -3.348455253749681171e-02
2.452556250565744936e+06 -2.853911506707756257e-03 -3.427169528904706886e-02
2.452556250635144766e+06 2.406686427432038877e-03 -3.333863920618530818e-02
2.452556250704544596e+06 -2.462888444242214620e-04 -3.215435803256373737e-02
2.452556250773944426e+06 -1.929621518188557022e-03 -3.149883928544582046e-02
2.452556250843344256e+06 -2.069519236546871199e-03 -3.113843447147478238e-02
2.452556250912744086e+06 -1.974414171160427701e-03 -3.089764721985430174e-02
2.452556250982143916e+06 -5.419121509203795282e-03 -3.117096006252925017e-02
2.452556251051543746e+06 -2.550500819570148976e-03 -3.168874776656942921e-02
2.452556251120943576e+06 4.460706392308926710e-03 -3.125858681588004895e-02
2.452556251190343406e+06 1.822507782286397456e-03 -3.041234137703493351e-02
2.452556251259743236e+06 2.214001805174766434e-03 -2.987119358914684664e-02
2.452556251329143066e+06 3.478018506231876118e-03 -2.921342180641696429e-02
2.452556251398542896e+06 1.141810519727694956e-02 -2.754768001585685550e-02
2.452556251467942726e+06 -8.158667000945751813e-03 -2.718311562866454478e-02
2.452556251537342556e+06 -1.226916230723545248e-02 -2.965903357099326093e-02
2.452556251606742386e+06 -9.927838473151231330e-03 -3.273125485061104123e-02
2.452556251676142216e+06 -7.679071015893437595e-03 -3.571091975340218161e-02
2.452556251745542046e+06 -5.527816417556430904e-03 -3.859307179727252540e-02
2.452556251814941876e+06 -3.478580566846324867e-03 -4.137320509351619796e-02
2.452556251884341706e+06 -1.535378121282553014e-03 -4.404730498461330995e-02
2.452556251953741536e+06 2.982978905402952001e-04 -4.661187844196949814e-02
2.452556252023141365e+06 2.019497320487549132e-03 -4.906397531745031182e-02
2.452556252092541195e+06 3.625826011593413691e-03 -5.140120145408951652e-02
2.452556252161941025e+06 5.115451692096363752e-03 -5.362172458012603310e-02
2.452556252231340855e+06 5.142189821952665787e-03 -5.588039391763430230e-02
2.452556252300740685e+06 9.964247270121436365e-03 -5.777887754888175187e-02
2.452556252370140515e+06 1.409970790002266008e-02 -5.878607503461316663e-02
2.452556252439540345e+06 1.322374778707503633e-02 -5.945395162514034715e-02
2.452556252508940175e+06 1.432692810883975584e-02 -6.008757375729403827e-02
2.452556252578340005e+06 8.695286292485816804e-03 -6.122625992884243168e-02
2.452556252647739835e+06 8.153872498123382329e-03 -6.310632588952413968e-02
2.452556252717139665e+06 1.328418489402774169e-02 -6.454763191359005892e-02
2.452556252786539495e+06 1.576780957538363032e-02 -6.513949609073979574e-02
2.452556252855939325e+06 1.195972193858619095e-02 -6.581794967208109970e-02
2.452556252925339155e+06 7.226532753704602123e-03 -6.742274876905501868e-02
2.452556252994738985e+06 4.485778866163124025e-03 -6.992187235178663751e-02
2.452556253064138815e+06 3.459390228025626714e-03 -7.297039285108017359e-02
2.452556253133538645e+06 7.373075705618252831e-03 -7.584126702862499514e-02
2.452556253202938475e+06 1.337424619616800828e-02 -7.768455401575369290e-02
2.452556253272338305e+06 1.205392626668945130e-02 -7.898364083914578837e-02
2.452556253341738135e+06 1.007807533921273833e-02 -8.059611568796115622e-02
2.452556253411137965e+06 1.954412923146880976e-02 -8.129559760395904666e-02
2.452556253480537795e+06 1.925820842389394660e-02 -8.077980638934303959e-02
2.452556253549937624e+06 1.392032498828853215e-02 -8.063264735853824250e-02
2.452556253619337454e+06 1.475958691166757986e-02 -8.076338808001638780e-02
2.452556253688737284e+06 1.358998642211597073e-02 -8.071761819831037299e-02
2.452556253758137114e+06 1.759945412411606860e-02 -8.010774330078557215e-02
2.452556253827536944e+06 2.153866281615309311e-02 -7.828088708549070518e-02
2.452556253896936774e+06 1.725025345931105458e-02 -7.607329896521017321e-02
2.452556253966336604e+06 1.873281017376083810e-02 -7.373772083702835600e-02
2.452556254035736434e+06 2.452924958536157468e-02 -7.010017950770525141e-02
2.452556254105136264e+06 1.524250037309512681e-02 -6.628312449335857504e-02
2.452556254174536094e+06 6.193621396157816469e-03 -6.400767567332749097e-02
2.452556254243935924e+06 1.020671378825495996e-04 -6.308616187151785959e-02
2.452556254313335754e+06 -1.472756836414862045e-03 -6.280899356896256502e-02
2.452556254382735584e+06 -1.270757768631467681e-03 -6.252305461448996737e-02
2.452556254452135414e+06 -5.011512454862625948e-03 -6.248517198321425214e-02
2.452556254521535244e+06 -3.794226187540248024e-03 -6.261049069923915744e-02
2.452556254590935074e+06 -5.849974056953894698e-03 -6.272651114638269632e-02
2.452556254660334904e+06 -5.404250091187886434e-03 -6.292690861857669349e-02
2.452556254729734734e+06 -2.804816049753346315e-03 -6.268550815164576628e-02
2.452556254799134564e+06 -7.074048880650636714e-04 -6.176826171253771425e-02
2.452556254868534394e+06 3.108989042368280695e-03 -5.996826145290728993e-02
2.452556254937934224e+06 8.751830907073858022e-04 -5.770314903090406622e-02
2.452556255007334054e+06 -6.482166552620871949e-03 -5.623298062472196351e-02
2.452556255076733883e+06 -6.213924265682816035e-03 -5.536698837849182708e-02
2.452556255146133713e+06 -6.428756297924474901e-03 -5.435258069190131852e-02
2.452556255215533543e+06 -8.823996525578274228e-03 -5.349283525048978416e-02
2.452556255284933373e+06 -8.803086981302927702e-03 -5.278725113175865291e-02
2.452556255354333203e+06 -7.531175744941540941e-03 -5.183637482278448394e-02
2.452556255423733033e+06 -5.535205301612800347e-03 -5.039385892505863357e-02
2.452556255493132863e+06 -6.727184101038135092e-03 -4.870316150857732784e-02
2.452556255562532693e+06 -2.942370448121272002e-03 -4.654190553567862793e-02
2.452556255631932523e+06 -3.911374963028604358e-03 -4.384663122630263338e-02
2.452556255701332353e+06 -1.065619602927322072e-02 -4.179703805667481925e-02
2.452556255770732183e+06 -8.367148468858231353e-03 -4.010046874285731755e-02
2.452556255840132013e+06 -8.858792303170938756e-03 -3.808290190376956152e-02
2.452556255909531843e+06 -1.216812168044262288e-02 -3.637259490330285727e-02
2.452556255978931673e+06 -1.062960241211432025e-02 -3.478049089028610596e-02
2.452556256048331503e+06 -1.523407981291022111e-02 -3.348203034769861586e-02
2.452556256117731333e+06 -1.726596695233738321e-02 -3.293487618984204668e-02
2.452556256187131163e+06 -1.648195314073867476e-02 -3.260430918278774126e-02
2.452556256256530993e+06 -1.870009237050742831e-02 -3.254245072940739614e-02
2.452556256325930823e+06 -7.775724134792141341e-03 -3.160706053644121022e-02
2.452556256395330653e+06 -3.175579476416205086e-03 -2.891799305263078115e-02
2.452556256464730483e+06 -4.002097777381502519e-03 -2.565940488375204054e-02
2.452556256534130313e+06 -7.829287544398879153e-03 -2.276252113529725341e-02
2.452556256603530142e+06 -9.136638807153154088e-03 -2.033768513634864883e-02
2.452556256672929972e+06 -8.705357813274968576e-03 -1.795541555520197355e-02
2.452556256742329802e+06 -1.081661485639213299e-02 -1.572598930515583388e-02
2.452556256811729632e+06 -1.155919042841725003e-02 -1.381396878214357499e-02
2.452556256881129462e+06 -1.337120314152503986e-02 -1.222961493692245605e-02
2.452556256950529292e+06 -9.746420703993957310e-03 -1.051049729669733569e-02
2.452556257019929122e+06 -1.016602118641464318e-02 -8.488437332243902247e-03
2.452556257089328952e+06 -1.345505544452646127e-02 -6.941524857203399540e-03
2.452556257158728782e+06 -8.962925714513932454e-03 -5.358993117099112788e-03
2.452556257228128612e+06 -1.082232480255518672e-02 -3.577465783386909320e-03
2.452556257297528442e+06 -8.581312674917122851e-03 -1.843016173253116119e-03
2.452556257366928272e+06 -4.776395148171671233e-03 4.905471876950747920e-04
2.452556257436328102e+06 -1.108299744838908349e-02 2.489391356608468969e-03
2.452556257505727932e+06 -1.368242554127800832e-02 3.366857058991578125e-03
2.452556257575127762e+06 -1.317147221744684182e-02 3.788671089978476458e-03
2.452556257644527592e+06 -1.643035530925058760e-02 3.628462080099436465e-03
2.452556257713927422e+06 -1.396479908671289204e-02 3.052089818446962130e-03
2.452556257783327252e+06 -9.610907460873249417e-03 2.902762304485958719e-03
2.452556257852727082e+06 -6.527679392342876710e-03 3.304049292077159208e-03
2.452556257922126912e+06 -2.560658366298936440e-03 4.275177109402290843e-03
2.452556257991526742e+06 -7.891808667115659745e-03 4.904078772381156512e-03
2.452556258060926571e+06 -1.176804785880196207e-02 4.245806573589012631e-03
2.452556258130326401e+06 -4.131694548936641793e-03 3.671819228905530592e-03
2.452556258199726231e+06 -3.835708297789518478e-03 3.684486543214581227e-03
2.452556258269126061e+06 -8.616479598253692918e-03 2.914386572897956218e-03
2.452556258338525891e+06 -1.270489106940794061e-02 7.764261579815343040e-04
2.452556258407925721e+06 -9.576965839454869983e-03 -1.946705729771975452e-03
2.452556258477325551e+06 -1.614274507377834152e-03 -3.902194392098822483e-03
2.452556258546725381e+06 -3.068540798194604080e-04 -5.200083576116334635e-03
2.452556258616125211e+06 -4.907771849417588358e-03 -7.211599629812668125e-03
2.452556258685525041e+06 1.967616442046656814e-03 -9.351902414598352656e-03
2.452556258754924871e+06 6.516488753262925961e-03 -1.055489338529679022e-02
2.452556258824324701e+06 9.183999942430617902e-03 -1.119029619427673594e-02
2.452556258893724531e+06 1.066704756048470273e-02 -1.153805832475491081e-02
2.452556258963124361e+06 8.767874149787819454e-03 -1.208431403391903650e-02
2.452556259032524191e+06 5.986751842610029718e-03 -1.333313298759545434e-02
2.452556259101924021e+06 8.488641535466129665e-03 -1.483590351963858835e-02
2.452556259171323851e+06 9.936105316307796559e-03 -1.611347791059132215e-02
2.452556259240723681e+06 1.221170403694732398e-02 -1.715164864071144768e-02
2.452556259310123511e+06 1.901547471954783894e-02 -1.728749546231539078e-02
2.452556259379523341e+06 2.294498927540568681e-02 -1.621796624459183669e-02
2.452556259448923171e+06 1.974483380028575069e-02 -1.496438767746461479e-02
2.452556259518323001e+06 1.821871166651163956e-02 -1.413408387799937674e-02
2.452556259587722830e+06 1.594197663250582903e-02 -1.365989522402464434e-02
2.452556259657122660e+06 2.103117036882753629e-02 -1.280555807800911813e-02
2.452556259726522490e+06 2.221012833927041297e-02 -1.112186264592265883e-02
2.452556259795922320e+06 2.347242355360368987e-02 -8.958669849870710966e-03
2.452556259865322150e+06 2.294707079655710497e-02 -6.460303969544105296e-03
2.452556259934721980e+06 1.707162265235079301e-02 -4.419466124068571755e-03
2.452556260004121810e+06 1.638510798190633000e-02 -2.905465491255629362e-03
2.452556260073521640e+06 1.542321257777683891e-02 -1.404680919447835741e-03
2.452556260142921470e+06 1.376969124699402303e-02 -2.960623203286660843e-05
2.452556260212321300e+06 1.380733509327622573e-02 1.323263818105905806e-03
2.452556260281721130e+06 1.455319936893421234e-02 2.931176303178593956e-03
2.452556260351120960e+06 1.114202957664769782e-02 4.421960497548923022e-03
2.452556260420520790e+06 5.302941427073190432e-03 5.018383544828444905e-03
2.452556260489920620e+06 4.762987194698749954e-03 4.957960258484220978e-03
2.452556260559320450e+06 6.602716734832585199e-03 5.064772314645311913e-03
2.452556260628720280e+06 7.513377980795463845e-03 5.530332280736929146e-03
2.452556260698120110e+06 3.812104955927077699e-03 5.754297037664189707e-03
2.452556260767519940e+06 1.831647165217762481e-03 5.378252194218293390e-03
2.452556260836919770e+06 -1.272856110011382326e-03 4.411055753218544491e-03
2.452556260906319600e+06 1.424582118227653771e-03 3.338332981093265067e-03
2.452556260975719430e+06 2.087645350796399259e-03 2.594049599502176815e-03
2.452556261045119260e+06 4.820809400119926459e-03 2.225676759568687678e-03
2.452556261114519089e+06 9.421777967994521448e-04 1.753060079129616349e-03
2.452556261183918919e+06 2.516346653659035787e-03 1.035789441168371433e-03
2.452556261253318749e+06 1.505675658469964257e-03 3.860491802096450206e-04
2.452556261322718579e+06 2.048384614307568671e-03 -3.025784954815476796e-04
2.452556261392118409e+06 6.579345580485424817e-03 -3.853606926591266260e-04
2.452556261461518239e+06 -3.936416697875017197e-03 -1.075721095230813655e-03
2.452556261530918069e+06 -2.998531758422547013e-04 -2.539497314808727632e-03
2.452556261600317899e+06 5.882450180223547896e-03 -2.916156364555728096e-03
2.452556261669717729e+06 2.619405016628633363e-03 -2.882892969256838599e-03
2.452556261739117559e+06 8.998019126980333696e-03 -2.369896704620006248e-03
2.452556261808517389e+06 1.047602780964274061e-02 -7.742306357791939320e-04
2.452556261877917219e+06 8.057413866362351032e-03 9.977441964696184135e-04
2.452556261947317049e+06 5.049899070181933236e-03 2.438754002451311298e-03
2.452556262016716879e+06 -1.011071910698865085e-04 3.189582604761169362e-03
2.452556262086116709e+06 1.954523472927774744e-03 3.758240484022531622e-03
2.452556262155516539e+06 -6.597133755544707344e-03 3.726693853441368463e-03
2.452556262224916369e+06 -5.103223805360471502e-03 2.962099181849012566e-03
2.452556262294316199e+06 3.795887158651789148e-03 3.410279917468084579e-03
2.452556262363716029e+06 1.238491157169314223e-03 4.731614392197962780e-03
2.452556262433115859e+06 1.973090137332507172e-03 6.067993154399414085e-03
2.452556262502515689e+06 -2.876241148917527482e-03 7.147691344421872386e-03
2.452556262571915518e+06 1.187104743473688725e-04 8.197946095252863982e-03
2.452556262641315348e+06 -2.827290054457070895e-03 9.429471718836828636e-03
2.452556262710715178e+06 -7.662935633732421634e-03 9.945409269379463721e-03
2.452556262780115008e+06 -7.028661309185810051e-03 1.007668003987075359e-02
2.452556262849514838e+06 -9.753042676396884861e-04 1.104044369994537991e-02
2.452556262918914668e+06 -4.452505991956977327e-03 1.244401378563305544e-02
2.452556262988314498e+06 -9.371886492532847251e-03 1.305304058028078709e-02
2.452556263057714328e+06 -7.155272679669425623e-03 1.343407477769565164e-02
2.452556263127114158e+06 -6.243206966016241234e-03 1.423301415365921252e-02
2.452556263196513988e+06 -1.060717908019370714e-02 1.472478523207076950e-02
2.452556263265913818e+06 -1.290458564917252963e-02 1.449651979300826780e-02
2.452556263335313648e+06 -6.647902647009068522e-03 1.469772884934181234e-02
2.452556263404713478e+06 7.530791974972546494e-03 1.728322818859727092e-02
2.452556263474113308e+06 7.054492329024739626e-03 2.172113552063418412e-02
2.452556263543513138e+06 7.895548799474889565e-03 2.664708570705294488e-02
2.452556263612912968e+06 7.458685130453898172e-04 3.131725653244652602e-02
2.452556263682312798e+06 -6.820741967429783158e-04 3.541736289101742735e-02
2.452556263751712628e+06 -4.689174500157848244e-03 3.922832589336835984e-02
2.452556263821112458e+06 -1.306827399339702961e-02 4.189132086710487674e-02
2.452556263890512288e+06 -1.519335381155386376e-02 4.348208444128889155e-02
2.452556263959912118e+06 -2.267940908197690550e-02 4.397398449481310090e-02
2.452556264029311948e+06 -2.112979134260501227e-02 4.366467656617040172e-02
2.452556264098711777e+06 -1.266264041678982072e-02 4.431343787191282385e-02
2.452556264168111607e+06 -1.722557254987729450e-02 4.530969581521744616e-02
2.452556264237511437e+06 -1.807340316218407697e-02 4.560281504999562363e-02
2.452556264306911267e+06 -1.269074898600064914e-02 4.626476546654712668e-02
2.452556264376311097e+06 -1.328614683073277986e-02 4.735995914230569509e-02
2.452556264445710927e+06 -1.341179012124949291e-02 4.829006061650764625e-02
2.452556264515110757e+06 -2.017774583335706778e-02 4.831467799921528722e-02
2.452556264584510587e+06 -2.156748056287454904e-02 4.718480409031339251e-02
2.452556264653910417e+06 -2.641829360686891170e-02 4.499765922220637371e-02
2.452556264723310247e+06 -1.893813252321114096e-02 4.267301417236807337e-02
2.452556264792710077e+06 -2.445654584242463667e-02 4.012642405652934452e-02
2.452556264862109907e+06 -1.849038419177830017e-02 3.716736519925502302e-02
2.452556264931509737e+06 -1.610708154424986618e-02 3.467941849246811148e-02
2.452556265000909567e+06 -1.821777850339070803e-02 3.178797312653905416e-02
2.452556265070309397e+06 -1.140806411172272557e-02 2.897514874696831277e-02
2.452556265139709227e+06 -8.760372316443016533e-03 2.681515656955348395e-02
2.452556265209109057e+06 -5.173026840878484738e-03 2.501736885201586921e-02
2.452556265278508887e+06 -1.594636515030124421e-03 2.374015256926821638e-02
2.452556265347908717e+06 -3.312507409554530605e-03 2.243387105846212856e-02
2.452556265417308547e+06 3.855677390583407693e-03 2.152094612172999327e-02
2.452556265486708377e+06 1.184204203477976815e-02 2.217899115870538423e-02
2.452556265556108207e+06 1.379212225497004549e-02 2.397795692669303994e-02
2.452556265625508036e+06 8.730590832013355659e-03 2.552708025401093095e-02
2.452556265694907866e+06 9.931674141335484693e-03 2.671018562692568932e-02
2.452556265764307696e+06 4.354189568133748876e-03 2.742645233201720240e-02
2.452556265833707526e+06 -5.378479892950108199e-03 2.635619043287280860e-02
2.452556265903107356e+06 -3.566996409508099968e-03 2.416723644973041776e-02
2.452556265972507186e+06 1.807032144502378245e-03 2.250143404170236797e-02
2.452556266041907016e+06 -1.408054670303146485e-03 2.084346579246133119e-02
2.452556266111306846e+06 -8.652470096463601643e-03 1.773998185165544944e-02
2.452556266180706676e+06 2.332806056146440564e-03 1.469561007032643696e-02
2.452556266250106506e+06 7.785569383860257812e-03 1.320696199429733861e-02
2.452556266319506336e+06 7.091515491828263504e-03 1.210106490519205664e-02
2.452556266388906166e+06 1.036896084928301889e-02 1.117717552699553848e-02
2.452556266458305996e+06 7.460294144061525856e-03 1.020710646436522734e-02
2.452556266527705826e+06 5.872410847620274967e-03 8.629845386677076347e-03
2.452556266597105656e+06 1.210412345273238939e-02 7.450306388243605957e-03
2.452556266666505486e+06 1.575274570589561829e-02 7.329871943732982342e-03
2.452556266735905316e+06 3.900300802259370255e-03 6.292002763962989756e-03
2.452556266805305146e+06 -3.122566382749322918e-03 3.005244325648634592e-03
2.452556266874704976e+06 -3.282463015291628861e-03 -1.404916635976901761e-03
2.452556266944104806e+06 -2.644173010891362995e-03 -6.152292552915502623e-03
2.452556267013504636e+06 -4.880315504203825046e-03 -1.149263283454842258e-02
2.452556267082904465e+06 -4.014545681770533697e-03 -1.744014829586735052e-02
2.452556267152304295e+06 5.113950830144803512e-03 -2.271535804560391100e-02
2.452556267221704125e+06 8.814142989191137492e-03 -2.688976103027484327e-02
2.452556267291103955e+06 8.422331797876129664e-03 -3.092559999598779030e-02
2.452556267360503785e+06 8.425977142458315403e-03 -3.521612759818162214e-02
2.452556267429903615e+06 1.467189484721357490e-02 -3.899775738207992420e-02
2.452556267499303445e+06 2.563998146104747716e-03 -4.360103974958651207e-02
2.452556267568703275e+06 -5.564086310598388360e-03 -5.076361292646476564e-02
2.452556267638103105e+06 4.273671935404404695e-03 -5.819013215233349162e-02
2.452556267707502935e+06 1.323344234152042977e-02 -6.389445923886202805e-02
2.452556267776902765e+06 1.318001682673927699e-02 -6.880899386663094641e-02
2.452556267846302595e+06 1.814266930234164146e-02 -7.328825750459498634e-02
2.452556267915702425e+06 2.351121753066896455e-02 -7.663469007126076649e-02
2.452556267985102255e+06 1.891047844953997609e-02 -7.981789045723997056e-02
2.452556268054502085e+06 1.554807832422754575e-02 -8.381939799903413701e-02
2.452556268123901915e+06 1.049132745734773428e-02 -8.876652867290960036e-02
2.452556268193301745e+06 1.182714125129796963e-02 -9.419963085243748813e-02
2.452556268262701575e+06 1.480202991524227386e-02 -9.922011978680835009e-02
2.452556268332101405e+06 2.027393452696782047e-02 -1.032843388777469340e-01
2.452556268401501235e+06 1.711680350520906196e-02 -1.069845975690993933e-01
2.452556268470901065e+06 2.002440163329277309e-02 -1.105666531709560418e-01
2.452556268540300895e+06 1.546578718705581695e-02 -1.141697232767557857e-01
2.452556268609700724e+06 9.397597554260703895e-03 -1.188284345201347791e-01
2.452556268679100554e+06 1.975378199857995287e-02 -1.229155302124284449e-01
2.452556268748500384e+06 2.460569957109066258e-02 -1.250903575033748827e-01
2.452556268817900214e+06 1.228121268230481476e-02 -1.277722355676615407e-01
2.452556268887300044e+06 8.431213449664156506e-03 -1.320244312119601970e-01
2.452556268956699874e+06 1.539981203945791147e-02 -1.357732535613352665e-01
2.452556269026099704e+06 1.300321591808759059e-02 -1.387891592068958013e-01
2.452556269095499534e+06 6.966375267623283254e-03 -1.424990564300270823e-01
2.452556269164899364e+06 3.239077529139468715e-03 -1.471306803054447665e-01
2.452556269234299194e+06 4.105253154132149432e-03 -1.519785277419330172e-01
2.452556269303699024e+06 6.754466350007130686e-03 -1.563200274854742722e-01
2.452556269373098854e+06 -1.318057366846926834e-03 -1.611329550146547995e-01
2.452556269442498684e+06 -8.534117563911714985e-03 -1.676096545133117233e-01
2.452556269511898514e+06 3.973710033782144706e-04 -1.739497632834204888e-01
2.452556269581298344e+06 3.891492314499021962e-05 -1.793325649058240268e-01
2.452556269650698174e+06 -1.299769312120453539e-02 -1.861966418766349274e-01
2.452556269720098004e+06 -9.849629919897686173e-03 -1.942881779058791558e-01
2.452556269789497834e+06 -3.476252320798073423e-03 -2.014751006855217685e-01
2.452556269858897664e+06 -3.016121546395297576e-03 -2.079583416850876443e-01
2.452556269928297494e+06 -3.743109156106831995e-03 -2.144762086409476576e-01
2.452556269997697324e+06 -8.566760457149038763e-03 -2.216381502273507276e-01
2.452556270067097154e+06 6.735893747413744786e-04 -2.283487971288995499e-01
2.452556270136496983e+06 -3.069523137541759015e-03 -2.344253845799879332e-01
2.452556270205896813e+06 -4.246513340798968410e-03 -2.410024750464319909e-01
2.452556270275296643e+06 -1.026317944421480978e-02 -2.483935055174471274e-01
2.452556270344696473e+06 -6.211439039277829276e-03 -2.560732714693046419e-01
2.452556270414096303e+06 -3.966295471253163119e-03 -2.631058157456004354e-01
2.452556270483496133e+06 -7.570787296832456610e-05 -2.694322372923713682e-01
2.452556270552895963e+06 8.851645999356070119e-03 -2.741958144923108964e-01
2.452556270622295793e+06 8.056955673024631878e-03 -2.777709658201607534e-01
2.452556270691695623e+06 -1.765030813474034504e-04 -2.820267957924895708e-01
2.452556270761095453e+06 8.249877372551953775e-03 -2.859749972726742251e-01
2.452556270830495283e+06 6.280932788530924939e-03 -2.888630763086937892e-01
2.452556270899895113e+06 2.058286382468313847e-03 -2.920554555169070365e-01
2.452556270969294943e+06 -5.431787427079866684e-03 -2.962396673447361128e-01
2.452556271038694773e+06 -3.001291867067891125e-03 -3.007631190090405138e-01
2.452556271108094603e+06 -4.004611742455075653e-03 -3.049196485006988033e-01
2.452556271177494433e+06 -7.610588022803600750e-03 -3.093804801225918388e-01
2.452556271246894263e+06 -1.979855813506012103e-03 -3.134195156583718944e-01
2.452556271316294093e+06 3.102160637628538151e-04 -3.163179071912355922e-01
2.452556271385693923e+06 -3.540978688352864473e-03 -3.190669198483235269e-01
2.452556271455093753e+06 -7.166806349773513496e-03 -3.223544172919436956e-01
2.452556271524493583e+06 -8.766990247195807773e-03 -3.259946947369403714e-01
2.452556271593893413e+06 -2.098538467419311642e-03 -3.288467994829777363e-01
2.452556271663293242e+06 -5.463044551251425816e-03 -3.310464405096852913e-01
2.452556271732693072e+06 -1.085683289838707682e-02 -3.339422939437419191e-01
2.452556271802092902e+06 -8.652802350573772505e-03 -3.369831973716687079e-01
2.452556271871492732e+06 -6.777393585917739285e-03 -3.393591733908042918e-01
2.452556271940892562e+06 -1.192328331279480895e-02 -3.418701191260974381e-01
2.452556272010292392e+06 -1.442010366453472248e-02 -3.450582278544567227e-01
2.452556272079692222e+06 -1.507422711027790567e-02 -3.484941605176881674e-01
2.452556272149092052e+06 -1.058878544891511501e-02 -3.514109138724121340e-01
2.452556272218491882e+06 -1.616783774652793756e-02 -3.543405198127084765e-01
2.452556272287891712e+06 -1.908255926138328548e-02 -3.581608683057525000e-01
2.452556272357291542e+06 -1.108643506260624176e-02 -3.614085210730319520e-01
2.452556272426691372e+06 -1.487824624069859075e-02 -3.641375583316213693e-01
2.452556272496091202e+06 -1.283723530873061638e-02 -3.669990100248816667e-01
2.452556272565491032e+06 -1.989137541072130699e-02 -3.704024677723163350e-01
2.452556272634890862e+06 -1.525684329602068623e-02 -3.741206778625635887e-01
2.452556272704290692e+06 -1.754118874074636278e-02 -3.776469967133072037e-01
2.452556272773690522e+06 -1.432615452375206669e-02 -3.811373764960541699e-01
2.452556272843090352e+06 -1.807745356941686810e-02 -3.847701008757789531e-01
2.452556272912490182e+06 -1.936200939326344905e-02 -3.890941208801256823e-01
2.452556272981890012e+06 -2.346216236306770259e-02 -3.942341430282427228e-01
2.452556273051289842e+06 -3.039858052823849258e-02 -4.009405867861687289e-01
2.452556273120689671e+06 -2.150850143436844678e-02 -4.078763324460513706e-01
2.452556273190089501e+06 -1.770747867265683867e-02 -4.138161497285058332e-01
2.452556273259489331e+06 -2.022583057324008060e-02 -4.199727652845156034e-01
2.452556273328889161e+06 -1.848480886726368982e-02 -4.266062225340966352e-01
2.452556273398288991e+06 -1.731926902382298697e-02 -4.333360491026386763e-01
2.452556273467688821e+06 -1.560636545487252731e-02 -4.401694665144347263e-01
2.452556273537088651e+06 -1.418770841605235603e-02 -4.470807087859339224e-01
2.452556273606488481e+06 -1.328675816678858736e-02 -4.541637818547910044e-01
2.452556273675888311e+06 -9.949380451438095962e-03 -4.612047795649248938e-01
2.452556273745288141e+06 -4.687851089782865861e-03 -4.676821719915562614e-01
2.452556273814687971e+06 -1.033899569373950347e-02 -4.745677910137821032e-01
2.452556273884087801e+06 -3.878315945940787306e-03 -4.817563060314924428e-01
2.452556273953487631e+06 6.580111354611124785e-03 -4.873982871193731636e-01
2.452556274022887461e+06 2.829875716059218789e-03 -4.925002871039370067e-01
2.452556274092287291e+06 3.318708403377070969e-03 -4.981537965601637308e-01
2.452556274161687121e+06 1.070963364042037090e-02 -5.031181881641231257e-01
2.452556274231086951e+06 1.603608661450639170e-02 -5.067496583223383144e-01
2.452556274300486781e+06 9.578987482279741061e-03 -5.105069843077484348e-01
2.452556274369886611e+06 5.562307859859117777e-03 -5.154868259591954827e-01
2.452556274439286441e+06 1.371261207725762987e-02 -5.201223861773877077e-01
2.452556274508686271e+06 1.653126252637775184e-02 -5.235769194077477540e-01
2.452556274578086101e+06 1.021487090594865900e-02 -5.273981105785527923e-01
2.452556274647485930e+06 7.964343450604297395e-03 -5.322125320247848013e-01
2.452556274716885760e+06 1.397746812372247308e-02 -5.366926865517648304e-01
2.452556274786285590e+06 1.217683814104234506e-02 -5.407443645101285279e-01
2.452556274855685420e+06 5.415331140497859665e-03 -5.457994940988041277e-01
2.452556274925085250e+06 8.918591464852146378e-03 -5.513459895609453820e-01
2.452556274994485080e+06 1.187982693401743936e-02 -5.563002229119672348e-01
2.452556275063884910e+06 1.031638456225190785e-02 -5.611774728792557898e-01
2.452556275133284740e+06 1.220314583226180839e-02 -5.660866976521106153e-01
2.452556275202684570e+06 1.527186001774113837e-02 -5.704862409498968612e-01
2.452556275272084400e+06 1.268613612124019040e-02 -5.748332127285868953e-01
2.452556275341484230e+06 8.772933579941142104e-03 -5.799267363010868204e-01
2.452556275410884060e+06 1.708479375804889885e-02 -5.845760828276965748e-01
2.452556275480283890e+06 1.962024946440232495e-02 -5.879768696163455433e-01
2.452556275549683720e+06 2.387942953356249343e-02 -5.904593482116475833e-01
2.452556275619083550e+06 1.640532420390947155e-02 -5.930852797814940569e-01
2.452556275688483380e+06 9.111986412116534345e-03 -5.972126752548098105e-01
2.452556275757883210e+06 1.085996031589695279e-02 -6.019329024984124699e-01
2.452556275827283040e+06 1.437581287048903846e-02 -6.060505288095929810e-01
2.452556275896682870e+06 8.808620120321871902e-03 -6.103440386103062831e-01
2.452556275966082700e+06 8.663036722761873615e-03 -6.152532691550427479e-01
2.452556276035482530e+06 9.394100175274694778e-03 -6.201083574605457116e-01
2.452556276104882360e+06 6.103261040673973320e-03 -6.252617984949296881e-01
2.452556276174282189e+06 1.460684464098774456e-02 -6.298366365867468231e-01
2.452556276243682019e+06 7.945027507558518123e-03 -6.341546434645971564e-01
2.452556276313081849e+06 1.119610506989435379e-02 -6.387926186568684273e-01
2.452556276382481679e+06 1.277500640334262687e-02 -6.428238058948344547e-01
2.452556276451881509e+06 1.064066284568184959e-02 -6.468030882120566760e-01
2.452556276521281339e+06 1.392983474627307490e-02 -6.505234249036293548e-01
2.452556276590681169e+06 1.546194639033842202e-02 -6.535289931880171599e-01
2.452556276660080999e+06 1.186131979439053463e-02 -6.565418477212341397e-01
2.452556276729480829e+06 1.508105106562647110e-02 -6.593685230315807777e-01
2.452556276798880659e+06 8.943787002944156989e-03 -6.622855577528921067e-01
2.452556276868280489e+06 1.946665338043546481e-02 -6.644578768629026966e-01
2.452556276937680319e+06 1.010188050767376819e-02 -6.661835511714302438e-01
2.452556277007080149e+06 9.432614276239113804e-03 -6.687201901366067736e-01
2.452556277076479979e+06 1.101927444034685177e-02 -6.708914580762930235e-01
2.452556277145879809e+06 7.899457359828835484e-03 -6.729483437401549972e-01
2.452556277215279639e+06 3.694136479526743608e-03 -6.755582111893123631e-01
2.452556277284679469e+06 5.210288632344742092e-03 -6.782500173542049815e-01
2.452556277354079299e+06 5.137686274343327385e-03 -6.805589962927820480e-01
2.452556277423479129e+06 2.517638447456805109e-03 -6.829304702043530462e-01
2.452556277492878959e+06 -3.053995768872636452e-03 -6.860172019826544787e-01
2.452556277562278789e+06 1.649070490062029245e-03 -6.890533084421002208e-01
2.452556277631678618e+06 3.670369570911817970e-03 -6.911572077670008474e-01
2.452556277701078448e+06 3.173023194570875980e-03 -6.928384329155602428e-01
2.452556277770478278e+06 2.109210659939055044e-03 -6.944190522790349984e-01
2.452556277839878108e+06 7.431161268307874546e-04 -6.960000770026311123e-01
2.452556277909277938e+06 -3.473077221003840315e-04 -6.975961628359945710e-01
2.452556277978677768e+06 -1.668361101025684495e-03 -6.992154185846858327e-01
2.452556278048077598e+06 -4.952816922007077967e-03 -7.011268539216463092e-01
2.452556278117477428e+06 -4.587067128873831973e-03 -7.031778004146779226e-01
2.452556278186877258e+06 -4.653879043800020557e-03 -7.050205785108120127e-01
2.452556278256277088e+06 -5.027261775540596903e-03 -7.067291771985585447e-01
2.452556278325676918e+06 -3.699244330589546159e-03 -7.081385829264762455e-01
2.452556278395076748e+06 -7.405645845597962074e-03 -7.096154866603294753e-01
2.452556278464476578e+06 -3.790506132421032383e-03 -7.109145295279581944e-01
2.452556278533876408e+06 -9.093641379447008066e-03 -7.122147403903796858e-01
2.452556278603276238e+06 -7.360755794709327067e-03 -7.137480938818158149e-01
2.452556278672676068e+06 -6.445341358032772965e-03 -7.148309910468998440e-01
2.452556278742075898e+06 -6.206027481539067112e-04 -7.149527015109019557e-01
2.452556278811475728e+06 -3.334322141762570673e-03 -7.144457606709881947e-01
2.452556278880875558e+06 -5.408363373601073054e-03 -7.141774357662267203e-01
2.452556278950275388e+06 -1.118819087335728990e-02 -7.145491058644397597e-01
2.452556279019675218e+06 -6.322250778639494639e-03 -7.148426736703914486e-01
2.452556279089075048e+06 -8.798659881164726596e-03 -7.146829546733044491e-01
2.452556279158474877e+06 -1.158109592786025870e-02 -7.149260876020399058e-01
2.452556279227874707e+06 -1.403823664952345840e-02 -7.156311830558000908e-01
2.452556279297274537e+06 -1.083868274428983168e-02 -7.161698183164029174e-01
2.452556279366674367e+06 -1.489480958934281257e-02 -7.167244035807365243e-01
2.452556279436074197e+06 -1.372570987198400150e-02 -7.175472233458336513e-01
2.452556279505474027e+06 -1.020868223101278893e-02 -7.178023277481921927e-01
2.452556279574873857e+06 -1.180132243853891649e-02 -7.177627143925235931e-01
2.452556279644273687e+06 -1.212661511495175676e-02 -7.178577237818338785e-01
2.452556279713673517e+06 -1.611037966491837142e-02 -7.183948815330550852e-01
2.452556279783073347e+06 -1.451798465215799021e-02 -7.192135505128035566e-01
2.452556279852473177e+06 -1.202284910893069297e-02 -7.196043802679128465e-01
2.452556279921873007e+06 -9.812020331867593592e-03 -7.194609440904869979e-01
2.452556279991272837e+06 -6.933658996140219452e-03 -7.186938320999127772e-01
2.452556280060672667e+06 -1.054430422409004253e-02 -7.179258609680031489e-01
2.452556280130072497e+06 -9.015942958055194953e-03 -7.173292894370606465e-01
2.452556280199472327e+06 -9.240398623090870928e-03 -7.165446228033098830e-01
2.452556280268872157e+06 -1.012463478064826172e-02 -7.158460023910144798e-01
2.452556280338271987e+06 -5.163231697281776486e-03 -7.146550749555548032e-01
2.452556280407671817e+06 -5.152816889649430680e-03 -7.128289917703056755e-01
2.452556280477071647e+06 -5.324542454305720464e-03 -7.109106948127000836e-01
2.452556280546471477e+06 -7.884101239200136391e-03 -7.092055537625406858e-01
2.452556280615871307e+06 -1.225397215735663653e-02 -7.082405028227078958e-01
2.452556280685271136e+06 -7.777810571675477375e-03 -7.072935025244557750e-01
2.452556280754670966e+06 -1.184729852775746883e-02 -7.063438679303514212e-01
2.452556280824070796e+06 -8.421343347267700244e-03 -7.055247858298889785e-01
2.452556280893470626e+06 -6.096526225351357048e-03 -7.041188772542339436e-01
2.452556280962870456e+06 -1.059238503789383321e-02 -7.029927673423989054e-01
2.452556281032270286e+06 -8.338850430008542744e-03 -7.021959629040044337e-01
2.452556281101670116e+06 -8.006096340261675479e-03 -7.012128094252381150e-01
2.452556281171069946e+06 -4.874849081337522330e-03 -6.999292566390445947e-01
2.452556281240469776e+06 -9.776105363134848791e-03 -6.989285255378308026e-01
2.452556281309869606e+06 -8.067495583248391472e-03 -6.984142149078511608e-01
2.452556281379269436e+06 -6.763792163314629423e-03 -6.977245605752973034e-01
2.452556281448669266e+06 -7.508416717158398167e-03 -6.971296038048546695e-01
2.452556281518069096e+06 -9.611162135693709224e-03 -6.970388431313819799e-01
2.452556281587468926e+06 -4.858979835626300176e-03 -6.968710039261072353e-01
2.452556281656868756e+06 -6.659030473454422613e-04 -6.958873307207673609e-01
2.452556281726268586e+06 -6.834171239244293643e-03 -6.952681461964831389e-01
2.452556281795668416e+06 -1.935081367551749407e-03 -6.949727157034205627e-01
2.452556281865068246e+06 -8.004522863752430717e-04 -6.941882193530393153e-01
2.452556281934468076e+06 2.371053258515959643e-03 -6.930613849447717634e-01
2.452556282003867906e+06 4.535629791846209485e-03 -6.914357399473367582e-01
2.452556282073267736e+06 1.944059939541933988e-04 -6.901304723155986531e-01
2.452556282142667565e+06 2.757002641213232835e-03 -6.891354370803092211e-01
2.452556282212067395e+06 4.263202118447428739e-03 -6.878051930031074956e-01
2.452556282281467225e+06 4.838393137368884357e-03 -6.863331471488970381e-01
2.452556282350867055e+06 4.401814997914035681e-03 -6.849289796274543596e-01
2.452556282420266885e+06 2.754714978334005075e-03 -6.838573370905145499e-01
2.452556282489666715e+06 1.039737362174665732e-02 -6.822146810766701597e-01
2.452556282559066545e+06 5.345288933746588853e-03 -6.803323350127884472e-01
2.452556282628466375e+06 4.650424515917399304e-03 -6.791513489293157235e-01
2.452556282697866205e+06 6.954764881681947501e-03 -6.778921611641248735e-01
2.452556282767266035e+06 1.870066903623126935e-03 -6.770524534669406513e-01
2.452556282836665865e+06 4.966287839272546210e-03 -6.765815342632769402e-01
2.452556282906065695e+06 7.631908851342019198e-03 -6.756136237689335244e-01
2.452556282975465525e+06 7.254378605083744956e-03 -6.744915374013334963e-01
2.452556283044865355e+06 1.133289400624879102e-02 -6.730289814460279629e-01
2.452556283114265185e+06 1.204207829662143348e-02 -6.710579010421028334e-01
2.452556283183665015e+06 9.074717731994601591e-03 -6.693373572315363118e-01
2.452556283253064845e+06 1.341045356492119416e-02 -6.674704170617675736e-01
2.452556283322464675e+06 1.380575739687277259e-02 -6.650472908273072914e-01
2.452556283391864505e+06 1.606069442031727787e-02 -6.622466870455860910e-01
2.452556283461264335e+06 1.604740551919724145e-02 -6.590743012180172444e-01
2.452556283530664165e+06 1.842319465667188044e-02 -6.554763737644917487e-01
2.452556283600063995e+06 1.845468215732615561e-02 -6.514036463372204766e-01
2.452556283669463824e+06 1.586187046253548574e-02 -6.473852142429812329e-01
2.452556283738863654e+06 1.316564805636631988e-02 -6.437484928840101484e-01
2.452556283808263484e+06 1.117245159837556602e-02 -6.404695869718129986e-01
2.452556283877663314e+06 8.378790793114786195e-03 -6.376016290560596600e-01
2.452556283947063144e+06 7.027952906278087802e-03 -6.351162512716302944e-01
2.452556284016462974e+06 1.254964810778286081e-02 -6.320898041102075426e-01
2.452556284085862804e+06 1.070579067160051627e-02 -6.285208901046925867e-01
2.452556284155262634e+06 5.722730202502004405e-03 -6.255720911961228925e-01
2.452556284224662464e+06 9.834851884886707668e-03 -6.226215158116530368e-01
2.452556284294062294e+06 7.688533640894653319e-03 -6.193405894287098423e-01
2.452556284363462124e+06 7.118580214305256053e-03 -6.162383915785460964e-01
2.452556284432861954e+06 5.477724276094752751e-03 -6.132774763586464895e-01
2.452556284502261784e+06 3.860778706021767565e-03 -6.105959622841580225e-01
2.452556284571661614e+06 1.097588001798515019e-02 -6.072082681165132945e-01
2.452556284641061444e+06 5.565635400489142917e-03 -6.034791335113613986e-01
2.452556284710461274e+06 9.655023588757513653e-03 -5.997258244033948360e-01
2.452556284779861104e+06 1.089119882440894686e-02 -5.951781196216240355e-01
2.452556284849260934e+06 1.693039256025613559e-02 -5.895288419093001053e-01
2.452556284918660764e+06 1.115015582323585809e-02 -5.834818806331105723e-01
2.452556284988060594e+06 7.057436340566151933e-03 -5.781823607396092690e-01
2.452556285057460424e+06 8.908315297696155904e-03 -5.728376489748625566e-01
2.452556285126860254e+06 9.292968564070368948e-03 -5.669339407061538827e-01
2.452556285196260083e+06 5.622229369929022599e-03 -5.610635346365795417e-01
2.452556285265659913e+06 3.228981472570317205e-03 -5.555657997353327104e-01
2.452556285335059743e+06 7.326822386443941279e-03 -5.495921804400862865e-01
2.452556285404459573e+06 4.821178209884056931e-03 -5.431169722115136711e-01
2.452556285473859403e+06 -2.904345398825631825e-03 -5.374730041356771126e-01
2.452556285543259233e+06 -5.495333401685937582e-04 -5.322008844767075475e-01
2.452556285612659063e+06 3.410027421514074449e-03 -5.259968748079691947e-01
2.452556285682058893e+06 2.140446116126861007e-03 -5.191935864707041270e-01
2.452556285751458723e+06 -3.292032570547865321e-03 -5.128321327079990999e-01
2.452556285820858553e+06 1.385047475972390552e-03 -5.062866477980623170e-01
2.452556285890258383e+06 -2.288724135544293085e-04 -4.991097667860253662e-01
2.452556285959658213e+06 -3.316783166578965696e-03 -4.921515816063034010e-01
2.452556286029058043e+06 -3.022193001898691549e-03 -4.852324686760853267e-01
2.452556286098457873e+06 -2.410977039962612124e-03 -4.779449008748570815e-01
2.452556286167857703e+06 -4.365096456515559463e-03 -4.705279868653263198e-01
2.452556286237257533e+06 -3.002713947837017377e-03 -4.628994302120016391e-01
2.452556286306657363e+06 -1.044541675705966399e-02 -4.556928294122964962e-01
2.452556286376057193e+06 -6.940224009114159126e-03 -4.487243126737502918e-01
2.452556286445457023e+06 -9.719296657283438279e-03 -4.414959881033188038e-01
2.452556286514856853e+06 -1.045533441390453407e-02 -4.344892918946778870e-01
2.452556286584256683e+06 -1.278890633888752487e-02 -4.276937690411430903e-01
2.452556286653656512e+06 -1.434662373892945861e-02 -4.212438197689467589e-01
2.452556286723056342e+06 -2.318560963367896632e-02 -4.159468557786947240e-01
2.452556286792456172e+06 -2.271245307564941085e-02 -4.117040147714779996e-01
2.452556286861856002e+06 -2.191068196355212827e-02 -4.075177162594762481e-01
2.452556286931255832e+06 -1.957308808182580892e-02 -4.031818743201417421e-01
2.452556287000655662e+06 -1.723868660063107919e-02 -3.985059943488152845e-01
2.452556287070055492e+06 -1.353886056666116569e-02 -3.932989046695042901e-01
2.452556287139455322e+06 -1.895961568013627627e-02 -3.884080324358794023e-01
2.452556287208855152e+06 -1.798618431198982515e-02 -3.841891129799620552e-01
2.452556287278254982e+06 -1.765164284508346365e-02 -3.800496894121740965e-01
2.452556287347654812e+06 -1.498189093964657874e-02 -3.758021202799042837e-01
2.452556287417054642e+06 -1.395852606524163389e-02 -3.713548067660384921e-01
2.452556287486454472e+06 -8.394994089978445942e-03 -3.663502765684608642e-01
2.452556287555854302e+06 -3.512845247523150530e-03 -3.602810785976856556e-01
2.452556287625254132e+06 -2.968324144528057540e-03 -3.536177100703684628e-01
2.452556287694653962e+06 -3.623550338312657524e-03 -3.469447810682023681e-01
2.452556287764053792e+06 -1.650236250190197443e-02 -3.418268133275258469e-01
2.452556287833453622e+06 -3.254695862204291194e-03 -3.368233603134317411e-01
2.452556287902853452e+06 -6.856903993656536956e-04 -3.301545785145929002e-01
2.452556287972253282e+06 -9.896545376094082608e-03 -3.242497478085129003e-01
2.452556288041653112e+06 -1.345745597547497695e-02 -3.199082717461305680e-01
2.452556288111052942e+06 -1.345929662110664435e-02 -3.162313644154201575e-01
2.452556288180452771e+06 -1.435145575849520669e-02 -3.129771626393605399e-01
2.452556288249852601e+06 -9.757738339384333312e-03 -3.096512911754288888e-01
2.452556288319252431e+06 -9.410743825355847095e-03 -3.060940151089406869e-01
2.452556288388652261e+06 -1.304229381453168510e-02 -3.032268982886691111e-01
2.452556288458052091e+06 -7.645536709188856597e-03 -3.005294208370256070e-01
2.452556288527451921e+06 -1.024136118580228592e-02 -2.978883516582599422e-01
2.452556288596851751e+06 -1.113385459385761618e-02 -2.960275498251122572e-01
2.452556288666251581e+06 -3.569175010791990951e-03 -2.938380971933518548e-01
2.452556288735651411e+06 -6.253454309162936008e-03 -2.914766359034312027e-01
2.452556288805051241e+06 -5.560669314352395531e-03 -2.897070682087787841e-01
2.452556288874451071e+06 -8.094008371449402245e-03 -2.885600528032586376e-01
2.452556288943850901e+06 -6.232543478196610458e-04 -2.872977543749620222e-01
2.452556289013250731e+06 4.550914011914702385e-03 -2.849929236658322318e-01
2.452556289082650561e+06 3.089338148940105108e-03 -2.825508955389902654e-01
2.452556289152050391e+06 7.703224298827450467e-03 -2.800056504816976211e-01
2.452556289221450221e+06 8.776872754245587660e-03 -2.770359352863179248e-01
2.452556289290850051e+06 7.781597711293509675e-03 -2.742319564341159088e-01
2.452556289360249881e+06 7.426725216335392649e-03 -2.717633653168420316e-01
2.452556289429649711e+06 6.006154459730798229e-03 -2.697009918504635340e-01
2.452556289499049541e+06 1.445948043294028977e-02 -2.670502579387440956e-01
2.452556289568449371e+06 1.498305123363926489e-02 -2.635056273981090658e-01
2.452556289637849201e+06 1.114691564543123133e-02 -2.603834685008089567e-01
2.452556289707249030e+06 7.251165978653068694e-03 -2.582308575497734848e-01
2.452556289776648860e+06 1.169242614469601614e-02 -2.561782226894523395e-01
2.452556289846048690e+06 1.472027113989276235e-02 -2.534167991721917867e-01
2.452556289915448520e+06 1.416257565408444129e-02 -2.504351483695652081e-01
2.452556289984848350e+06 1.398737207288249657e-02 -2.475684537821488951e-01
2.452556290054248180e+06 1.421992092326080162e-02 -2.447253169936574602e-01
2.452556290123648010e+06 1.542891941794076981e-02 -2.417355318125800068e-01
2.452556290193047840e+06 1.398563637657605080e-02 -2.387661635949265559e-01
2.452556290262447670e+06 1.458076771558211061e-02 -2.358797685190538729e-01
2.452556290331847500e+06 6.434646245584254784e-03 -2.338527145924283457e-01
2.452556290401247330e+06 1.460461504470852469e-02 -2.318870684896282286e-01
2.452556290470647160e+06 1.400743029797185332e-02 -2.290997506987900167e-01
2.452556290540046990e+06 2.462340431791895309e-02 -2.251057018383753883e-01
2.452556290609446820e+06 9.847515692545244503e-03 -2.214119375475085139e-01
2.452556290678846650e+06 1.014368671366757714e-02 -2.192436197388396291e-01
2.452556290748246480e+06 8.456982303006418608e-03 -2.172389829270033046e-01
2.452556290817646310e+06 1.306793241268297198e-02 -2.149040145957592240e-01
2.452556290887046140e+06 1.267793318050621301e-02 -2.120419684276459715e-01
2.452556290956445970e+06 1.216142919124247289e-02 -2.091823902462913165e-01
2.452556291025845800e+06 2.128138196625807901e-02 -2.052146980669673770e-01
2.452556291095245630e+06 1.738401870349439229e-02 -2.004064412247834881e-01
2.452556291164645460e+06 1.642657444813304737e-02 -1.958357753929972911e-01
2.452556291234045289e+06 1.290343459326145567e-02 -1.914866516231023830e-01
2.452556291303445119e+06 1.418898714526507787e-02 -1.871241633923929060e-01
2.452556291372844949e+06 1.184753268030901141e-02 -1.826112776070231147e-01
2.452556291442244779e+06 8.171482034060191177e-03 -1.785100540601458896e-01
2.452556291511644609e+06 1.150144374457025796e-02 -1.742094534005594608e-01
2.452556291581044439e+06 5.637426141721519138e-03 -1.699444309600801062e-01
2.452556291650444269e+06 8.545416159990009211e-03 -1.657712782094064863e-01
2.452556291719844099e+06 1.253746129767410386e-02 -1.605595482603730251e-01
2.452556291789243929e+06 7.640280340812527233e-04 -1.559063948298426983e-01
2.452556291858643759e+06 2.293986289492008519e-03 -1.521656035369556847e-01
2.452556291928043589e+06 1.609379044092313499e-02 -1.464727992213659680e-01
2.452556291997443419e+06 1.805133371461373898e-02 -1.385733081534017141e-01
2.452556292066843249e+06 1.203036330767550885e-02 -1.305433278540788777e-01
2.452556292136243079e+06 3.052127543252098219e-03 -1.236584323655710305e-01
2.452556292205642909e+06 -6.954465503518493345e-03 -1.185249622827624638e-01
2.452556292275042739e+06 -1.059182635908851450e-02 -1.147277560081176873e-01
2.452556292344442569e+06 -1.665720426387418129e-02 -1.119635611031593037e-01
2.452556292413842399e+06 -1.413480750504848144e-02 -1.096343008071833935e-01
2.452556292483242229e+06 -1.219108050157401493e-02 -1.068593804825276466e-01
2.452556292552642059e+06 -1.993244010309377576e-02 -1.047834444898192718e-01
2.452556292622041889e+06 -1.372555569724235973e-02 -1.029887204179121413e-01
2.452556292691441718e+06 -1.638916484405666951e-02 -1.009154987680762061e-01
2.452556292760841548e+06 -1.164363597059206619e-02 -9.870209851970776493e-02
2.452556292830241378e+06 -1.033335377147754849e-02 -9.587158864141746839e-02
2.452556292899641208e+06 -6.142203149964119840e-03 -9.242213325972696569e-02
2.452556292969041038e+06 -1.694225858470870330e-02 -8.969540192769127895e-02
2.452556293038440868e+06 -1.195220037604161067e-02 -8.768032766010402934e-02
2.452556293107840698e+06 -5.613381623506671393e-03 -8.446526202691127805e-02
2.452556293177240528e+06 -1.135095562988984452e-02 -8.116630451466001761e-02
2.452556293246640358e+06 -3.740795713316867751e-05 -7.720056187681997861e-02
2.452556293316040188e+06 -1.258750061824781726e-02 -7.329150005376955379e-02
2.452556293385440018e+06 -1.093791324784773242e-02 -7.057351527098723598e-02
2.452556293454839848e+06 -8.722010157622092988e-03 -6.746633015247659182e-02
2.452556293524239678e+06 -8.272190066826751176e-03 -6.406967795976450941e-02
2.452556293593639508e+06 -9.319682878353652972e-03 -6.073491965142825688e-02
2.452556293663039338e+06 -1.333840664473293948e-02 -5.799195844688900120e-02
2.452556293732439168e+06 -1.385185528858119686e-02 -5.584642322557124838e-02
2.452556293801838998e+06 -4.458321947537388294e-03 -5.280738560508633356e-02
2.452556293871238828e+06 -5.171372779004783891e-03 -4.880228014472656750e-02
2.452556293940638658e+06 -3.368389630371575964e-03 -4.461194975346226277e-02
2.452556294010038488e+06 -1.314260581948640400e-02 -4.127502084987438175e-02
2.452556294079438318e+06 -9.835849008845489252e-03 -3.871551251497207247e-02
2.452556294148838148e+06 -1.452783860894932277e-02 -3.643076263793346148e-02
2.452556294218237977e+06 -1.233183912166994738e-02 -3.458026010816757367e-02
2.452556294287637807e+06 -1.029814267441845829e-02 -3.242966664630637930e-02
2.452556294357037637e+06 -1.281238360909952440e-02 -3.049180181622002800e-02
2.452556294426437467e+06 -1.606399666294147308e-02 -2.940195064046344578e-02
2.452556294495837297e+06 3.452307061323318872e-04 -2.705211852714116058e-02
2.452556294565237127e+06 -1.340215806942449128e-02 -2.452058091365780235e-02
2.452556294634636957e+06 -1.373452411160544159e-02 -2.373036374240858684e-02
2.452556294704036787e+06 -6.746486666886888049e-03 -2.246023428186454118e-02
2.452556294773436617e+06 -1.306582228955565674e-02 -2.134680948747669921e-02
2.452556294842836447e+06 -1.037938378391322670e-02 -2.090062688480043979e-02
2.452556294912236277e+06 -1.318535958436579947e-02 -2.077881805797891779e-02
2.452556294981636107e+06 -9.349060630122956600e-03 -2.087348552449454567e-02
2.452556295051035937e+06 -1.383105886112136369e-02 -2.139173516297031286e-02
2.452556295120435767e+06 -1.495292032213639891e-02 -2.294271822952738057e-02
2.452556295189835597e+06 -1.835665605204710171e-02 -2.549813071806290854e-02
2.452556295259235427e+06 -1.695996318643255840e-02 -2.885528888461141861e-02
2.452556295328635257e+06 -5.646232498668343758e-03 -3.136964143720334663e-02
2.452556295398035087e+06 -2.598342566395546796e-03 -3.273416069093507130e-02
2.452556295467434917e+06 2.233461378746250461e-04 -3.378920274923853662e-02
2.452556295536834747e+06 -1.678024753166661165e-03 -3.505781063838323691e-02
2.452556295606234577e+06 -4.941659172898844703e-03 -3.725194955286287996e-02
2.452556295675634407e+06 1.248300305684846810e-02 -3.820913739823551120e-02
2.452556295745034236e+06 1.486979720632962063e-02 -3.711975460395698645e-02
2.452556295814434066e+06 1.195909392284534578e-02 -3.610874006315457907e-02
2.452556295883833896e+06 3.304351099888331623e-03 -3.645723501806061306e-02
2.452556295953233726e+06 1.070321788055250863e-02 -3.710499511798348582e-02
2.452556296022633556e+06 8.566147112300999747e-03 -3.731387494328899934e-02
2.452556296092033386e+06 1.531494178986780169e-02 -3.709796599833425218e-02
2.452556296161433216e+06 9.340566287117279404e-03 -3.684471199434842525e-02
2.452556296230833046e+06 1.347827425917400360e-02 -3.684251657545165037e-02
2.452556296300232876e+06 1.007427462074069607e-02 -3.680962121588856467e-02
2.452556296369632706e+06 6.992432629281489578e-03 -3.756997580356711414e-02
2.452556296439032536e+06 -3.830542427473134729e-03 -4.005919997680498779e-02
2.452556296508432366e+06 8.997105039265594281e-03 -4.260226780885750797e-02
2.452556296577832196e+06 4.410809920618820779e-04 -4.492246160381576509e-02
2.452556296647232026e+06 6.320312787267570384e-03 -4.778308210003761464e-02
2.452556296716631856e+06 1.694401989524037255e-02 -4.899698085687527460e-02
2.452556296786031686e+06 2.025084596289531205e-02 -4.866635970827695723e-02
2.452556296855431516e+06 1.625104559600630549e-02 -4.830962373765655682e-02
2.452556296924831346e+06 1.974601581422367330e-02 -4.789435525906441532e-02
2.452556296994231176e+06 2.306711887974471215e-02 -4.655736694953654248e-02
2.452556297063631006e+06 1.386272247869118832e-02 -4.566796914097942528e-02
2.452556297133030836e+06 1.239154925364741380e-02 -4.582802721164283555e-02
2.452556297202430665e+06 1.253920208067337526e-02 -4.606081779526482317e-02
2.452556297271830495e+06 1.297458672526032204e-02 -4.614610196200676084e-02
2.452556297341230325e+06 4.186042131049463010e-03 -4.709889998345330453e-02
2.452556297410630155e+06 2.643871941304471330e-03 -4.923595289870810743e-02
2.452556297480029985e+06 1.015025335847092626e-02 -5.078393372875251305e-02
2.452556297549429815e+06 1.068521839786175549e-02 -5.142623780804224387e-02
2.452556297618829645e+06 1.456872849975420978e-02 -5.147651604543956871e-02
2.452556297688229475e+06 9.166975254000750070e-03 -5.155427357672034278e-02
2.452556297757629305e+06 9.859733033202040808e-03 -5.202915562100979968e-02
2.452556297827029135e+06 6.768900894557900415e-03 -5.267208251685868287e-02
2.452556297896428965e+06 1.247627773924708805e-02 -5.291462961818438338e-02
2.452556297965828795e+06 6.539696414004753447e-03 -5.303985266040699836e-02
2.452556298035228625e+06 -4.440588230172461473e-03 -5.496978624676429614e-02
2.452556298104628455e+06 2.187950980485484174e-03 -5.743713329107643512e-02
2.452556298174028285e+06 5.866211840315326519e-03 -5.878977272906238394e-02
2.452556298243428115e+06 1.211012992487032168e-02 -5.894342419768634073e-02
2.452556298312827945e+06 1.218869604422292800e-02 -5.818241932796955340e-02
2.452556298382227775e+06 1.275997721937630405e-02 -5.706699974390086472e-02
2.452556298451627605e+06 1.453003696460338293e-02 -5.536641096616941315e-02
2.452556298521027435e+06 1.245719020561599118e-02 -5.333044205457716791e-02
2.452556298590427265e+06 8.438838507411131062e-03 -5.160338194441162207e-02
2.452556298659827095e+06 1.678555264043333356e-02 -4.901883499279344886e-02
2.452556298729226924e+06 1.629035893353507000e-02 -4.508570309832941880e-02
2.452556298798626754e+06 1.632479376650860289e-04 -4.251407904883085925e-02
2.452556298868026584e+06 2.169462762542460205e-03 -4.117810638699789805e-02
2.452556298937426414e+06 -1.809235087444654999e-02 -4.170434519944238305e-02
2.452556299006826244e+06 1.808644938706734616e-03 -4.222489791595611386e-02
2.452556299076226074e+06 4.694531637547938972e-04 -4.054608801053127820e-02
2.452556299145625904e+06 -8.113265625755372579e-03 -3.974275573569802100e-02
2.452556299215025734e+06 4.562152616429546170e-03 -3.829347801995562628e-02
2.452556299284425564e+06 3.314417269133403555e-03 -3.528652591096748808e-02
2.452556299353825394e+06 -2.191443825232648550e-05 -3.242538836803272179e-02
2.452556299423225224e+06 2.606804316897969997e-03 -2.929305684201122251e-02
2.452556299492625054e+06 -1.136839016324688208e-02 -2.711267775789803769e-02
2.452556299562024884e+06 -1.750033196235279906e-02 -2.702140572443599911e-02
2.452556299631424714e+06 -7.482516337417591083e-03 -2.647250091750496734e-02
2.452556299700824544e+06 -8.785142238800924472e-03 -2.486370636370701520e-02
2.452556299770224374e+06 -1.192419591995324754e-02 -2.361776229243845240e-02
2.452556299839624204e+06 -1.783122232336967553e-02 -2.332056272260848648e-02
2.452556299909024034e+06 -1.849699202924181760e-02 -2.379764033099396672e-02
2.452556299978423864e+06 -2.004603658293150834e-02 -2.463341631313527638e-02
2.452556300047823694e+06 -2.122629303979383514e-02 -2.593034046530740683e-02
2.452556300117223524e+06 -1.624375130783116405e-02 -2.698222458569445037e-02
2.452556300186623354e+06 -2.057204939044899802e-02 -2.812892897481865731e-02
2.452556300256023183e+06 -2.648199709470723182e-02 -3.064618102432014116e-02
2.452556300325423013e+06 -2.332538298023400722e-02 -3.381212870373029311e-02
2.452556300394822843e+06 -2.018986713291676810e-02 -3.664111700956578649e-02
2.452556300464222673e+06 -9.392643391926460902e-03 -3.820229808107789699e-02
2.452556300533622503e+06 -2.790324520184648063e-02 -4.086575044626364339e-02
2.452556300603022333e+06 -2.193108219073679546e-02 -4.530669551584144694e-02
2.452556300672422163e+06 -3.169708937578683342e-03 -4.738147938112995811e-02
2.452556300741821993e+06 -1.001223863238186011e-02 -4.831059485833989753e-02
2.452556300811221823e+06 -1.430813190610685966e-02 -5.064241882530035044e-02
2.452556300880621653e+06 -3.038242083168924464e-03 -5.242287869903684838e-02
2.452556300950021483e+06 -1.019126998153479027e-02 -5.391788703609319555e-02
2.452556301019421313e+06 -3.773270714501963680e-03 -5.565524416873944558e-02
2.452556301088821143e+06 -3.323452933328008372e-03 -5.677439345221903938e-02
2.452556301158220973e+06 5.914685836533960413e-03 -5.687700056358455797e-02
2.452556301227620803e+06 -1.109989603572301628e-02 -5.787906640707331241e-02
2.452556301297020633e+06 -7.879930234916107668e-03 -6.057656108251514848e-02
2.452556301366420463e+06 -3.207860206013016854e-03 -6.263124948286605265e-02
2.452556301435820293e+06 -6.403710637681273195e-03 -6.471070907842493836e-02
2.452556301505220123e+06 -2.395292911444590195e-03 -6.688837963409753617e-02
2.452556301574619953e+06 -7.884714114770367821e-03 -6.943455437482543013e-02
2.452556301644019783e+06 -6.439287614070779604e-03 -7.267922995435957545e-02
2.452556301713419612e+06 -4.414439121063598419e-03 -7.581641156596036213e-02
2.452556301782819442e+06 -5.644621921298900724e-03 -7.913404225507057743e-02
2.452556301852219272e+06 1.094872595274543926e-02 -8.094934338888572223e-02
2.452556301921619102e+06 1.142484051294737069e-02 -8.089188138383021642e-02
2.452556301991018932e+06 3.422237593783543884e-03 -8.161035790273116208e-02
2.452556302060418762e+06 9.001243387323136155e-03 -8.259626561958102742e-02
2.452556302129818592e+06 6.471461338039494367e-03 -8.324114541466381967e-02
2.452556302199218422e+06 9.533884242915102378e-03 -8.379806230622419139e-02
2.452556302268618252e+06 -1.891336525914374305e-03 -8.528899930991391820e-02
2.452556302338018082e+06 6.244719081181323954e-03 -8.722411190344595000e-02
2.452556302407417912e+06 1.016164439088867305e-02 -8.786581359955997206e-02
2.452556302476817742e+06 7.627341282690543872e-03 -8.830867197290220849e-02
2.452556302546217572e+06 1.460319622596790642e-02 -8.817538578730584053e-02
2.452556302615617402e+06 1.335675617556921976e-02 -8.725477206946788411e-02
2.452556302685017232e+06 1.264466212675479685e-02 -8.635729511619810728e-02
2.452556302754417062e+06 1.395080444356679335e-02 -8.519446503786999580e-02
2.452556302823816892e+06 1.324967899724683457e-02 -8.374213593480017703e-02
2.452556302893216722e+06 1.740096740701051886e-02 -8.164578101954605982e-02
2.452556302962616552e+06 1.621011329466972434e-02 -7.890137278434308787e-02
2.452556303032016382e+06 2.102184696749691360e-03 -7.756978157479596514e-02
2.452556303101416212e+06 6.101220976417472998e-03 -7.721284967899051666e-02
2.452556303170816042e+06 -3.357760588810896740e-03 -7.740329690006884922e-02
2.452556303240215871e+06 5.225599437095740721e-03 -7.767202693727301432e-02
2.452556303309615701e+06 9.807662731552735033e-03 -7.639987445888971052e-02
2.452556303379015531e+06 6.073051770891585259e-03 -7.485390658632719296e-02
2.452556303448415361e+06 -5.226667204206111167e-03 -7.485596973267222287e-02
2.452556303517815191e+06 7.159724425868364134e-03 -7.470877208311325901e-02
2.452556303587215021e+06 -7.993967118764206195e-03 -7.484647899445751040e-02
2.452556303656614851e+06 -5.800757678056526860e-03 -7.648591326031041471e-02
2.452556303726014681e+06 -2.213362241914454149e-03 -7.761400540246946034e-02
2.452556303795414511e+06 -3.579214572032224807e-03 -7.858526378647204269e-02
2.452556303864814341e+06 -2.830414967321311873e-03 -7.971003500900761263e-02
2.452556303934214171e+06 -1.823538626149855688e-03 -8.072723359930673859e-02
2.452556304003614001e+06 4.519331732584701798e-03 -8.097312535886128093e-02
2.452556304073013831e+06 -1.951693691879306022e-03 -8.123062527543178923e-02
2.452556304142413661e+06 2.859055796990847553e-03 -8.167887576010467165e-02
2.452556304211813491e+06 -2.849727424677922418e-03 -8.224971975242745259e-02
2.452556304281213321e+06 -8.226291370989948773e-04 -8.327853952714422969e-02
2.452556304350613151e+06 5.615475071896486141e-03 -8.340286132902881289e-02
2.452556304420012981e+06 4.917949651140134451e-03 -8.283904819224265081e-02
2.452556304489412811e+06 4.990774454246600308e-03 -8.225248308007775122e-02
2.452556304558812641e+06 9.681049461687124894e-03 -8.101794516132165835e-02
2.452556304628212471e+06 4.280455784963831470e-05 -8.019622936716394590e-02
2.452556304697612301e+06 1.318396790672101467e-03 -8.023314188820480919e-02
2.452556304767012130e+06 7.056638085637797694e-03 -7.943940295617397951e-02
2.452556304836411960e+06 7.302469149885660975e-03 -7.784642127807575585e-02
2.452556304905811790e+06 -1.848451805665441349e-03 -7.710086050404858782e-02
2.452556304975211620e+06 3.172928800127022570e-03 -7.674576262631642443e-02
2.452556305044611450e+06 4.780534674576437590e-03 -7.557773079990041942e-02
2.452556305114011280e+06 5.378394063890343203e-04 -7.458750465299908428e-02
2.452556305183411110e+06 8.007335573824199285e-04 -7.395545795704794312e-02
2.452556305252810940e+06 1.061658115545082879e-03 -7.320173282714474705e-02
2.452556305322210770e+06 7.167204394841378279e-03 -7.163838876592705518e-02
2.452556305391610600e+06 2.745304905659489737e-03 -6.972616658902819342e-02
2.452556305461010430e+06 6.746145627321400821e-03 -6.767880375460227915e-02
2.452556305530410260e+06 1.106193473349813619e-02 -6.447564524364012006e-02
2.452556305599810090e+06 -8.149490242563135062e-03 -6.269630486774517564e-02
2.452556305669209920e+06 -1.137476119878929985e-02 -6.338144873693776771e-02
2.452556305738609750e+06 -4.266635516557012835e-03 -6.374719963865363437e-02
2.452556305808009580e+06 3.958190635702816228e-03 -6.242881175439487368e-02
2.452556305877409410e+06 -6.508818854393649128e-03 -6.128580732952808308e-02
2.452556305946809240e+06 -1.085072527631323301e-02 -6.180119722116741293e-02
2.452556306016209070e+06 -1.158929472661391832e-02 -6.302775786793850255e-02
2.452556306085608900e+06 -1.220343233576092618e-02 -6.460723834774984020e-02
2.452556306155008730e+06 -1.391909888556599594e-03 -6.523210394970417603e-02
2.452556306224408560e+06 -1.214535467238745834e-03 -6.470224867292125037e-02
2.452556306293808389e+06 -1.192480544874776477e-03 -6.414377504946053299e-02
2.452556306363208219e+06 -1.733483677933878725e-02 -6.544930086369193933e-02
2.452556306432608049e+06 -6.885779503606426384e-03 -6.760904442461794506e-02
2.452556306502007879e+06 -5.688298016401772787e-03 -6.869576358565857022e-02
2.452556306571407709e+06 -2.516988872204202043e-03 -6.943037250866146426e-02
2.452556306640807539e+06 -3.816564792900655010e-03 -7.005964108831080894e-02
2.452556306710207369e+06 -1.286540305192385679e-02 -7.198658222151255170e-02
2.452556306779607199e+06 -4.554177414310162098e-03 -7.423034849942236613e-02
2.452556306849007029e+06 -3.623768000736167505e-03 -7.565752832505012737e-02
2.452556306918406859e+06 -3.197442112033385599e-03 -7.708586981805735927e-02
2.452556306987806689e+06 -5.746604563374194292e-03 -7.891206413083948212e-02
2.452556307057206519e+06 1.708943821488829800e-04 -8.053382074270919178e-02
2.452556307126606349e+06 -4.182467557401694722e-03 -8.212979688616330043e-02
2.452556307196006179e+06 -7.881978805468113636e-03 -8.480539770566056235e-02
2.452556307265406009e+06 9.900469242458882248e-04 -8.713271839193727220e-02
2.452556307334805839e+06 5.201326247857599068e-03 -8.814408839507367754e-02
2.452556307404205669e+06 4.049909130608902140e-03 -8.885146028061044476e-02
2.452556307473605499e+06 2.182576354518740193e-03 -8.992200759684659817e-02
2.452556307543005329e+06 1.280087480130881472e-02 -9.002368731190329987e-02
2.452556307612405159e+06 8.172027709232580761e-03 -8.936770899265683576e-02
2.452556307681804989e+06 1.112948667609644539e-02 -8.876040516695879456e-02
2.452556307751204818e+06 1.285120883402183015e-02 -8.747097919945903688e-02
2.452556307820604648e+06 1.951354578536702508e-02 -8.499779301635014550e-02
2.452556307890004478e+06 1.194944228860224215e-02 -8.229645247534762842e-02
2.452556307959404308e+06 -2.415397638605934309e-03 -8.179251260618752850e-02
2.452556308028804138e+06 -4.302860999893028983e-03 -8.307234111939269805e-02
2.452556308098203968e+06 -2.615861382660089520e-03 -8.446587691768428496e-02
2.452556308167603798e+06 -4.555887152268765956e-03 -8.598736241575063999e-02
2.452556308237003628e+06 1.722887649543552611e-03 -8.711293398544429911e-02
2.452556308306403458e+06 -6.274172858717538652e-03 -8.849830327320953871e-02
2.452556308375803288e+06 -8.607928982322444675e-03 -9.116735642623650937e-02
2.452556308445203118e+06 -1.030159266858868229e-03 -9.344475220329309662e-02
2.452556308514602948e+06 -8.077937338771223191e-03 -9.582635953617162083e-02
2.452556308584002778e+06 4.868491561800056960e-03 -9.769197732582449167e-02
2.452556308653402608e+06 -8.991672903425925248e-03 -9.976864640704055653e-02
2.452556308722802438e+06 3.871409527214831497e-04 -1.024863777751712918e-01
2.452556308792202268e+06 -3.741958597904374104e-03 -1.047766709023176951e-01
2.452556308861602098e+06 -3.633766663009426086e-03 -1.076601707811482983e-01
2.452556308931001928e+06 5.931395605646599609e-03 -1.096024318608546100e-01
2.452556309000401758e+06 1.328860991786710985e-03 -1.110392819563165850e-01
2.452556309069801588e+06 9.634405544265691942e-04 -1.130626399409113969e-01
2.452556309139201418e+06 3.289127864830628314e-03 -1.149262206445312018e-01
2.452556309208601248e+06 2.012453616620227086e-03 -1.167119920926432131e-01
2.452556309278001077e+06 -1.404862379170523532e-03 -1.190723260265662137e-01
2.452556309347400907e+06 7.439625712725403059e-03 -1.208882795163888219e-01
2.452556309416800737e+06 7.677663990612312167e-03 -1.216698889167945330e-01
