6053.4169921875  9.455492E-15
6054.36400722828  1.043538E-14
6055.31102226906  1.080322E-14
6056.25803730984  1.050254E-14
6057.20505235062  1.039089E-14
6058.15206739141  1.054190E-14
6059.09908243219  1.046734E-14
6060.04609747297  1.057289E-14
6060.99311251375  1.053598E-14
6061.94012755453  1.042875E-14
6062.88714259531  1.074985E-14
6063.83415763609  1.080523E-14
6064.78117267687  1.079946E-14
6065.72818771765  1.068572E-14
6066.67520275843  1.079817E-14
6067.62221779921  1.080669E-14
6068.56923283999  1.076089E-14
6069.51624788077  1.057449E-14
6070.46326292156  1.055124E-14
6071.41027796234  1.097118E-14
6072.35729300312  1.072445E-14
6073.3043080439  1.034698E-14
6074.25132308468  1.073595E-14
6075.19833812546  1.079287E-14
6076.14535316624  1.043407E-14
6077.09236820702  1.068533E-14
6078.0393832478  1.060159E-14
6078.98639828858  1.028260E-14
6079.93341332936  1.054862E-14
6080.88042837014  1.058537E-14
6081.82744341092  1.069562E-14
6082.77445845171  1.079421E-14
6083.72147349249  1.104902E-14
6084.66848853327  1.076744E-14
6085.61550357405  1.045053E-14
6086.56251861483  1.023189E-14
6087.50953365561  1.064903E-14
6088.45654869639  1.069428E-14
6089.40356373717  1.066571E-14
6090.35057877795  1.068142E-14
6091.29759381873  1.075380E-14
6092.24460885951  1.088635E-14
6093.19162390029  1.080382E-14
6094.13863894107  1.044950E-14
6095.08565398186  1.085584E-14
6096.03266902264  1.060399E-14
6096.97968406342  1.085753E-14
6097.9266991042  1.054596E-14
6098.87371414498  1.046776E-14
6099.82072918576  1.063017E-14
6100.76774422654  1.093186E-14
6101.71475926732  1.050981E-14
6102.6617743081  1.084689E-14
6103.60878934888  1.098162E-14
6104.55580438966  1.073769E-14
6105.50281943044  1.049304E-14
6106.44983447123  1.073314E-14
6107.39684951201  1.075058E-14
6108.34386455279  1.061165E-14
6109.29087959357  1.080305E-14
6110.23789463435  1.105732E-14
6111.18490967513  1.089688E-14
6112.13192471591  1.063191E-14
6113.07893975669  1.031428E-14
6114.02595479747  1.035338E-14
6114.97296983825  1.077137E-14
6115.91998487903  1.095891E-14
6116.86699991981  1.086382E-14
6117.81401496059  1.043031E-14
6118.76103000138  1.030283E-14
6119.70804504216  1.049570E-14
6120.65506008294  1.079390E-14
6121.60207512372  1.060767E-14
6122.5490901645  1.052292E-14
6123.49610520528  1.051763E-14
6124.44312024606  1.023996E-14
6125.39013528684  1.022482E-14
6126.33715032762  1.050872E-14
6127.2841653684  1.089977E-14
6128.23118040918  1.103902E-14
6129.17819544997  1.084627E-14
6130.12521049074  1.085142E-14
6131.07222553152  1.082170E-14
6132.01924057231  1.104138E-14
6132.96625561309  1.067896E-14
6133.91327065387  1.045619E-14
6134.86028569465  1.083682E-14
6135.80730073543  1.075962E-14
6136.75431577621  1.055687E-14
6137.70133081699  1.083737E-14
6138.64834585777  1.086348E-14
6139.59536089855  1.064452E-14
6140.54237593933  1.051104E-14
6141.48939098011  1.066814E-14
6142.4364060209  1.074655E-14
6143.38342106168  1.079736E-14
6144.33043610246  1.057732E-14
6145.27745114324  1.060107E-14
6146.22446618402  1.064418E-14
6147.1714812248  1.085747E-14
6148.11849626558  1.040572E-14
6149.06551130636  1.055366E-14
6150.01252634714  1.048822E-14
6150.95954138792  1.031474E-14
6151.9065564287  1.029581E-14
6152.85357146948  1.093240E-14
6153.80058651027  1.056478E-14
6154.74760155105  1.042104E-14
6155.69461659183  1.066898E-14
6156.64163163261  1.056290E-14
6157.58864667339  1.064532E-14
6158.53566171417  1.092588E-14
6159.48267675495  1.088114E-14
6160.42969179573  1.070556E-14
6161.37670683651  1.027910E-14
6162.32372187729  1.068611E-14
6163.27073691807  1.057537E-14
6164.21775195885  1.053503E-14
6165.16476699963  1.049572E-14
6166.11178204041  1.056447E-14
6167.0587970812  1.024281E-14
6168.00581212198  1.044366E-14
6168.95282716276  1.091113E-14
6169.89984220354  1.110978E-14
6170.84685724432  1.090403E-14
6171.7938722851  1.070615E-14
6172.74088732588  1.060752E-14
6173.68790236666  1.030291E-14
6174.63491740744  7.403963E-15
6175.58193244822  9.225536E-15
6176.528947489  1.121667E-14
6177.47596252978  1.112452E-14
6178.42297757056  1.071028E-14
6179.36999261134  1.041098E-14
6180.31700765213  1.045426E-14
6181.26402269291  1.051370E-14
6182.21103773369  1.051897E-14
6183.15805277447  1.064148E-14
6184.10506781525  1.075036E-14
6185.05208285603  1.098033E-14
6185.99909789681  1.050995E-14
6186.94611293759  1.034759E-14
6187.89312797837  1.069856E-14
6188.84014301915  1.070800E-14
6189.78715805993  1.026681E-14
6190.73417310072  1.027453E-14
6191.68118814149  1.060798E-14
6192.62820318228  1.070600E-14
6193.57521822306  1.088873E-14
6194.52223326384  1.049719E-14
6195.46924830462  1.028877E-14
6196.4162633454  1.041735E-14
6197.36327838618  1.032576E-14
6198.31029342696  1.057680E-14
6199.25730846774  1.061432E-14
6200.20432350852  1.083192E-14
6201.1513385493  1.117333E-14
6202.09835359008  1.099370E-14
6203.04536863087  1.065078E-14
6203.99238367165  1.040810E-14
6204.93939871243  1.026301E-14
6205.88641375321  1.049519E-14
6206.83342879399  1.070767E-14
6207.78044383477  1.054617E-14
6208.72745887555  1.020914E-14
6209.67447391633  1.062785E-14
6210.62148895711  1.064468E-14
6211.56850399789  1.053273E-14
6212.51551903867  1.053836E-14
6213.46253407945  1.078443E-14
6214.40954912024  1.078398E-14
6215.35656416102  1.062128E-14
6216.3035792018  1.065542E-14
6217.25059424258  1.100519E-14
6218.19760928336  1.080199E-14
6219.14462432414  1.027493E-14
6220.09163936492  1.052886E-14
6221.0386544057  1.050483E-14
6221.98566944648  1.025985E-14
6222.93268448726  1.050459E-14
6223.87969952804  1.083975E-14
6224.82671456882  1.056599E-14
6225.7737296096  1.050630E-14
6226.72074465039  1.028685E-14
6227.66775969117  1.059867E-14
6228.61477473195  1.063529E-14
6229.56178977273  1.062485E-14
6230.50880481351  1.102288E-14
6231.45581985429  1.082092E-14
6232.40283489507  1.104388E-14
6233.34984993585  1.080293E-14
6234.29686497663  1.062622E-14
6235.24388001741  1.091142E-14
6236.19089505819  1.089390E-14
6237.13791009897  1.074206E-14
6238.08492513975  1.108569E-14
6239.03194018054  1.109369E-14
6239.97895522132  1.086531E-14
6240.9259702621  1.065828E-14
6241.87298530288  1.065099E-14
6242.82000034366  1.050977E-14
6243.76701538444  1.058343E-14
6244.71403042522  1.069799E-14
6245.661045466  1.073440E-14
6246.60806050678  1.040764E-14
6247.55507554756  1.053817E-14
6248.50209058834  1.097968E-14
6249.44910562912  1.087618E-14
6250.3961206699  1.074447E-14
6251.34313571069  1.098753E-14
6252.29015075147  1.072542E-14
6253.23716579225  1.088319E-14
6254.18418083303  1.072815E-14
6255.13119587381  1.026773E-14
6256.07821091459  1.068790E-14
6257.02522595537  1.050419E-14
6257.97224099615  1.047821E-14
6258.91925603693  1.067856E-14
6259.86627107771  1.062663E-14
6260.81328611849  1.073039E-14
6261.76030115927  1.074477E-14
6262.70731620006  1.056826E-14
6263.65433124084  1.067722E-14
6264.60134628162  1.080859E-14
6265.5483613224  1.069405E-14
6266.49537636318  1.070782E-14
6267.44239140396  1.058944E-14
6268.38940644474  1.051098E-14
6269.33642148552  1.053637E-14
6270.2834365263  1.070218E-14
6271.23045156708  1.077675E-14
6272.17746660786  1.066693E-14
6273.12448164864  1.059290E-14
6274.07149668943  1.052357E-14
6275.01851173021  1.048447E-14
6275.96552677099  1.020467E-14
6276.91254181177  1.009153E-14
6277.85955685255  1.019956E-14
6278.80657189333  1.005141E-14
6279.75358693411  1.007141E-14
6280.70060197489  1.032852E-14
6281.64761701567  1.047009E-14
6282.59463205645  1.043537E-14
6283.54164709723  1.005651E-14
6284.48866213801  1.018787E-14
6285.43567717879  1.066868E-14
6286.38269221958  1.077177E-14
6287.32970726036  1.036105E-14
6288.27672230114  1.041283E-14
6289.22373734192  1.087661E-14
6290.1707523827  1.042856E-14
6291.11776742348  1.024435E-14
6292.06478246426  1.046315E-14
6293.01179750504  1.052708E-14
6293.95881254582  1.046348E-14
6294.9058275866  1.041802E-14
6295.85284262738  1.042035E-14
6296.79985766816  1.062243E-14
6297.74687270895  1.070568E-14
6298.69388774973  1.050582E-14
6299.64090279051  1.054492E-14
6300.58791783129  1.082098E-14
6301.53493287207  1.072855E-14
6302.48194791285  1.030873E-14
6303.42896295363  1.051537E-14
6304.37597799441  1.054672E-14
6305.32299303519  1.065446E-14
6306.27000807597  1.064095E-14
6307.21702311675  1.066195E-14
6308.16403815753  1.059082E-14
6309.11105319831  1.023667E-14
6310.05806823909  1.033448E-14
6311.00508327988  1.058901E-14
6311.95209832066  1.055852E-14
6312.89911336144  1.026969E-14
6313.84612840222  1.042741E-14
6314.793143443  1.079613E-14
6315.74015848378  1.106269E-14
6316.68717352456  1.068955E-14
6317.63418856534  1.031713E-14
6318.58120360612  1.063785E-14
6319.5282186469  1.042255E-14
6320.47523368768  1.022198E-14
6321.42224872846  1.029761E-14
6322.36926376925  1.047675E-14
6323.31627881003  1.051959E-14
6324.26329385081  1.089639E-14
6325.21030889159  1.127881E-14
6326.15732393237  1.091931E-14
6327.10433897315  1.088750E-14
6328.05135401393  1.055822E-14
6328.99836905471  1.079102E-14
6329.94538409549  1.069735E-14
6330.89239913627  1.084545E-14
6331.83941417705  1.074495E-14
6332.78642921783  1.044995E-14
6333.73344425861  1.061020E-14
6334.6804592994  1.084368E-14
6335.62747434018  1.113661E-14
6336.57448938096  1.101584E-14
6337.52150442174  1.071681E-14
6338.46851946252  1.019371E-14
6339.4155345033  1.085458E-14
6340.36254954408  1.110736E-14
6341.30956458486  1.077724E-14
6342.25657962564  1.098174E-14
6343.20359466642  1.102437E-14
6344.1506097072  1.031177E-14
6345.09762474798  1.041980E-14
6346.04463978876  1.031952E-14
6346.99165482955  1.023519E-14
6347.93866987033  9.990715E-15
6348.88568491111  1.046404E-14
6349.83269995189  1.066172E-14
6350.77971499267  1.039643E-14
6351.72673003345  1.031520E-14
6352.67374507423  1.038158E-14
6353.62076011501  1.057373E-14
6354.56777515579  1.064216E-14
6355.51479019657  1.054184E-14
6356.46180523735  1.095431E-14
6357.40882027814  1.122224E-14
6358.35583531891  1.119725E-14
6359.3028503597  1.099129E-14
6360.24986540048  1.106569E-14
6361.19688044126  1.076796E-14
6362.14389548204  1.072832E-14
6363.09091052282  1.078587E-14
6364.0379255636  1.074082E-14
6364.98494060438  1.078252E-14
6365.93195564516  1.088809E-14
6366.87897068594  1.082277E-14
6367.82598572672  1.078480E-14
6368.7730007675  1.085495E-14
6369.72001580828  1.099672E-14
6370.66703084907  1.058863E-14
6371.61404588985  1.052618E-14
6372.56106093063  1.060190E-14
6373.50807597141  1.066830E-14
6374.45509101219  1.056418E-14
6375.40210605297  1.057926E-14
6376.34912109375  1.085051E-14
6377.29613613453  1.043826E-14
6378.24315117531  1.051573E-14
6379.19016621609  1.049958E-14
6380.13718125687  1.028163E-14
6381.08419629765  1.032872E-14
6382.03121133844  1.035570E-14
6382.97822637922  1.063414E-14
6383.92524142  1.084318E-14
6384.87225646078  1.061419E-14
6385.81927150156  1.049587E-14
6386.76628654234  1.081759E-14
6387.71330158312  1.089210E-14
6388.6603166239  1.094676E-14
6389.60733166468  1.105037E-14
6390.55434670546  1.116137E-14
6391.50136174624  1.088884E-14
6392.44837678702  1.063280E-14
6393.3953918278  1.093591E-14
6394.34240686858  1.071540E-14
6395.28942190937  1.062380E-14
6396.23643695015  1.080719E-14
6397.18345199093  1.080445E-14
6398.13046703171  1.058959E-14
6399.07748207249  1.042100E-14
6400.02449711327  1.072999E-14
6400.97151215405  1.098187E-14
6401.91852719483  1.092283E-14
6402.86554223561  1.076187E-14
6403.81255727639  1.059560E-14
6404.75957231717  1.071317E-14
6405.70658735795  1.061528E-14
6406.65360239874  1.046745E-14
6407.60061743952  1.066496E-14
6408.5476324803  1.103276E-14
6409.49464752108  1.101643E-14
6410.44166256186  1.069933E-14
6411.38867760264  1.047227E-14
6412.33569264342  1.099312E-14
6413.2827076842  1.119530E-14
6414.22972272498  1.084520E-14
6415.17673776576  1.066496E-14
6416.12375280654  1.048140E-14
6417.07076784732  1.052198E-14
6418.01778288811  1.105035E-14
6418.96479792888  1.097119E-14
6419.91181296967  1.051623E-14
6420.85882801045  1.034152E-14
6421.80584305123  1.047880E-14
6422.75285809201  1.073932E-14
6423.69987313279  1.060706E-14
6424.64688817357  1.032171E-14
6425.59390321435  1.074017E-14
6426.54091825513  1.117389E-14
6427.48793329591  1.077796E-14
6428.43494833669  1.069570E-14
6429.38196337748  1.059329E-14
6430.32897841825  1.091729E-14
6431.27599345904  1.112658E-14
6432.22300849982  1.110994E-14
6433.1700235406  1.073841E-14
6434.11703858138  1.073641E-14
6435.06405362216  1.086969E-14
6436.01106866294  1.062351E-14
6436.95808370372  1.044863E-14
6437.9050987445  1.062554E-14
6438.85211378528  1.053165E-14
6439.79912882606  1.056362E-14
6440.74614386684  1.080917E-14
6441.69315890763  1.088096E-14
6442.64017394841  1.090415E-14
6443.58718898919  1.081412E-14
6444.53420402997  1.088479E-14
6445.48121907075  1.087032E-14
6446.42823411153  1.092430E-14
6447.37524915231  1.099821E-14
6448.32226419309  1.068515E-14
6449.26927923387  1.095844E-14
6450.21629427465  1.122240E-14
6451.16330931543  1.095659E-14
6452.11032435621  1.088899E-14
6453.057339397  1.082925E-14
6454.00435443777  1.068939E-14
6454.95136947856  1.066277E-14
6455.89838451934  1.080793E-14
6456.84539956012  1.088409E-14
6457.7924146009  1.091296E-14
6458.73942964168  1.101721E-14
6459.68644468246  1.056517E-14
6460.63345972324  1.043729E-14
6461.58047476402  1.043651E-14
6462.5274898048  1.058457E-14
6463.47450484558  1.084791E-14
6464.42151988636  1.109053E-14
6465.36853492714  1.131934E-14
6466.31554996793  1.096773E-14
6467.26256500871  1.055462E-14
6468.20958004949  1.082279E-14
6469.15659509027  1.076846E-14
6470.10361013105  1.096982E-14
6471.05062517183  1.105922E-14
6471.99764021261  1.083200E-14
6472.94465525339  1.086201E-14
6473.89167029417  1.088609E-14
6474.83868533495  1.065410E-14
6475.78570037573  1.057809E-14
6476.73271541651  1.071364E-14
6477.6797304573  1.104657E-14
6478.62674549807  1.097678E-14
6479.57376053886  1.075519E-14
6480.52077557964  1.101156E-14
6481.46779062042  1.078474E-14
6482.4148056612  1.067696E-14
6483.36182070198  1.063774E-14
6484.30883574276  1.068008E-14
6485.25585078354  1.077071E-14
6486.20286582432  1.035613E-14
6487.1498808651  1.074406E-14
6488.09689590588  1.063975E-14
6489.04391094666  1.039141E-14
6489.99092598744  1.078655E-14
6490.93794102823  1.074721E-14
6491.88495606901  1.055154E-14
6492.83197110979  1.082034E-14
6493.77898615057  1.053381E-14
6494.72600119135  1.063546E-14
6495.67301623213  1.068040E-14
6496.62003127291  1.067622E-14
6497.56704631369  1.093947E-14
6498.51406135447  1.110311E-14
6499.46107639525  1.075463E-14
6500.40809143603  1.064036E-14
6501.35510647681  1.067077E-14
6502.30212151759  1.045685E-14
6503.24913655838  1.071259E-14
6504.19615159916  1.057006E-14
6505.14316663994  1.073081E-14
6506.09018168072  1.103939E-14
6507.0371967215  1.082409E-14
6507.98421176228  1.090249E-14
6508.93122680306  1.052515E-14
6509.87824184384  1.043214E-14
6510.82525688462  1.059631E-14
6511.7722719254  1.054651E-14
6512.71928696618  1.075145E-14
6513.66630200697  1.078687E-14
6514.61331704774  1.081466E-14
6515.56033208853  1.078383E-14
6516.50734712931  1.071113E-14
6517.45436217009  1.098275E-14
6518.40137721087  1.069553E-14
6519.34839225165  1.070892E-14
6520.29540729243  1.117841E-14
6521.24242233321  1.113027E-14
6522.18943737399  1.123631E-14
6523.13645241477  1.138495E-14
6524.08346745555  1.103680E-14
6525.03048249633  1.079836E-14
6525.97749753712  1.106894E-14
6526.9245125779  1.094120E-14
6527.87152761868  1.134256E-14
6528.81854265946  1.132333E-14
6529.76555770024  1.143291E-14
6530.71257274102  1.134770E-14
6531.6595877818  1.102009E-14
6532.60660282258  1.111252E-14
6533.55361786336  1.131778E-14
6534.50063290414  1.146542E-14
6535.44764794492  1.164837E-14
6536.3946629857  1.171624E-14
6537.34167802649  1.147441E-14
6538.28869306726  1.127709E-14
6539.23570810805  1.157837E-14
6540.18272314883  1.188807E-14
6541.12973818961  1.226107E-14
6542.07675323039  1.256069E-14
6543.02376827117  1.247617E-14
6543.97078331195  1.258277E-14
6544.91779835273  1.305347E-14
6545.86481339351  1.331830E-14
6546.81182843429  1.349410E-14
6547.75884347507  1.393995E-14
6548.70585851585  1.422719E-14
6549.65287355663  1.467677E-14
6550.59988859742  1.516232E-14
6551.5469036382  1.556868E-14
6552.49391867898  1.592078E-14
6553.44093371976  1.606597E-14
6554.38794876054  1.639898E-14
6555.33496380132  1.696503E-14
6556.2819788421  1.708262E-14
6557.22899388288  1.759217E-14
6558.17600892366  1.845910E-14
6559.12302396444  1.882880E-14
6560.07003900522  1.860419E-14
6561.017054046  1.891319E-14
6561.96406908678  1.938107E-14
6562.91108412757  1.918533E-14
6563.85809916835  1.866995E-14
6564.80511420913  1.843442E-14
6565.75212924991  1.797824E-14
6566.69914429069  1.750802E-14
6567.64615933147  1.778280E-14
6568.59317437225  1.772733E-14
6569.54018941303  1.789198E-14
6570.48720445381  1.774921E-14
6571.43421949459  1.808336E-14
6572.38123453537  1.823941E-14
6573.32824957616  1.782579E-14
6574.27526461694  1.767214E-14
6575.22227965772  1.732820E-14
6576.1692946985  1.671325E-14
6577.11630973928  1.579830E-14
6578.06332478006  1.535901E-14
6579.01033982084  1.497274E-14
6579.95735486162  1.451786E-14
6580.9043699024  1.397080E-14
6581.85138494318  1.350794E-14
6582.79839998396  1.333791E-14
6583.74541502474  1.317878E-14
6584.69243006552  1.288169E-14
6585.6394451063  1.245589E-14
6586.58646014709  1.241624E-14
6587.53347518787  1.253051E-14
6588.48049022865  1.239131E-14
6589.42750526943  1.209590E-14
6590.37452031021  1.169019E-14
6591.32153535099  1.170508E-14
6592.26855039177  1.176060E-14
6593.21556543255  1.171959E-14
6594.16258047333  1.184793E-14
6595.10959551411  1.164608E-14
6596.05661055489  1.139708E-14
6597.00362559567  1.147685E-14
6597.95064063646  1.130727E-14
6598.89765567724  1.109928E-14
6599.84467071802  1.130545E-14
6600.7916857588  1.131762E-14
6601.73870079958  1.123583E-14
6602.68571584036  1.084485E-14
6603.63273088114  1.061185E-14
6604.57974592192  1.090535E-14
6605.5267609627  1.121683E-14
6606.47377600348  1.135933E-14
6607.42079104426  1.114724E-14
6608.36780608504  1.085373E-14
6609.31482112582  1.076561E-14
6610.26183616661  1.091627E-14
6611.20885120739  1.101469E-14
6612.15586624817  1.069939E-14
6613.10288128895  1.071603E-14
6614.04989632973  1.098598E-14
6614.99691137051  1.098772E-14
6615.94392641129  1.104681E-14
6616.89094145207  1.082220E-14
6617.83795649285  1.090526E-14
6618.78497153363  1.071528E-14
6619.73198657441  1.042910E-14
6620.67900161519  1.063792E-14
6621.62601665598  1.070581E-14
6622.57303169675  1.085972E-14
6623.52004673754  1.085882E-14
6624.46706177832  1.099670E-14
6625.4140768191  1.093093E-14
6626.36109185988  1.071071E-14
6627.30810690066  1.076256E-14
6628.25512194144  1.058301E-14
6629.20213698222  1.057233E-14
6630.149152023  1.053779E-14
6631.09616706378  1.051742E-14
6632.04318210456  1.090908E-14
6632.99019714535  1.087920E-14
6633.93721218612  1.052096E-14
6634.88422722691  1.038043E-14
6635.83124226769  1.058955E-14
6636.77825730847  1.075658E-14
6637.72527234925  1.058365E-14
6638.67228739003  1.106532E-14
6639.61930243081  1.107336E-14
6640.56631747159  1.054877E-14
6641.51333251237  1.051152E-14
6642.46034755315  1.039005E-14
6643.40736259393  1.039450E-14
6644.35437763471  1.016957E-14
6645.3013926755  1.068742E-14
6646.24840771628  1.078977E-14
6647.19542275706  1.039251E-14
6648.14243779784  1.077386E-14
6649.08945283862  1.070905E-14
6650.0364678794  1.056066E-14
6650.98348292018  1.060541E-14
6651.93049796096  1.054889E-14
6652.87751300174  1.093566E-14
6653.82452804252  1.107563E-14
6654.7715430833  1.087512E-14
6655.71855812408  1.070121E-14
6656.66557316486  1.059419E-14
6657.61258820564  1.077805E-14
6658.55960324643  1.069312E-14
6659.50661828721  1.095491E-14
6660.45363332799  1.117342E-14
6661.40064836877  1.093510E-14
6662.34766340955  1.103603E-14
6663.29467845033  1.054358E-14
6664.24169349111  1.061619E-14
6665.18870853189  1.111474E-14
6666.13572357267  1.125339E-14
6667.08273861345  1.149669E-14
6668.02975365423  1.124282E-14
6668.97676869501  1.137708E-14
6669.92378373579  1.160639E-14
6670.87079877657  1.152419E-14
6671.81781381736  1.138523E-14
6672.76482885814  1.131272E-14
6673.71184389892  1.114466E-14
6674.6588589397  1.110349E-14
6675.60587398048  1.114643E-14
6676.55288902126  1.099133E-14
6677.49990406204  1.062514E-14
6678.44691910282  1.056388E-14
6679.3939341436  1.028794E-14
6680.34094918438  1.023456E-14
6681.28796422517  1.050001E-14
6682.23497926595  1.019933E-14
6683.18199430673  1.006633E-14
6684.12900934751  1.052648E-14
6685.07602438829  1.072491E-14
6686.02303942907  1.101076E-14
6686.97005446985  1.130353E-14
6687.91706951063  1.161835E-14
6688.86408455141  1.128917E-14
6689.81109959219  1.122141E-14
6690.75811463297  1.109255E-14
6691.70512967375  1.121960E-14
6692.65214471453  1.147390E-14
6693.59915975531  1.100049E-14
6694.5461747961  1.100833E-14
6695.49318983688  1.076411E-14
6696.44020487766  1.088378E-14
6697.38721991844  1.086302E-14
6698.33423495922  1.088891E-14
6699.28125  1.063074E-14
6700.22826504078  1.048292E-14
6701.17528008156  1.071143E-14
6702.12229512234  1.061587E-14
6703.06931016312  1.081262E-14
6704.0163252039  1.074501E-14
6704.96334024468  1.089695E-14
6705.91035528547  1.111744E-14
6706.85737032624  1.060680E-14
6707.80438536703  1.037332E-14
6708.75140040781  1.064962E-14
6709.69841544859  1.057350E-14
6710.64543048937  1.070816E-14
6711.59244553015  1.086731E-14
6712.53946057093  1.058388E-14
6713.48647561171  1.031493E-14
6714.43349065249  1.034596E-14
6715.38050569327  1.071355E-14
6716.32752073405  1.091131E-14
6717.27453577483  1.074823E-14
6718.22155081562  1.061591E-14
6719.1685658564  1.076900E-14
6720.11558089718  1.060929E-14
6721.06259593796  1.048687E-14
6722.00961097874  1.047808E-14
6722.95662601952  1.031129E-14
6723.9036410603  1.071991E-14
6724.85065610108  1.080846E-14
6725.79767114186  1.063874E-14
6726.74468618264  1.080850E-14
6727.69170122342  1.091020E-14
6728.6387162642  1.057757E-14
6729.58573130499  1.048085E-14
6730.53274634576  1.077531E-14
6731.47976138655  1.077058E-14
6732.42677642733  1.036763E-14
6733.37379146811  1.013319E-14
6734.32080650889  1.067956E-14
6735.26782154967  1.054504E-14
6736.21483659045  1.027680E-14
6737.16185163123  1.045458E-14
6738.10886667201  1.033802E-14
6739.05588171279  1.026186E-14
6740.00289675357  1.068060E-14
6740.94991179435  1.055735E-14
6741.89692683514  1.045364E-14
6742.84394187592  1.037207E-14
6743.7909569167  1.035955E-14
6744.73797195748  1.070314E-14
6745.68498699826  1.090252E-14
6746.63200203904  1.033436E-14
6747.57901707982  1.019100E-14
6748.5260321206  1.056246E-14
6749.47304716138  1.036819E-14
6750.42006220216  1.001033E-14
6751.36707724294  1.026507E-14
6752.31409228372  1.050930E-14
6753.2611073245  1.052172E-14
6754.20812236528  1.049859E-14
6755.15513740607  1.064507E-14
6756.10215244685  1.062717E-14
6757.04916748763  1.048073E-14
6757.99618252841  1.051036E-14
6758.94319756919  1.039113E-14
6759.89021260997  1.029172E-14
6760.83722765075  1.040921E-14
6761.78424269153  1.049806E-14
6762.73125773231  1.021322E-14
6763.67827277309  1.008034E-14
6764.62528781387  1.010159E-14
6765.57230285466  1.033223E-14
6766.51931789544  1.025520E-14
6767.46633293622  1.025397E-14
6768.413347977  1.015230E-14
6769.36036301778  1.058003E-14
6770.30737805856  1.046946E-14
6771.25439309934  1.010904E-14
6772.20140814012  1.025091E-14
6773.1484231809  1.054046E-14
6774.09543822168  1.034039E-14
6775.04245326246  1.000165E-14
6775.98946830324  1.003884E-14
6776.93648334402  1.025507E-14
6777.8834983848  1.023951E-14
6778.83051342559  1.045210E-14
6779.77752846637  1.060960E-14
6780.72454350715  1.026121E-14
6781.67155854793  9.961867E-15
6782.61857358871  1.005484E-14
6783.56558862949  1.028598E-14
6784.51260367027  1.013246E-14
6785.45961871105  9.832845E-15
6786.40663375183  1.045084E-14
6787.35364879261  1.028667E-14
6788.3006638334  9.912549E-15
6789.24767887417  1.029739E-14
6790.19469391496  1.064317E-14
6791.14170895574  1.047346E-14
6792.08872399652  1.004788E-14
6793.0357390373  1.014407E-14
6793.98275407808  1.019469E-14
6794.92976911886  1.021936E-14
6795.87678415964  1.022024E-14
6796.82379920042  1.033469E-14
6797.7708142412  1.027174E-14
6798.71782928198  1.028598E-14
6799.66484432276  1.069584E-14
6800.61185936354  1.045678E-14
6801.55887440433  1.019753E-14
6802.50588944511  1.010521E-14
6803.45290448589  1.006456E-14
6804.39991952667  9.912828E-15
6805.34693456745  9.928779E-15
6806.29394960823  1.009960E-14
6807.24096464901  1.025455E-14
6808.18797968979  1.052623E-14
6809.13499473057  1.030681E-14
6810.08200977135  1.001047E-14
6811.02902481213  9.912800E-15
6811.97603985291  1.018919E-14
6812.92305489369  1.040893E-14
6813.87006993448  1.012767E-14
6814.81708497526  1.014256E-14
6815.76410001604  1.013844E-14
6816.71111505682  1.010629E-14
6817.6581300976  1.022814E-14
6818.60514513838  1.032944E-14
6819.55216017916  1.016712E-14
6820.49917521994  1.003237E-14
6821.44619026072  9.969819E-15
6822.3932053015  1.000885E-14
6823.34022034228  9.841495E-15
6824.28723538306  9.855986E-15
6825.23425042384  1.021073E-14
6826.18126546462  1.020217E-14
6827.12828050541  1.010853E-14
6828.07529554619  1.016310E-14
6829.02231058697  1.029823E-14
6829.96932562775  1.034342E-14
6830.91634066853  1.029874E-14
6831.86335570931  1.016833E-14
6832.81037075009  1.012773E-14
6833.75738579087  1.005012E-14
6834.70440083165  1.001460E-14
6835.65141587243  9.818564E-15
6836.59843091321  9.853827E-15
6837.545445954  9.942753E-15
6838.49246099477  1.007626E-14
6839.43947603556  1.030515E-14
6840.38649107634  9.956743E-15
6841.33350611712  9.653590E-15
6842.2805211579  9.652443E-15
6843.22753619868  1.011558E-14
6844.17455123946  1.025898E-14
6845.12156628024  1.010984E-14
6846.06858132102  9.845713E-15
6847.0155963618  9.961675E-15
6847.96261140258  1.018081E-14
6848.90962644336  9.964129E-15
6849.85664148415  9.751319E-15
6850.80365652493  1.000802E-14
6851.75067156571  1.026128E-14
6852.69768660649  1.018301E-14
6853.64470164727  1.026470E-14
6854.59171668805  9.928504E-15
6855.53873172883  1.013793E-14
6856.48574676961  1.004879E-14
6857.43276181039  9.847739E-15
6858.37977685117  9.996628E-15
6859.32679189195  9.800845E-15
6860.27380693273  9.760663E-15
6861.22082197351  9.899800E-15
6862.16783701429  9.901693E-15
6863.11485205508  9.668742E-15
6864.06186709586  9.484717E-15
6865.00888213664  9.093046E-15
6865.95589717742  8.709351E-15
6866.9029122182  8.147990E-15
6867.84992725898  7.489626E-15
6868.79694229976  7.020036E-15
6869.74395734054  6.868280E-15
6870.69097238132  6.589935E-15
6871.6379874221  7.040371E-15
6872.58500246288  7.208417E-15
6873.53201750367  7.331951E-15
6874.47903254445  7.292501E-15
6875.42604758523  7.444011E-15
6876.37306262601  7.816906E-15
6877.32007766679  8.278133E-15
6878.26709270757  9.005031E-15
6879.21410774835  9.385009E-15
6880.16112278913  9.378711E-15
6881.10813782991  9.499128E-15
6882.05515287069  9.472856E-15
6883.00216791147  9.171091E-15
6883.94918295225  8.864201E-15
6884.89619799303  8.763636E-15
6885.84321303381  8.708856E-15
6886.7902280746  8.691479E-15
6887.73724311538  8.742662E-15
6888.68425815616  8.806490E-15
6889.63127319694  8.634089E-15
6890.57828823772  8.329796E-15
6891.5253032785  8.289737E-15
6892.47231831928  8.360441E-15
6893.41933336006  8.494262E-15
6894.36634840084  8.670289E-15
6895.31336344162  8.962427E-15
6896.2603784824  9.140859E-15
6897.20739352318  8.890037E-15
6898.15440856397  8.688726E-15
6899.10142360475  8.967650E-15
6900.04843864553  9.188235E-15
6900.99545368631  9.045904E-15
6901.94246872709  9.273872E-15
6902.88948376787  9.224608E-15
6903.83649880865  8.838846E-15
6904.78351384943  8.914415E-15
6905.73052889021  9.351005E-15
6906.67754393099  9.439416E-15
6907.62455897177  9.012172E-15
6908.57157401255  8.967295E-15
6909.51858905333  9.334156E-15
6910.46560409412  9.340348E-15
6911.4126191349  9.447920E-15
6912.35963417568  9.630024E-15
6913.30664921646  9.522610E-15
6914.25366425724  9.484082E-15
6915.20067929802  9.426725E-15
6916.1476943388  9.313405E-15
6917.09470937958  9.149797E-15
6918.04172442036  9.462823E-15
6918.98873946114  9.767026E-15
6919.93575450192  9.236789E-15
6920.8827695427  9.182836E-15
6921.82978458349  9.539710E-15
6922.77679962426  9.676178E-15
6923.72381466505  9.768883E-15
6924.67082970583  9.441509E-15
6925.61784474661  9.316618E-15
6926.56485978739  9.550122E-15
6927.51187482817  9.367819E-15
6928.45888986895  9.515506E-15
6929.40590490973  9.569226E-15
6930.35291995051  9.551678E-15
6931.29993499129  9.647543E-15
6932.24695003207  9.725759E-15
6933.19396507286  9.505555E-15
6934.14098011364  9.502027E-15
6935.08799515442  9.741636E-15
6936.0350101952  9.636950E-15
6936.98202523598  9.791695E-15
6937.92904027676  9.467950E-15
6938.87605531754  9.379502E-15
6939.82307035832  9.554024E-15
6940.7700853991  9.281567E-15
6941.71710043988  9.603309E-15
6942.66411548066  9.900827E-15
6943.61113052144  9.602127E-15
6944.55814556222  9.344511E-15
6945.505160603  9.652506E-15
6946.45217564379  9.770537E-15
6947.39919068457  9.615886E-15
6948.34620572535  9.251739E-15
6949.29322076613  9.448159E-15
6950.24023580691  9.895775E-15
6951.18725084769  9.397395E-15
6952.13426588847  9.782908E-15
6953.08128092925  1.019914E-14
6954.02829597003  9.794193E-15
6954.97531101081  9.339035E-15
6955.92232605159  9.679499E-15
6956.86934109238  9.526554E-15
6957.81635613316  9.419003E-15
6958.76337117394  9.567798E-15
6959.71038621472  9.283623E-15
6960.6574012555  9.293087E-15
6961.60441629628  9.544343E-15
6962.55143133706  9.801326E-15
6963.49844637784  1.000714E-14
6964.44546141862  9.903233E-15
6965.3924764594  9.699124E-15
6966.33949150018  9.625915E-15
6967.28650654096  1.012178E-14
6968.23352158174  9.959369E-15
6969.18053662252  9.681641E-15
6970.12755166331  9.704794E-15
6971.07456670409  9.901010E-15
6972.02158174487  9.825123E-15
6972.96859678565  9.724967E-15
6973.91561182643  9.571554E-15
6974.86262686721  9.936783E-15
6975.80964190799  9.986726E-15
6976.75665694877  9.734408E-15
6977.70367198955  1.023828E-14
6978.65068703033  1.004654E-14
6979.59770207111  9.499580E-15
6980.54471711189  9.578299E-15
6981.49173215267  9.770947E-15
6982.43874719346  9.803082E-15
6983.38576223424  9.888843E-15
6984.33277727502  1.005195E-14
6985.2797923158  9.957571E-15
6986.22680735658  9.739525E-15
6987.17382239736  9.542975E-15
6988.12083743814  9.677355E-15
6989.06785247892  9.616689E-15
6990.0148675197  9.683434E-15
6990.96188256048  9.534067E-15
6991.90889760126  9.674038E-15
6992.85591264204  9.597274E-15
6993.80292768282  9.296608E-15
6994.74994272361  9.258599E-15
6995.69695776439  9.573968E-15
6996.64397280517  9.555588E-15
6997.59098784595  9.384846E-15
6998.53800288673  9.501483E-15
6999.48501792751  9.873580E-15
7000.43203296829  9.839398E-15
7001.37904800907  9.419939E-15
7002.32606304985  9.153772E-15
7003.27307809063  9.348642E-15
7004.22009313141  9.329104E-15
7005.16710817219  9.091795E-15
7006.11412321298  9.025604E-15
7007.06113825376  9.757685E-15
7008.00815329454  9.923678E-15
7008.95516833532  9.809528E-15
7009.9021833761  9.596272E-15
7010.84919841688  9.619871E-15
7011.79621345766  9.539526E-15
7012.74322849844  9.363278E-15
7013.69024353922  9.408034E-15
7014.63725858  9.684996E-15
7015.58427362078  9.802340E-15
7016.53128866156  9.643007E-15
7017.47830370235  9.596049E-15
7018.42531874313  9.397321E-15
7019.37233378391  9.372775E-15
7020.31934882469  9.481520E-15
7021.26636386547  9.206123E-15
7022.21337890625  9.543008E-15
