6053.4174804688  5.867751E-15
6054.36450266913  6.355595E-15
6055.31152486946  6.977504E-15
6056.25854706979  6.763337E-15
6057.20556927012  6.526154E-15
6058.15259147045  6.766956E-15
6059.09961367078  6.809054E-15
6060.04663587111  6.915798E-15
6060.99365807144  6.611215E-15
6061.94068027177  7.066997E-15
6062.8877024721  7.189327E-15
6063.83472467243  7.363647E-15
6064.78174687276  7.151082E-15
6065.72876907309  6.677921E-15
6066.67579127342  7.177745E-15
6067.62281347375  6.975891E-15
6068.56983567408  6.369413E-15
6069.51685787441  6.777083E-15
6070.46388007474  6.797280E-15
6071.41090227507  7.163070E-15
6072.3579244754  7.195644E-15
6073.30494667573  6.795196E-15
6074.25196887606  6.472240E-15
6075.19899107639  6.559726E-15
6076.14601327672  7.083880E-15
6077.09303547705  7.192881E-15
6078.04005767738  7.352690E-15
6078.98707987771  7.300693E-15
6079.93410207804  6.957719E-15
6080.88112427837  7.199358E-15
6081.8281464787  7.335757E-15
6082.77516867903  7.247559E-15
6083.72219087936  7.361912E-15
6084.66921307969  7.239856E-15
6085.61623528002  6.950130E-15
6086.56325748035  7.356762E-15
6087.51027968068  7.506896E-15
6088.45730188101  7.177088E-15
6089.40432408134  6.927614E-15
6090.35134628167  6.854468E-15
6091.298368482  6.533640E-15
6092.24539068233  6.900670E-15
6093.19241288266  6.824674E-15
6094.13943508299  6.938611E-15
6095.08645728332  6.772011E-15
6096.03347948365  6.737976E-15
6096.98050168398  7.163253E-15
6097.92752388431  7.027432E-15
6098.87454608464  6.780596E-15
6099.82156828496  6.589820E-15
6100.7685904853  6.965551E-15
6101.71561268563  6.675462E-15
6102.66263488596  6.497683E-15
6103.60965708628  6.786497E-15
6104.55667928662  6.808480E-15
6105.50370148695  6.674083E-15
6106.45072368728  6.429603E-15
6107.3977458876  6.671359E-15
6108.34476808793  6.941802E-15
6109.29179028826  7.225885E-15
6110.23881248859  6.986542E-15
6111.18583468892  6.692112E-15
6112.13285688925  6.503760E-15
6113.07987908959  7.098227E-15
6114.02690128992  6.809012E-15
6114.97392349025  6.401794E-15
6115.92094569057  6.510815E-15
6116.8679678909  6.572711E-15
6117.81499009124  6.775668E-15
6118.76201229156  7.229163E-15
6119.70903449189  6.999287E-15
6120.65605669222  7.143484E-15
6121.60307889255  6.505138E-15
6122.55010109288  6.557397E-15
6123.49712329321  7.307090E-15
6124.44414549354  7.450971E-15
6125.39116769387  7.118340E-15
6126.3381898942  7.293858E-15
6127.28521209453  7.229119E-15
6128.23223429486  6.860195E-15
6129.17925649519  6.857985E-15
6130.12627869552  6.749896E-15
6131.07330089585  6.862023E-15
6132.02032309618  6.892151E-15
6132.96734529651  6.791187E-15
6133.91436749684  7.123510E-15
6134.86138969717  7.408994E-15
6135.8084118975  7.287632E-15
6136.75543409783  6.966478E-15
6137.70245629816  7.036639E-15
6138.64947849849  6.871399E-15
6139.59650069882  7.079687E-15
6140.54352289915  7.386232E-15
6141.49054509948  7.290304E-15
6142.43756729981  7.034420E-15
6143.38458950014  7.082015E-15
6144.33161170047  7.119403E-15
6145.2786339008  7.092262E-15
6146.22565610113  6.503794E-15
6147.17267830146  6.844047E-15
6148.11970050179  7.382426E-15
6149.06672270212  7.103876E-15
6150.01374490245  6.982592E-15
6150.96076710278  7.097561E-15
6151.90778930311  7.041018E-15
6152.85481150344  7.076923E-15
6153.80183370377  6.798454E-15
6154.7488559041  6.999055E-15
6155.69587810443  7.033773E-15
6156.64290030476  7.048010E-15
6157.58992250509  6.725689E-15
6158.53694470542  6.646611E-15
6159.48396690575  7.000295E-15
6160.43098910608  7.266929E-15
6161.37801130641  7.674766E-15
6162.32503350674  6.847735E-15
6163.27205570707  6.687146E-15
6164.2190779074  6.627171E-15
6165.16610010773  6.437421E-15
6166.11312230806  6.952147E-15
6167.06014450839  6.910101E-15
6168.00716670872  6.735490E-15
6168.95418890905  6.781170E-15
6169.90121110938  6.612724E-15
6170.84823330971  6.942728E-15
6171.79525551004  7.256356E-15
6172.74227771037  7.119412E-15
6173.6892999107  6.551599E-15
6174.63632211103  4.501136E-15
6175.58334431136  5.534972E-15
6176.53036651169  7.107133E-15
6177.47738871202  6.680066E-15
6178.42441091235  6.605656E-15
6179.37143311268  6.667073E-15
6180.31845531301  6.727965E-15
6181.26547751334  6.993933E-15
6182.21249971367  7.240447E-15
6183.159521914  6.744221E-15
6184.10654411433  6.699957E-15
6185.05356631466  6.673511E-15
6186.00058851499  6.471233E-15
6186.94761071532  6.840344E-15
6187.89463291565  6.983953E-15
6188.84165511598  7.153684E-15
6189.78867731631  7.224410E-15
6190.73569951664  7.156736E-15
6191.68272171697  7.074990E-15
6192.6297439173  7.098993E-15
6193.57676611763  7.296344E-15
6194.52378831796  7.270752E-15
6195.47081051829  7.393170E-15
6196.41783271862  6.995938E-15
6197.36485491895  6.472709E-15
6198.31187711928  6.784063E-15
6199.25889931961  6.857166E-15
6200.20592151994  7.290860E-15
6201.15294372027  7.373025E-15
6202.09996592059  7.079535E-15
6203.04698812093  7.065779E-15
6203.99401032126  6.938475E-15
6204.94103252159  6.874773E-15
6205.88805472192  7.201349E-15
6206.83507692225  7.249609E-15
6207.78209912258  6.947611E-15
6208.72912132291  6.583819E-15
6209.67614352324  6.291440E-15
6210.62316572357  6.775918E-15
6211.5701879239  7.352996E-15
6212.51721012423  6.941021E-15
6213.46423232456  7.117488E-15
6214.41125452489  7.273522E-15
6215.35827672522  6.734113E-15
6216.30529892554  6.958306E-15
6217.25232112587  6.774966E-15
6218.1993433262  6.621672E-15
6219.14636552653  7.178625E-15
6220.09338772686  6.830120E-15
6221.04040992719  7.099059E-15
6221.98743212752  7.327162E-15
6222.93445432785  7.480197E-15
6223.88147652818  7.036656E-15
6224.82849872851  7.229056E-15
6225.77552092884  6.824300E-15
6226.72254312917  6.558413E-15
6227.6695653295  7.143507E-15
6228.61658752983  7.260212E-15
6229.56360973016  6.972519E-15
6230.51063193049  7.244183E-15
6231.45765413082  7.117664E-15
6232.40467633115  6.854047E-15
6233.35169853148  7.203959E-15
6234.29872073181  7.705690E-15
6235.24574293214  7.465218E-15
6236.19276513247  7.715505E-15
6237.1397873328  6.919719E-15
6238.08680953313  6.755215E-15
6239.03383173346  7.068122E-15
6239.98085393379  6.845816E-15
6240.92787613412  6.931167E-15
6241.87489833445  6.869922E-15
6242.82192053478  6.710669E-15
6243.76894273511  7.013165E-15
6244.71596493544  7.101514E-15
6245.66298713577  6.604865E-15
6246.6100093361  7.266547E-15
6247.55703153643  7.227214E-15
6248.50405373676  7.035752E-15
6249.45107593709  7.280925E-15
6250.39809813742  7.355599E-15
6251.34512033775  6.919072E-15
6252.29214253808  7.426312E-15
6253.23916473841  7.362953E-15
6254.18618693874  7.178769E-15
6255.13320913907  6.416265E-15
6256.0802313394  6.385922E-15
6257.02725353973  7.246019E-15
6257.97427574006  7.592764E-15
6258.92129794039  6.872903E-15
6259.86832014072  7.234033E-15
6260.81534234105  7.523020E-15
6261.76236454138  7.169718E-15
6262.70938674171  7.136291E-15
6263.65640894204  7.238518E-15
6264.60343114237  7.664129E-15
6265.5504533427  7.610696E-15
6266.49747554303  7.206624E-15
6267.44449774336  7.011582E-15
6268.39151994369  7.155041E-15
6269.33854214402  7.477969E-15
6270.28556434435  7.720482E-15
6271.23258654468  7.006873E-15
6272.17960874501  6.955693E-15
6273.12663094534  7.043495E-15
6274.07365314567  6.728385E-15
6275.020675346  6.831623E-15
6275.96769754633  6.923021E-15
6276.91471974666  6.904267E-15
6277.86174194699  7.069812E-15
6278.80876414732  6.504500E-15
6279.75578634765  6.326377E-15
6280.70280854798  6.982558E-15
6281.64983074831  7.147845E-15
6282.59685294864  6.597670E-15
6283.54387514897  6.638101E-15
6284.4908973493  6.560196E-15
6285.43791954963  6.903832E-15
6286.38494174996  6.968864E-15
6287.33196395029  7.231665E-15
6288.27898615062  7.730432E-15
6289.22600835095  7.069024E-15
6290.17303055128  6.785263E-15
6291.12005275161  7.282075E-15
6292.06707495194  7.392633E-15
6293.01409715227  7.307214E-15
6293.9611193526  7.216379E-15
6294.90814155293  7.466024E-15
6295.85516375326  7.378508E-15
6296.80218595359  6.801168E-15
6297.74920815392  6.872877E-15
6298.69623035425  7.518222E-15
6299.64325255458  6.984001E-15
6300.59027475491  6.785439E-15
6301.53729695524  7.549113E-15
6302.48431915557  7.434545E-15
6303.4313413559  7.117929E-15
6304.37836355623  7.210409E-15
6305.32538575656  7.065812E-15
6306.27240795689  7.510348E-15
6307.21943015722  8.044701E-15
6308.16645235755  7.797563E-15
6309.11347455788  7.694550E-15
6310.06049675821  7.518181E-15
6311.00751895854  7.348027E-15
6311.95454115886  7.314567E-15
6312.9015633592  7.305979E-15
6313.84858555953  7.362759E-15
6314.79560775986  7.786285E-15
6315.74262996019  7.363131E-15
6316.68965216051  7.131188E-15
6317.63667436085  7.145445E-15
6318.58369656118  6.799645E-15
6319.53071876151  7.008273E-15
6320.47774096184  7.447537E-15
6321.42476316217  7.513642E-15
6322.37178536249  8.203048E-15
6323.31880756282  7.174174E-15
6324.26582976315  6.871287E-15
6325.21285196348  7.383864E-15
6326.15987416381  7.323095E-15
6327.10689636414  7.088238E-15
6328.05391856447  7.221614E-15
6329.0009407648  7.318538E-15
6329.94796296513  7.092650E-15
6330.89498516546  7.007333E-15
6331.84200736579  6.729447E-15
6332.78902956612  7.287925E-15
6333.73605176645  7.004032E-15
6334.68307396678  7.246901E-15
6335.63009616711  7.099693E-15
6336.57711836744  7.302136E-15
6337.52414056777  7.676831E-15
6338.4711627681  7.311935E-15
6339.41818496843  7.452005E-15
6340.36520716876  7.669099E-15
6341.31222936909  7.410362E-15
6342.25925156942  7.597516E-15
6343.20627376975  7.505664E-15
6344.15329597008  7.422653E-15
6345.10031817041  7.210872E-15
6346.04734037074  7.036476E-15
6346.99436257107  7.603301E-15
6347.9413847714  7.985209E-15
6348.88840697173  7.920439E-15
6349.83542917206  7.258163E-15
6350.78245137239  7.169807E-15
6351.72947357272  8.053872E-15
6352.67649577305  7.872512E-15
6353.62351797338  7.373732E-15
6354.57054017371  7.956142E-15
6355.51756237404  7.206822E-15
6356.46458457437  7.455609E-15
6357.4116067747  7.481226E-15
6358.35862897503  7.635134E-15
6359.30565117536  7.408494E-15
6360.25267337569  7.406264E-15
6361.19969557602  6.849614E-15
6362.14671777635  7.407406E-15
6363.09373997668  7.304355E-15
6364.04076217701  7.262097E-15
6364.98778437734  7.418590E-15
6365.93480657767  7.809307E-15
6366.881828778  7.280977E-15
6367.82885097833  7.057989E-15
6368.77587317866  6.837602E-15
6369.72289537899  6.849019E-15
6370.66991757932  7.397795E-15
6371.61693977965  7.815696E-15
6372.56396197998  7.502717E-15
6373.51098418031  7.263478E-15
6374.45800638064  7.307551E-15
6375.40502858097  7.419192E-15
6376.3520507813  7.890409E-15
6377.29907298163  7.762418E-15
6378.24609518196  7.120726E-15
6379.19311738229  7.615478E-15
6380.14013958262  7.755645E-15
6381.08716178295  7.491872E-15
6382.03418398328  7.805105E-15
6382.98120618361  8.008292E-15
6383.92822838394  7.778863E-15
6384.87525058427  7.456374E-15
6385.8222727846  7.115674E-15
6386.76929498493  7.028385E-15
6387.71631718526  7.684141E-15
6388.66333938559  7.890747E-15
6389.61036158592  7.320340E-15
6390.55738378625  7.151791E-15
6391.50440598658  7.891591E-15
6392.45142818691  7.931835E-15
6393.39845038724  7.554495E-15
6394.34547258757  7.259054E-15
6395.2924947879  7.274901E-15
6396.23951698823  7.506342E-15
6397.18653918856  7.706988E-15
6398.13356138889  7.069761E-15
6399.08058358922  7.206325E-15
6400.02760578955  7.497992E-15
6400.97462798988  7.811637E-15
6401.92165019021  7.666189E-15
6402.86867239054  7.464639E-15
6403.81569459087  7.311623E-15
6404.7627167912  6.998921E-15
6405.70973899153  6.902720E-15
6406.65676119186  7.450721E-15
6407.60378339219  7.703933E-15
6408.55080559251  6.793513E-15
6409.49782779285  6.984726E-15
6410.44484999317  7.487768E-15
6411.39187219351  7.423939E-15
6412.33889439384  7.606206E-15
6413.28591659417  7.786371E-15
6414.2329387945  7.173678E-15
6415.17996099483  6.729268E-15
6416.12698319516  7.212635E-15
6417.07400539549  7.434866E-15
6418.02102759582  7.631352E-15
6418.96804979615  7.625152E-15
6419.91507199648  7.149384E-15
6420.8620941968  7.560069E-15
6421.80911639714  7.520462E-15
6422.75613859747  7.731345E-15
6423.70316079779  7.433493E-15
6424.65018299812  6.982171E-15
6425.59720519845  7.220374E-15
6426.54422739878  7.567730E-15
6427.49124959911  7.411680E-15
6428.43827179944  7.417234E-15
6429.38529399977  7.684435E-15
6430.3323162001  7.489990E-15
6431.27933840044  7.485473E-15
6432.22636060076  7.528858E-15
6433.17338280109  7.543393E-15
6434.12040500142  7.423391E-15
6435.06742720175  7.863352E-15
6436.01444940208  7.834052E-15
6436.96147160241  7.403810E-15
6437.90849380274  7.601529E-15
6438.85551600307  7.519206E-15
6439.8025382034  7.244940E-15
6440.74956040373  7.072648E-15
6441.69658260406  7.171559E-15
6442.64360480439  7.786023E-15
6443.59062700472  7.855207E-15
6444.53764920505  7.607563E-15
6445.48467140538  7.778597E-15
6446.43169360571  7.971998E-15
6447.37871580604  7.983574E-15
6448.32573800637  7.510605E-15
6449.2727602067  7.495057E-15
6450.21978240703  7.789860E-15
6451.16680460736  7.580447E-15
6452.11382680769  7.530763E-15
6453.06084900802  7.638757E-15
6454.00787120835  7.556275E-15
6454.95489340868  7.616518E-15
6455.90191560901  7.674493E-15
6456.84893780934  7.792265E-15
6457.79596000967  8.060468E-15
6458.74298221  7.974521E-15
6459.69000441033  7.552310E-15
6460.63702661066  7.678926E-15
6461.58404881099  7.776471E-15
6462.53107101132  7.716429E-15
6463.47809321165  8.066040E-15
6464.42511541198  8.041801E-15
6465.37213761231  7.832559E-15
6466.31915981264  8.151095E-15
6467.26618201297  8.296373E-15
6468.2132042133  7.461744E-15
6469.16022641363  7.483029E-15
6470.10724861396  7.963409E-15
6471.05427081429  7.530864E-15
6472.00129301462  7.331062E-15
6472.94831521495  7.446344E-15
6473.89533741528  7.158589E-15
6474.84235961561  7.186636E-15
6475.78938181594  7.412350E-15
6476.73640401627  7.300354E-15
6477.6834262166  7.292297E-15
6478.63044841693  7.575126E-15
6479.57747061726  7.538980E-15
6480.52449281759  7.359657E-15
6481.47151501792  7.437247E-15
6482.41853721825  7.702904E-15
6483.36555941858  7.704516E-15
6484.31258161891  7.929429E-15
6485.25960381924  7.591036E-15
6486.20662601957  7.058556E-15
6487.1536482199  7.391822E-15
6488.10067042023  7.527513E-15
6489.04769262056  7.189689E-15
6489.99471482089  7.491720E-15
6490.94173702122  7.823243E-15
6491.88875922155  7.582474E-15
6492.83578142188  7.769148E-15
6493.78280362221  8.119758E-15
6494.72982582254  7.908305E-15
6495.67684802287  7.438348E-15
6496.6238702232  7.693860E-15
6497.57089242353  7.951136E-15
6498.51791462386  7.821733E-15
6499.46493682419  7.520006E-15
6500.41195902452  7.466549E-15
6501.35898122485  7.675292E-15
6502.30600342518  8.054058E-15
6503.25302562551  8.000713E-15
6504.20004782584  7.837005E-15
6505.14707002617  7.652096E-15
6506.0940922265  7.841890E-15
6507.04111442683  8.084115E-15
6507.98813662716  7.774672E-15
6508.93515882749  7.411608E-15
6509.88218102782  7.699783E-15
6510.82920322815  7.609770E-15
6511.77622542848  7.261136E-15
6512.72324762881  7.228764E-15
6513.67026982914  7.677895E-15
6514.61729202947  7.908186E-15
6515.5643142298  7.801755E-15
6516.51133643013  7.423870E-15
6517.45835863046  7.337620E-15
6518.40538083079  7.433786E-15
6519.35240303112  7.675778E-15
6520.29942523145  7.332222E-15
6521.24644743178  7.274971E-15
6522.19346963211  7.951078E-15
6523.14049183243  8.324040E-15
6524.08751403276  8.278028E-15
6525.0345362331  8.099577E-15
6525.98155843342  8.239465E-15
6526.92858063376  8.366759E-15
6527.87560283409  8.243580E-15
6528.82262503442  8.142425E-15
6529.76964723475  8.417799E-15
6530.71666943508  8.630509E-15
6531.66369163541  8.590884E-15
6532.61071383574  8.577319E-15
6533.55773603606  8.598041E-15
6534.50475823639  8.914804E-15
6535.45178043673  9.151838E-15
6536.39880263706  8.993203E-15
6537.34582483738  8.808383E-15
6538.29284703772  9.078597E-15
6539.23986923804  9.474855E-15
6540.18689143837  9.669092E-15
6541.1339136387  9.025892E-15
6542.08093583903  8.929599E-15
6543.02795803936  9.687340E-15
6543.97498023969  1.009547E-14
6544.92200244002  1.015344E-14
6545.86902464035  1.066619E-14
6546.81604684069  1.189649E-14
6547.76306904101  1.259822E-14
6548.71009124134  1.320987E-14
6549.65711344167  1.347570E-14
6550.604135642  1.403957E-14
6551.55115784233  1.409814E-14
6552.49818004266  1.478491E-14
6553.44520224299  1.520863E-14
6554.39222444332  1.491197E-14
6555.33924664365  1.537132E-14
6556.28626884398  1.603145E-14
6557.23329104431  1.681732E-14
6558.18031324464  1.733807E-14
6559.12733544497  1.766863E-14
6560.0743576453  1.715351E-14
6561.02137984563  1.656717E-14
6561.96840204596  1.667699E-14
6562.91542424629  1.648532E-14
6563.86244644662  1.626270E-14
6564.80946864695  1.681786E-14
6565.75649084728  1.730236E-14
6566.70351304761  1.717504E-14
6567.65053524794  1.742011E-14
6568.59755744827  1.825115E-14
6569.5445796486  1.851965E-14
6570.49160184893  1.792431E-14
6571.43862404926  1.707601E-14
6572.38564624959  1.646145E-14
6573.33266844992  1.556286E-14
6574.27969065025  1.360021E-14
6575.22671285058  1.291679E-14
6576.17373505091  1.218116E-14
6577.12075725124  1.059473E-14
6578.06777945157  1.005450E-14
6579.0148016519  9.752193E-15
6579.96182385223  9.189960E-15
6580.90884605256  8.756954E-15
6581.85586825289  8.242102E-15
6582.80289045322  8.757239E-15
6583.74991265355  8.417429E-15
6584.69693485388  8.516772E-15
6585.64395705421  9.042634E-15
6586.59097925454  8.588811E-15
6587.53800145487  8.414081E-15
6588.4850236552  8.503534E-15
6589.43204585553  8.143549E-15
6590.37906805586  8.016106E-15
6591.32609025619  7.754619E-15
6592.27311245652  7.688460E-15
6593.22013465685  8.342594E-15
6594.16715685718  8.137436E-15
6595.11417905751  7.913722E-15
6596.06120125784  7.952290E-15
6597.00822345817  7.924600E-15
6597.9552456585  7.761775E-15
6598.90226785883  7.535795E-15
6599.84929005916  7.453195E-15
6600.79631225949  7.708013E-15
6601.74333445982  7.905433E-15
6602.69035666015  7.900960E-15
6603.63737886048  7.556274E-15
6604.58440106081  7.164785E-15
6605.53142326114  7.308321E-15
6606.47844546147  7.461213E-15
6607.4254676618  7.296945E-15
6608.37248986213  7.765823E-15
6609.31951206246  7.974537E-15
6610.26653426279  7.812687E-15
6611.21355646312  7.283450E-15
6612.16057866345  7.140456E-15
6613.10760086378  6.850124E-15
6614.05462306411  6.583307E-15
6615.00164526444  7.043972E-15
6615.94866746477  7.325000E-15
6616.8956896651  7.401508E-15
6617.84271186543  7.400679E-15
6618.78973406576  7.857826E-15
6619.73675626609  7.649099E-15
6620.68377846642  7.315928E-15
6621.63080066675  7.185715E-15
6622.57782286708  7.596148E-15
6623.52484506741  7.860097E-15
6624.47186726774  7.959802E-15
6625.41888946807  7.842911E-15
6626.3659116684  7.617034E-15
6627.31293386873  7.596584E-15
6628.25995606906  7.514048E-15
6629.20697826939  7.638348E-15
6630.15400046972  7.427396E-15
6631.10102267005  7.653384E-15
6632.04804487038  8.011019E-15
6632.99506707071  7.994498E-15
6633.94208927104  7.484456E-15
6634.88911147136  7.365216E-15
6635.83613367169  7.810718E-15
6636.78315587202  8.455855E-15
6637.73017807235  7.956059E-15
6638.67720027269  7.567337E-15
6639.62422247302  7.802176E-15
6640.57124467334  7.867052E-15
6641.51826687368  7.474931E-15
6642.465289074  7.234762E-15
6643.41231127433  7.327640E-15
6644.35933347466  7.477000E-15
6645.30635567499  7.527534E-15
6646.25337787532  7.722105E-15
6647.20040007565  8.393720E-15
6648.14742227598  8.163355E-15
6649.09444447631  7.393566E-15
6650.04146667664  7.871672E-15
6650.98848887697  7.589292E-15
6651.9355110773  7.502748E-15
6652.88253327763  7.341024E-15
6653.82955547796  7.745279E-15
6654.77657767829  7.168080E-15
6655.72359987862  7.317351E-15
6656.67062207895  7.750130E-15
6657.61764427928  7.708197E-15
6658.56466647961  7.668755E-15
6659.51168867994  7.609987E-15
6660.45871088027  7.491685E-15
6661.4057330806  7.601469E-15
6662.35275528093  7.777053E-15
6663.29977748126  8.068411E-15
6664.24679968159  8.831264E-15
6665.19382188192  8.255115E-15
6666.14084408225  7.962255E-15
6667.08786628258  8.894912E-15
6668.03488848291  9.207842E-15
6668.98191068324  9.362962E-15
6669.92893288357  9.001062E-15
6670.8759550839  9.145399E-15
6671.82297728423  8.525020E-15
6672.76999948456  8.555893E-15
6673.71702168489  8.455863E-15
6674.66404388522  8.645290E-15
6675.61106608555  8.967429E-15
6676.55808828588  8.580209E-15
6677.50511048621  9.178633E-15
6678.45213268654  8.931329E-15
6679.39915488687  8.178945E-15
6680.3461770872  8.250375E-15
6681.29319928753  8.726444E-15
6682.24022148786  8.842602E-15
6683.18724368819  8.479619E-15
6684.13426588852  8.400863E-15
6685.08128808885  8.403038E-15
6686.02831028918  8.602546E-15
6686.97533248951  8.325277E-15
6687.92235468984  8.405693E-15
6688.86937689017  8.592326E-15
6689.8163990905  8.034240E-15
6690.76342129083  8.434792E-15
6691.71044349116  8.235448E-15
6692.65746569149  7.679856E-15
6693.60448789182  7.718473E-15
6694.55151009215  8.071877E-15
6695.49853229248  8.273327E-15
6696.44555449281  8.109007E-15
6697.39257669314  7.669307E-15
6698.33959889347  7.611539E-15
6699.2866210938  7.599290E-15
6700.23364329413  7.797413E-15
6701.18066549446  7.512157E-15
6702.12768769479  7.416665E-15
6703.07470989512  7.656504E-15
6704.02173209545  7.699485E-15
6704.96875429578  7.619140E-15
6705.91577649611  7.722566E-15
6706.86279869644  7.367365E-15
6707.80982089677  7.235618E-15
6708.7568430971  7.982309E-15
6709.70386529743  8.345773E-15
6710.65088749776  8.478188E-15
6711.59790969809  8.402599E-15
6712.54493189842  8.305126E-15
6713.49195409875  7.882412E-15
6714.43897629908  8.147173E-15
6715.38599849941  7.931690E-15
6716.33302069974  7.800786E-15
6717.28004290007  7.700112E-15
6718.2270651004  7.644840E-15
6719.17408730073  7.834738E-15
6720.12110950106  7.763878E-15
6721.06813170139  7.368927E-15
6722.01515390172  7.689819E-15
6722.96217610205  7.849024E-15
6723.90919830238  7.550128E-15
6724.85622050271  7.525186E-15
6725.80324270304  7.704220E-15
6726.75026490337  7.547934E-15
6727.6972871037  7.602242E-15
6728.64430930403  7.618326E-15
6729.59133150436  8.078722E-15
6730.53835370469  7.960300E-15
6731.48537590502  7.451470E-15
6732.43239810535  7.254978E-15
6733.37942030568  7.173054E-15
6734.32644250601  7.279898E-15
6735.27346470634  7.558117E-15
6736.22048690666  7.571563E-15
6737.16750910699  7.773487E-15
6738.11453130733  8.152200E-15
6739.06155350766  7.845508E-15
6740.00857570798  7.538506E-15
6740.95559790831  7.402535E-15
6741.90262010864  7.064112E-15
6742.84964230897  7.329020E-15
6743.7966645093  7.728479E-15
6744.74368670963  7.500773E-15
6745.69070890996  7.525608E-15
6746.6377311103  7.816509E-15
6747.58475331062  8.231153E-15
6748.53177551095  8.256552E-15
6749.47879771128  8.366943E-15
6750.42581991161  8.057254E-15
6751.37284211194  7.717216E-15
6752.31986431227  7.680870E-15
6753.2668865126  7.839774E-15
6754.21390871293  8.223830E-15
6755.16093091326  7.770808E-15
6756.10795311359  7.513912E-15
6757.05497531392  7.682373E-15
6758.00199751425  8.021622E-15
6758.94901971458  7.628086E-15
6759.89604191491  7.453991E-15
6760.84306411524  7.237933E-15
6761.79008631557  6.966329E-15
6762.7371085159  7.140586E-15
6763.68413071623  7.660054E-15
6764.63115291656  8.002838E-15
6765.57817511689  7.726375E-15
6766.52519731722  7.894879E-15
6767.47221951755  7.904110E-15
6768.41924171788  7.790752E-15
6769.36626391821  7.855639E-15
6770.31328611854  8.029744E-15
6771.26030831887  7.905401E-15
6772.2073305192  7.909594E-15
6773.15435271953  7.789168E-15
6774.10137491986  7.398140E-15
6775.04839712019  7.889623E-15
6775.99541932052  7.956535E-15
6776.94244152085  7.911948E-15
6777.88946372118  7.851251E-15
6778.83648592151  7.776925E-15
6779.78350812184  7.825502E-15
6780.73053032217  7.948839E-15
6781.6775525225  8.218013E-15
6782.62457472283  7.828129E-15
6783.57159692316  7.625167E-15
6784.51861912349  7.389102E-15
6785.46564132382  7.725524E-15
6786.41266352415  7.598636E-15
6787.35968572448  7.837188E-15
6788.30670792481  7.454519E-15
6789.25373012514  6.965631E-15
6790.20075232547  7.085033E-15
6791.1477745258  7.297855E-15
6792.09479672613  7.199069E-15
6793.04181892646  7.979677E-15
6793.98884112679  8.388789E-15
6794.93586332712  8.218416E-15
6795.88288552745  7.807336E-15
6796.82990772778  7.588401E-15
6797.77692992811  7.714929E-15
6798.72395212844  8.098695E-15
6799.67097432877  8.396766E-15
6800.6179965291  8.277109E-15
6801.56501872943  8.015031E-15
6802.51204092976  7.765741E-15
6803.45906313009  7.414299E-15
6804.40608533042  7.242007E-15
6805.35310753075  7.712392E-15
6806.30012973108  8.027623E-15
6807.24715193141  7.619908E-15
6808.19417413174  7.266274E-15
6809.14119633207  7.354693E-15
6810.0882185324  7.833346E-15
6811.03524073273  7.453132E-15
6811.98226293306  7.573687E-15
6812.92928513339  7.654948E-15
6813.87630733372  7.661475E-15
6814.82332953405  7.789592E-15
6815.77035173438  7.918941E-15
6816.71737393471  7.713931E-15
6817.66439613504  7.233921E-15
6818.61141833537  7.663704E-15
6819.5584405357  7.871620E-15
6820.50546273603  7.749344E-15
6821.45248493636  7.411228E-15
6822.39950713669  6.819773E-15
6823.34652933702  6.994807E-15
6824.29355153735  7.802131E-15
6825.24057373768  7.564178E-15
6826.18759593801  7.551805E-15
6827.13461813834  7.751192E-15
6828.08164033867  7.620586E-15
6829.028662539  7.531310E-15
6829.97568473933  7.591058E-15
6830.92270693966  7.818021E-15
6831.86972913999  7.678148E-15
6832.81675134032  7.298973E-15
6833.76377354065  7.416238E-15
6834.71079574098  7.486139E-15
6835.65781794131  7.608445E-15
6836.60484014164  7.738838E-15
6837.55186234197  7.932670E-15
6838.4988845423  7.723760E-15
6839.44590674263  7.721731E-15
6840.39292894296  7.805836E-15
6841.33995114329  7.777972E-15
6842.28697334361  8.158110E-15
6843.23399554395  7.925961E-15
6844.18101774427  7.586204E-15
6845.12803994461  7.502224E-15
6846.07506214494  7.599798E-15
6847.02208434527  7.394450E-15
6847.9691065456  7.256296E-15
6848.91612874593  7.367659E-15
6849.86315094625  7.469198E-15
6850.81017314658  7.926947E-15
6851.75719534692  7.799182E-15
6852.70421754724  7.803205E-15
6853.65123974757  7.886148E-15
6854.5982619479  7.601515E-15
6855.54528414823  7.853941E-15
6856.49230634856  8.410246E-15
6857.43932854889  8.085505E-15
6858.38635074922  8.243082E-15
6859.33337294955  8.121080E-15
6860.28039514988  7.932885E-15
6861.22741735021  7.980988E-15
6862.17443955054  8.076487E-15
6863.12146175087  7.816819E-15
6864.0684839512  7.366411E-15
6865.01550615153  7.152215E-15
6865.96252835186  6.372538E-15
6866.90955055219  6.129486E-15
6867.85657275252  5.592176E-15
6868.80359495285  5.182830E-15
6869.75061715318  5.227664E-15
6870.69763935351  5.219561E-15
6871.64466155384  5.445900E-15
6872.59168375417  5.443097E-15
6873.5387059545  5.668078E-15
6874.48572815483  5.468014E-15
6875.43275035516  5.996489E-15
6876.37977255549  6.066946E-15
6877.32679475582  6.215779E-15
6878.27381695615  6.968701E-15
6879.22083915648  7.238891E-15
6880.16786135681  7.300755E-15
6881.11488355714  7.127529E-15
6882.06190575747  7.316876E-15
6883.0089279578  6.896438E-15
6883.95595015813  7.154986E-15
6884.90297235846  7.221660E-15
6885.84999455879  6.859682E-15
6886.79701675912  6.601776E-15
6887.74403895945  6.881806E-15
6888.69106115978  6.685497E-15
6889.63808336011  6.681727E-15
6890.58510556044  6.867248E-15
6891.53212776077  6.515570E-15
6892.4791499611  6.978871E-15
6893.42617216143  7.090051E-15
6894.37319436176  7.214032E-15
6895.32021656209  7.457225E-15
6896.26723876242  6.914483E-15
6897.21426096275  6.731973E-15
6898.16128316308  6.754361E-15
6899.10830536341  6.270316E-15
6900.05532756374  6.646162E-15
6901.00234976407  6.859673E-15
6901.9493719644  7.248520E-15
6902.89639416473  7.158864E-15
6903.84341636506  7.214355E-15
6904.79043856539  7.392084E-15
6905.73746076572  6.717056E-15
6906.68448296605  7.151627E-15
6907.63150516638  7.280956E-15
6908.57852736671  7.148364E-15
6909.52554956704  7.352508E-15
6910.47257176737  7.415030E-15
6911.4195939677  6.910850E-15
6912.36661616803  7.168154E-15
6913.31363836836  7.369461E-15
6914.26066056869  7.420516E-15
6915.20768276902  7.405450E-15
6916.15470496935  6.899045E-15
6917.10172716968  6.693417E-15
6918.04874937001  7.402522E-15
6918.99577157034  7.196301E-15
6919.94279377067  7.103088E-15
6920.889815971  7.756305E-15
6921.83683817133  7.882954E-15
6922.78386037166  7.429797E-15
6923.73088257199  7.591755E-15
6924.67790477232  7.703172E-15
6925.62492697265  7.189976E-15
6926.57194917298  7.199850E-15
6927.51897137331  7.196731E-15
6928.46599357364  7.185234E-15
6929.41301577397  7.429841E-15
6930.3600379743  7.829308E-15
6931.30706017463  7.602888E-15
6932.25408237496  7.466036E-15
6933.20110457529  7.468756E-15
6934.14812677562  7.789768E-15
6935.09514897595  7.397108E-15
6936.04217117628  7.113231E-15
6936.98919337661  7.880437E-15
6937.93621557694  7.669274E-15
6938.88323777727  6.991357E-15
6939.8302599776  7.006543E-15
6940.77728217793  7.210083E-15
6941.72430437826  6.845284E-15
6942.67132657859  7.352123E-15
6943.61834877892  7.904826E-15
6944.56537097925  7.666161E-15
6945.51239317958  7.782502E-15
6946.45941537991  7.741511E-15
6947.40643758024  7.689949E-15
6948.35345978057  7.466191E-15
6949.3004819809  7.410087E-15
6950.24750418123  7.551982E-15
6951.19452638155  7.712980E-15
6952.14154858188  7.664562E-15
6953.08857078221  7.496065E-15
6954.03559298254  7.556967E-15
6954.98261518287  7.743476E-15
6955.92963738321  7.470780E-15
6956.87665958353  7.943297E-15
6957.82368178386  7.660020E-15
6958.7707039842  7.306560E-15
6959.71772618452  7.862693E-15
6960.66474838486  7.889184E-15
6961.61177058518  7.629599E-15
6962.55879278551  7.405137E-15
6963.50581498584  7.241134E-15
6964.45283718618  7.403399E-15
6965.39985938651  7.565501E-15
6966.34688158683  7.939190E-15
6967.29390378716  7.798061E-15
6968.24092598749  7.695935E-15
6969.18794818782  7.716478E-15
6970.13497038815  7.834557E-15
6971.08199258848  7.595442E-15
6972.02901478881  7.223749E-15
6972.97603698914  7.302589E-15
6973.92305918947  7.532928E-15
6974.8700813898  7.770640E-15
6975.81710359013  7.375239E-15
6976.76412579046  7.142204E-15
6977.71114799079  7.885529E-15
6978.65817019112  8.139527E-15
6979.60519239145  7.710757E-15
6980.55221459178  7.665525E-15
6981.49923679211  7.586854E-15
6982.44625899244  7.632863E-15
6983.39328119277  7.734574E-15
6984.3403033931  7.574990E-15
6985.28732559343  7.912860E-15
6986.23434779376  8.171091E-15
6987.18136999409  8.061490E-15
6988.12839219442  7.777013E-15
6989.07541439475  7.698416E-15
6990.02243659508  7.747394E-15
6990.96945879541  7.666635E-15
6991.91648099574  7.355949E-15
6992.86350319607  7.444313E-15
6993.8105253964  7.364121E-15
6994.75754759673  7.610731E-15
6995.70456979706  7.871370E-15
6996.65159199739  7.791809E-15
6997.59861419772  7.655046E-15
6998.54563639805  8.188651E-15
6999.49265859838  8.147774E-15
7000.43968079871  7.956402E-15
7001.38670299904  7.775912E-15
7002.33372519937  7.884066E-15
7003.2807473997  7.835378E-15
7004.22776960003  7.867673E-15
7005.17479180036  7.814962E-15
7006.12181400069  7.037095E-15
7007.06883620102  7.221285E-15
7008.01585840135  7.464510E-15
7008.96288060168  7.707386E-15
7009.90990280201  7.761537E-15
7010.85692500234  7.485380E-15
7011.80394720267  7.419716E-15
7012.750969403  7.322674E-15
7013.69799160333  7.699653E-15
7014.64501380366  7.765547E-15
7015.59203600399  7.343572E-15
7016.53905820432  7.080299E-15
7017.48608040465  7.658509E-15
7018.43310260498  8.120982E-15
7019.38012480531  8.262173E-15
7020.32714700564  8.630807E-15
7021.27416920597  7.856593E-15
7022.2211914063  7.789727E-15
