6053.4204101563  8.193213E-15
6054.36743140202  9.253915E-15
6055.31445264775  9.619054E-15
6056.26147389347  9.636979E-15
6057.20849513919  9.690336E-15
6058.15551638492  9.573159E-15
6059.10253763064  9.549956E-15
6060.04955887636  9.742982E-15
6060.99658012209  9.018561E-15
6061.94360136781  9.463632E-15
6062.89062261353  9.964935E-15
6063.83764385926  1.009339E-14
6064.78466510498  9.352333E-15
6065.7316863507  8.794424E-15
6066.67870759643  9.042194E-15
6067.62572884215  8.985863E-15
6068.57275008787  9.006395E-15
6069.5197713336  9.122447E-15
6070.46679257932  8.940771E-15
6071.41381382504  9.302682E-15
6072.36083507077  9.816311E-15
6073.30785631649  9.490219E-15
6074.25487756222  9.068699E-15
6075.20189880794  8.871490E-15
6076.14892005366  8.932516E-15
6077.09594129938  9.375041E-15
6078.04296254511  9.843815E-15
6078.98998379083  9.760933E-15
6079.93700503655  9.547585E-15
6080.88402628228  9.294088E-15
6081.831047528  8.926551E-15
6082.77806877373  8.934213E-15
6083.72509001945  9.300722E-15
6084.67211126517  9.597174E-15
6085.61913251089  9.801423E-15
6086.56615375662  9.646785E-15
6087.51317500234  9.416259E-15
6088.46019624806  9.634328E-15
6089.40721749379  1.018291E-14
6090.35423873951  1.020900E-14
6091.30125998524  1.010761E-14
6092.24828123096  1.001207E-14
6093.19530247668  9.534105E-15
6094.14232372241  8.865240E-15
6095.08934496813  9.071108E-15
6096.03636621385  8.913400E-15
6096.98338745958  9.145318E-15
6097.9304087053  9.130069E-15
6098.87742995102  9.383021E-15
6099.82445119674  9.783866E-15
6100.77147244247  1.031881E-14
6101.71849368819  9.306763E-15
6102.66551493392  9.178247E-15
6103.61253617964  9.816222E-15
6104.55955742536  9.143069E-15
6105.50657867109  9.174849E-15
6106.45359991681  9.592926E-15
6107.40062116253  9.501996E-15
6108.34764240826  8.948091E-15
6109.29466365398  9.438858E-15
6110.2416848997  9.884162E-15
6111.18870614542  9.579252E-15
6112.13572739115  9.052483E-15
6113.08274863687  8.948126E-15
6114.0297698826  9.183016E-15
6114.97679112832  1.009908E-14
6115.92381237404  1.020889E-14
6116.87083361977  9.563316E-15
6117.81785486549  9.506296E-15
6118.76487611121  9.287848E-15
6119.71189735694  9.161196E-15
6120.65891860266  9.318713E-15
6121.60593984838  9.354592E-15
6122.5529610941  9.613531E-15
6123.49998233983  9.752652E-15
6124.44700358555  9.183186E-15
6125.39402483128  9.104076E-15
6126.341046077  9.185577E-15
6127.28806732272  9.496174E-15
6128.23508856845  9.480403E-15
6129.18210981417  9.587720E-15
6130.12913105989  9.502610E-15
6131.07615230562  9.415162E-15
6132.02317355134  9.908231E-15
6132.97019479706  9.769896E-15
6133.91721604279  9.177021E-15
6134.86423728851  9.203130E-15
6135.81125853423  9.020898E-15
6136.75827977996  9.528913E-15
6137.70530102568  9.741014E-15
6138.6523222714  9.434586E-15
6139.59934351713  1.025788E-14
6140.54636476285  1.092606E-14
6141.49338600857  1.016652E-14
6142.4404072543  9.966418E-15
6143.38742850002  9.548286E-15
6144.33444974574  9.250473E-15
6145.28147099147  9.114251E-15
6146.22849223719  8.737233E-15
6147.17551348291  8.705143E-15
6148.12253472864  9.450003E-15
6149.06955597436  1.034486E-14
6150.01657722008  9.964656E-15
6150.96359846581  9.889458E-15
6151.91061971153  1.003347E-14
6152.85764095725  1.018575E-14
6153.80466220298  1.005410E-14
6154.7516834487  9.935580E-15
6155.69870469442  9.293716E-15
6156.64572594015  1.000794E-14
6157.59274718587  1.011864E-14
6158.53976843159  9.859170E-15
6159.48678967732  9.385437E-15
6160.43381092304  9.708853E-15
6161.38083216876  9.870956E-15
6162.32785341449  9.828969E-15
6163.27487466021  9.028900E-15
6164.22189590593  9.563567E-15
6165.16891715166  9.863236E-15
6166.11593839738  1.004805E-14
6167.0629596431  9.355553E-15
6168.00998088883  9.353674E-15
6168.95700213455  9.278994E-15
6169.90402338027  9.617485E-15
6170.851044626  9.339992E-15
6171.79806587172  9.718698E-15
6172.74508711744  9.422271E-15
6173.69210836317  8.756240E-15
6174.63912960889  6.266986E-15
6175.58615085461  8.126376E-15
6176.53317210034  1.016995E-14
6177.48019334606  9.723493E-15
6178.42721459178  9.817989E-15
6179.37423583751  1.001261E-14
6180.32125708323  9.487641E-15
6181.26827832895  9.999310E-15
6182.21529957468  1.009380E-14
6183.1623208204  9.915053E-15
6184.10934206612  9.646737E-15
6185.05636331185  9.816798E-15
6186.00338455757  9.623556E-15
6186.95040580329  9.404631E-15
6187.89742704902  9.551671E-15
6188.84444829474  9.512162E-15
6189.79146954046  9.579756E-15
6190.73849078619  9.806472E-15
6191.68551203191  9.350425E-15
6192.63253327764  9.255820E-15
6193.57955452336  9.742030E-15
6194.52657576908  1.003960E-14
6195.4735970148  9.802727E-15
6196.42061826053  9.590941E-15
6197.36763950625  9.836569E-15
6198.31466075197  9.170445E-15
6199.2616819977  9.391146E-15
6200.20870324342  9.644769E-15
6201.15572448914  9.429764E-15
6202.10274573487  1.006456E-14
6203.04976698059  9.738904E-15
6203.99678822631  9.432957E-15
6204.94380947204  9.990369E-15
6205.89083071776  1.000598E-14
6206.83785196349  9.393737E-15
6207.78487320921  9.233554E-15
6208.73189445493  9.132149E-15
6209.67891570065  9.708446E-15
6210.62593694638  9.697318E-15
6211.5729581921  9.641618E-15
6212.51997943782  9.372999E-15
6213.46700068355  9.887652E-15
6214.41402192927  9.828511E-15
6215.36104317499  9.931874E-15
6216.30806442072  9.942021E-15
6217.25508566644  9.599138E-15
6218.20210691217  9.579835E-15
6219.14912815789  9.845384E-15
6220.09614940361  1.018291E-14
6221.04317064933  9.202074E-15
6221.99019189506  8.779735E-15
6222.93721314078  9.690518E-15
6223.88423438651  9.999055E-15
6224.83125563223  1.005114E-14
6225.77827687795  1.045356E-14
6226.72529812367  1.000948E-14
6227.6723193694  9.945873E-15
6228.61934061512  9.932111E-15
6229.56636186085  1.011607E-14
6230.51338310657  1.006335E-14
6231.46040435229  1.043094E-14
6232.40742559802  1.039917E-14
6233.35444684374  1.000874E-14
6234.30146808946  9.454789E-15
6235.24848933518  9.401418E-15
6236.19551058091  9.620705E-15
6237.14253182663  9.530935E-15
6238.08955307235  9.439887E-15
6239.03657431808  9.368756E-15
6239.9835955638  9.910357E-15
6240.93061680953  9.328711E-15
6241.87763805525  8.847146E-15
6242.82465930097  9.528801E-15
6243.7716805467  9.232372E-15
6244.71870179242  9.043487E-15
6245.66572303814  9.041303E-15
6246.61274428387  9.342980E-15
6247.55976552959  9.866643E-15
6248.50678677531  1.004223E-14
6249.45380802104  9.820063E-15
6250.40082926676  9.534740E-15
6251.34785051248  9.693686E-15
6252.29487175821  1.013106E-14
6253.24189300393  1.014093E-14
6254.18891424965  9.830628E-15
6255.13593549538  1.009337E-14
6256.0829567411  1.020771E-14
6257.02997798682  9.930629E-15
6257.97699923255  9.727284E-15
6258.92402047827  9.992132E-15
6259.87104172399  9.906136E-15
6260.81806296972  9.576305E-15
6261.76508421544  9.431625E-15
6262.71210546116  9.635389E-15
6263.65912670689  9.590892E-15
6264.60614795261  9.599296E-15
6265.55316919833  1.012279E-14
6266.50019044406  9.332516E-15
6267.44721168978  9.095977E-15
6268.3942329355  9.772034E-15
6269.34125418123  1.081348E-14
6270.28827542695  1.022438E-14
6271.23529667267  9.684500E-15
6272.1823179184  9.543608E-15
6273.12933916412  9.667637E-15
6274.07636040984  9.605132E-15
6275.02338165557  9.534655E-15
6275.97040290129  9.527235E-15
6276.91742414701  9.668948E-15
6277.86444539274  1.031581E-14
6278.81146663846  1.014075E-14
6279.75848788418  9.573869E-15
6280.70550912991  9.705052E-15
6281.65253037563  9.929929E-15
6282.59955162135  9.795535E-15
6283.54657286708  9.655982E-15
6284.4935941128  9.559620E-15
6285.44061535852  9.325526E-15
6286.38763660425  9.336961E-15
6287.33465784997  1.018110E-14
6288.28167909569  1.016600E-14
6289.22870034142  9.411454E-15
6290.17572158714  9.220574E-15
6291.12274283286  9.239779E-15
6292.06976407859  9.297169E-15
6293.01678532431  9.367628E-15
6293.96380657003  1.002889E-14
6294.91082781576  1.000814E-14
6295.85784906148  9.912852E-15
6296.8048703072  9.824169E-15
6297.75189155293  9.953341E-15
6298.69891279865  1.002849E-14
6299.64593404437  9.756646E-15
6300.5929552901  9.748961E-15
6301.53997653582  1.064707E-14
6302.48699778154  1.020089E-14
6303.43401902727  9.095264E-15
6304.38104027299  9.586444E-15
6305.32806151871  9.368772E-15
6306.27508276444  9.862371E-15
6307.22210401016  1.020738E-14
6308.16912525588  1.010053E-14
6309.11614650161  1.088833E-14
6310.06316774733  1.045419E-14
6311.01018899305  9.710798E-15
6311.95721023878  1.007605E-14
6312.9042314845  1.019933E-14
6313.85125273022  9.933454E-15
6314.79827397595  9.817741E-15
6315.74529522167  9.662996E-15
6316.69231646739  9.718233E-15
6317.63933771312  9.534159E-15
6318.58635895884  1.010344E-14
6319.53338020456  1.022036E-14
6320.48040145029  9.535403E-15
6321.42742269601  9.658386E-15
6322.37444394173  9.457559E-15
6323.32146518746  9.856368E-15
6324.26848643318  1.037683E-14
6325.2155076789  9.637851E-15
6326.16252892463  9.141222E-15
6327.10955017035  9.695366E-15
6328.05657141607  9.948355E-15
6329.0035926618  9.352066E-15
6329.95061390752  9.973151E-15
6330.89763515324  9.607957E-15
6331.84465639897  9.703199E-15
6332.79167764469  1.051224E-14
6333.73869889041  1.048039E-14
6334.68572013614  9.990374E-15
6335.63274138186  1.025089E-14
6336.57976262758  1.030279E-14
6337.52678387331  1.074403E-14
6338.47380511903  1.148241E-14
6339.42082636476  1.071040E-14
6340.36784761048  9.564007E-15
6341.3148688562  9.291949E-15
6342.26189010193  9.495484E-15
6343.20891134765  1.036122E-14
6344.15593259337  9.920429E-15
6345.10295383909  9.192291E-15
6346.04997508482  9.235929E-15
6346.99699633054  9.272986E-15
6347.94401757627  1.038172E-14
6348.89103882199  1.047740E-14
6349.83806006771  1.011175E-14
6350.78508131344  1.026741E-14
6351.73210255916  9.917565E-15
6352.67912380488  1.014343E-14
6353.6261450506  9.751158E-15
6354.57316629633  1.002339E-14
6355.52018754205  1.094573E-14
6356.46720878778  1.057417E-14
6357.4142300335  1.092846E-14
6358.36125127922  1.075085E-14
6359.30827252495  1.051148E-14
6360.25529377067  1.059316E-14
6361.20231501639  1.034184E-14
6362.14933626212  9.303387E-15
6363.09635750784  1.007373E-14
6364.04337875356  1.011539E-14
6364.99039999929  1.042755E-14
6365.93742124501  1.022945E-14
6366.88444249073  9.638481E-15
6367.83146373646  9.969441E-15
6368.77848498218  1.046074E-14
6369.7255062279  1.084115E-14
6370.67252747363  1.066719E-14
6371.61954871935  1.006965E-14
6372.56656996507  1.004422E-14
6373.5135912108  1.038088E-14
6374.46061245652  1.018211E-14
6375.40763370224  1.045547E-14
6376.35465494797  1.094443E-14
6377.30167619369  1.048073E-14
6378.24869743941  1.071566E-14
6379.19571868514  1.116682E-14
6380.14273993086  1.031596E-14
6381.08976117658  1.005599E-14
6382.03678242231  1.035738E-14
6382.98380366803  9.909867E-15
6383.93082491375  1.016701E-14
6384.87784615948  1.076430E-14
6385.8248674052  1.105331E-14
6386.77188865092  1.050533E-14
6387.71890989665  1.048041E-14
6388.66593114237  1.041821E-14
6389.61295238809  1.027764E-14
6390.55997363382  9.655113E-15
6391.50699487954  9.623206E-15
6392.45401612526  1.016434E-14
6393.40103737099  1.053687E-14
6394.34805861671  1.009710E-14
6395.29507986243  9.952572E-15
6396.24210110816  9.832479E-15
6397.18912235388  1.074080E-14
6398.1361435996  1.077020E-14
6399.08316484533  9.515031E-15
6400.03018609105  1.000904E-14
6400.97720733677  1.042852E-14
6401.9242285825  1.060575E-14
6402.87124982822  1.018672E-14
6403.81827107394  1.018304E-14
6404.76529231967  1.095187E-14
6405.71231356539  1.094807E-14
6406.65933481111  1.047253E-14
6407.60635605684  1.038905E-14
6408.55337730256  1.007645E-14
6409.50039854828  9.830946E-15
6410.44741979401  1.099686E-14
6411.39444103973  1.140086E-14
6412.34146228545  1.088867E-14
6413.28848353118  1.057200E-14
6414.2355047769  1.022127E-14
6415.18252602262  9.950520E-15
6416.12954726835  9.695267E-15
6417.07656851407  9.433077E-15
6418.02358975979  9.992159E-15
6418.97061100552  1.064148E-14
6419.91763225124  1.099318E-14
6420.86465349696  1.030484E-14
6421.81167474269  9.922982E-15
6422.75869598841  1.009583E-14
6423.70571723413  1.030354E-14
6424.65273847986  1.082775E-14
6425.59975972558  1.037983E-14
6426.54678097131  1.017672E-14
6427.49380221703  9.696984E-15
6428.44082346275  9.895953E-15
6429.38784470847  1.020960E-14
6430.3348659542  1.043665E-14
6431.28188719992  9.888371E-15
6432.22890844564  1.034047E-14
6433.17592969137  1.063483E-14
6434.12295093709  1.030587E-14
6435.06997218281  1.042509E-14
6436.01699342854  1.015917E-14
6436.96401467426  1.023707E-14
6437.91103591999  1.022416E-14
6438.85805716571  9.730082E-15
6439.80507841143  1.032971E-14
6440.75209965716  1.060929E-14
6441.69912090288  1.014522E-14
6442.6461421486  1.034150E-14
6443.59316339432  1.024945E-14
6444.54018464005  9.920311E-15
6445.48720588577  1.021385E-14
6446.4342271315  1.051353E-14
6447.38124837722  1.074796E-14
6448.32826962294  1.094813E-14
6449.27529086866  1.034468E-14
6450.22231211439  1.027310E-14
6451.16933336011  1.041988E-14
6452.11635460583  1.063722E-14
6453.06337585156  1.052164E-14
6454.01039709728  9.900144E-15
6454.957418343  9.990544E-15
6455.90443958873  1.063124E-14
6456.85146083445  1.049433E-14
6457.79848208018  1.031115E-14
6458.7455033259  1.048466E-14
6459.69252457162  1.047062E-14
6460.63954581735  1.104591E-14
6461.58656706307  1.063229E-14
6462.53358830879  1.007983E-14
6463.48060955451  1.059428E-14
6464.42763080024  1.009647E-14
6465.37465204596  1.065970E-14
6466.32167329168  1.084035E-14
6467.26869453741  1.051351E-14
6468.21571578313  1.118515E-14
6469.16273702886  1.117408E-14
6470.10975827458  1.013330E-14
6471.0567795203  9.921224E-15
6472.00380076603  1.010685E-14
6472.95082201175  1.045491E-14
6473.89784325747  1.057983E-14
6474.8448645032  1.022965E-14
6475.79188574892  1.008820E-14
6476.73890699464  1.036892E-14
6477.68592824037  1.036147E-14
6478.63294948609  9.952532E-15
6479.57997073181  1.008007E-14
6480.52699197754  1.016608E-14
6481.47401322326  1.033516E-14
6482.42103446898  1.054226E-14
6483.36805571471  1.042973E-14
6484.31507696043  1.022765E-14
6485.26209820615  1.032762E-14
6486.20911945188  1.023426E-14
6487.1561406976  1.007079E-14
6488.10316194332  9.691201E-15
6489.05018318905  1.012343E-14
6489.99720443477  1.049412E-14
6490.94422568049  1.000868E-14
6491.89124692622  1.015142E-14
6492.83826817194  1.041273E-14
6493.78528941766  1.029890E-14
6494.73231066339  1.016136E-14
6495.67933190911  1.089443E-14
6496.62635315483  1.079403E-14
6497.57337440056  1.013446E-14
6498.52039564628  1.037677E-14
6499.467416892  1.056415E-14
6500.41443813773  1.059483E-14
6501.36145938345  1.042064E-14
6502.30848062917  1.015247E-14
6503.2555018749  1.057504E-14
6504.20252312062  1.094848E-14
6505.14954436634  1.082145E-14
6506.09656561207  1.080384E-14
6507.04358685779  1.073807E-14
6507.99060810351  1.076177E-14
6508.93762934924  1.050756E-14
6509.88465059496  1.040851E-14
6510.83167184068  1.000320E-14
6511.77869308641  9.875826E-15
6512.72571433213  1.034092E-14
6513.67273557785  1.056088E-14
6514.61975682358  1.037117E-14
6515.5667780693  9.499441E-15
6516.51379931502  1.031547E-14
6517.46082056075  1.069346E-14
6518.40784180647  1.087004E-14
6519.35486305219  1.064011E-14
6520.30188429792  1.027480E-14
6521.24890554364  1.064788E-14
6522.19592678936  1.064438E-14
6523.14294803509  1.038521E-14
6524.08996928081  1.031669E-14
6525.03699052653  1.003844E-14
6525.98401177226  1.093515E-14
6526.93103301798  1.124401E-14
6527.8780542637  1.102256E-14
6528.82507550943  1.141497E-14
6529.77209675515  1.182159E-14
6530.71911800087  1.185243E-14
6531.6661392466  1.146189E-14
6532.61316049232  1.097180E-14
6533.56018173804  1.055537E-14
6534.50720298377  1.125288E-14
6535.45422422949  1.149761E-14
6536.40124547521  1.214648E-14
6537.34826672094  1.231372E-14
6538.29528796666  1.158613E-14
6539.24230921238  1.239129E-14
6540.18933045811  1.307798E-14
6541.13635170383  1.269375E-14
6542.08337294955  1.278048E-14
6543.03039419528  1.294400E-14
6543.977415441  1.306761E-14
6544.92443668672  1.412824E-14
6545.87145793245  1.455160E-14
6546.81847917817  1.425033E-14
6547.76550042389  1.488209E-14
6548.71252166962  1.605003E-14
6549.65954291534  1.699367E-14
6550.60656416107  1.744750E-14
6551.55358540679  1.839920E-14
6552.50060665251  1.877460E-14
6553.44762789824  1.866988E-14
6554.39464914396  1.881933E-14
6555.34167038968  1.936242E-14
6556.2886916354  1.932089E-14
6557.23571288113  1.964074E-14
6558.18273412685  2.073705E-14
6559.12975537258  1.994262E-14
6560.0767766183  1.922045E-14
6561.02379786402  1.946267E-14
6561.97081910974  1.951957E-14
6562.91784035547  1.981522E-14
6563.86486160119  1.950849E-14
6564.81188284691  1.958317E-14
6565.75890409264  2.014500E-14
6566.70592533836  2.078178E-14
6567.65294658409  2.045387E-14
6568.59996782981  2.076445E-14
6569.54698907553  2.151131E-14
6570.49401032126  2.036882E-14
6571.44103156698  1.951421E-14
6572.3880528127  1.953377E-14
6573.33507405843  1.883285E-14
6574.28209530415  1.759449E-14
6575.22911654987  1.673877E-14
6576.17613779559  1.593067E-14
6577.12315904132  1.517886E-14
6578.07018028704  1.430082E-14
6579.01720153276  1.286578E-14
6579.96422277849  1.297373E-14
6580.91124402421  1.253052E-14
6581.85826526993  1.235790E-14
6582.80528651566  1.245835E-14
6583.75230776138  1.229768E-14
6584.69932900711  1.247868E-14
6585.64635025283  1.244360E-14
6586.59337149855  1.201763E-14
6587.54039274428  1.139229E-14
6588.48741399  1.182418E-14
6589.43443523572  1.137335E-14
6590.38145648144  1.089337E-14
6591.32847772717  1.148420E-14
6592.27549897289  1.137644E-14
6593.22252021862  1.104271E-14
6594.16954146434  1.116799E-14
6595.11656271006  1.122313E-14
6596.06358395579  1.098587E-14
6597.01060520151  1.061540E-14
6597.95762644723  1.111227E-14
6598.90464769295  1.093980E-14
6599.85166893868  1.023744E-14
6600.7986901844  1.025261E-14
6601.74571143013  1.096788E-14
6602.69273267585  1.121325E-14
6603.63975392157  1.088675E-14
6604.58677516729  1.063236E-14
6605.53379641302  1.038263E-14
6606.48081765874  1.082073E-14
6607.42783890447  1.032547E-14
6608.37486015019  1.080848E-14
6609.32188139591  1.099697E-14
6610.26890264164  1.095705E-14
6611.21592388736  1.060292E-14
6612.16294513308  1.037366E-14
6613.10996637881  1.037232E-14
6614.05698762453  1.066172E-14
6615.00400887025  1.052241E-14
6615.95103011598  1.052367E-14
6616.8980513617  1.015632E-14
6617.84507260742  1.059257E-14
6618.79209385315  1.129777E-14
6619.73911509887  1.063592E-14
6620.68613634459  1.013819E-14
6621.63315759032  9.629997E-15
6622.58017883604  1.061688E-14
6623.52720008176  1.138213E-14
6624.47422132749  1.063483E-14
6625.42124257321  1.045131E-14
6626.36826381893  1.079971E-14
6627.31528506466  1.055117E-14
6628.26230631038  1.084046E-14
6629.2093275561  1.062183E-14
6630.15634880183  1.037147E-14
6631.10337004755  1.044468E-14
6632.05039129327  1.084219E-14
6632.997412539  1.051754E-14
6633.94443378472  1.020945E-14
6634.89145503044  1.044340E-14
6635.83847627617  1.050126E-14
6636.78549752189  1.064273E-14
6637.73251876761  1.078197E-14
6638.67954001334  1.090475E-14
6639.62656125906  1.075733E-14
6640.57358250478  1.030594E-14
6641.52060375051  1.067808E-14
6642.46762499623  1.035179E-14
6643.41464624195  1.086869E-14
6644.36166748768  1.041616E-14
6645.3086887334  9.968158E-15
6646.25570997912  1.061589E-14
6647.20273122485  1.086271E-14
6648.14975247057  1.025816E-14
6649.0967737163  9.965345E-15
6650.04379496202  1.031564E-14
6650.99081620774  1.055140E-14
6651.93783745346  1.058634E-14
6652.88485869919  1.094549E-14
6653.83187994491  1.095382E-14
6654.77890119063  1.100582E-14
6655.72592243636  1.109038E-14
6656.67294368208  1.141916E-14
6657.6199649278  1.053645E-14
6658.56698617353  1.031487E-14
6659.51400741925  1.059372E-14
6660.46102866497  1.067583E-14
6661.4080499107  1.099656E-14
6662.35507115642  1.052805E-14
6663.30209240214  1.051877E-14
6664.24911364787  1.067092E-14
6665.19613489359  1.111618E-14
6666.14315613931  1.180477E-14
6667.09017738504  1.205081E-14
6668.03719863076  1.232610E-14
6668.98421987648  1.213208E-14
6669.93124112221  1.168508E-14
6670.87826236793  1.230017E-14
6671.82528361366  1.128144E-14
6672.77230485938  1.159331E-14
6673.7193261051  1.158087E-14
6674.66634735082  1.123332E-14
6675.61336859655  1.111775E-14
6676.56038984227  1.142968E-14
6677.50741108799  1.114315E-14
6678.45443233372  1.142651E-14
6679.40145357944  1.095280E-14
6680.34847482516  1.157470E-14
6681.29549607089  1.163311E-14
6682.24251731661  1.153246E-14
6683.18953856234  1.166606E-14
6684.13655980806  1.165122E-14
6685.08358105378  1.165794E-14
6686.03060229951  1.180852E-14
6686.97762354523  1.178254E-14
6687.92464479095  1.151751E-14
6688.87166603667  1.158190E-14
6689.8186872824  1.154787E-14
6690.76570852812  1.130254E-14
6691.71272977385  1.061794E-14
6692.65975101957  1.087388E-14
6693.60677226529  1.150747E-14
6694.55379351101  1.080144E-14
6695.50081475674  1.099504E-14
6696.44783600246  1.059580E-14
6697.39485724818  1.084982E-14
6698.34187849391  1.117089E-14
6699.28889973963  1.172722E-14
6700.23592098536  1.090134E-14
6701.18294223108  1.014022E-14
6702.1299634768  1.053648E-14
6703.07698472253  1.068860E-14
6704.02400596825  1.041857E-14
6704.97102721397  1.031419E-14
6705.9180484597  1.033555E-14
6706.86506970542  9.961767E-15
6707.81209095114  1.038695E-14
6708.75911219686  1.110557E-14
6709.70613344259  1.101830E-14
6710.65315468831  1.070515E-14
6711.60017593404  1.092789E-14
6712.54719717976  1.100675E-14
6713.49421842548  1.106489E-14
6714.44123967121  1.137227E-14
6715.38826091693  1.129798E-14
6716.33528216265  1.112047E-14
6717.28230340838  1.137806E-14
6718.2293246541  1.125954E-14
6719.17634589982  1.051792E-14
6720.12336714555  1.040047E-14
6721.07038839127  1.086019E-14
6722.01740963699  1.093567E-14
6722.96443088271  1.047352E-14
6723.91145212844  1.064667E-14
6724.85847337416  1.120050E-14
6725.80549461989  1.107029E-14
6726.75251586561  1.069791E-14
6727.69953711133  1.113809E-14
6728.64655835706  1.069597E-14
6729.59357960278  9.663016E-15
6730.5406008485  1.021759E-14
6731.48762209423  1.090599E-14
6732.43464333995  1.036953E-14
6733.38166458567  1.068163E-14
6734.3286858314  1.061422E-14
6735.27570707712  1.035006E-14
6736.22272832284  1.044409E-14
6737.16974956857  1.022566E-14
6738.11677081429  1.012460E-14
6739.06379206001  1.045403E-14
6740.01081330574  1.066195E-14
6740.95783455146  1.106994E-14
6741.90485579718  1.089184E-14
6742.85187704291  1.050403E-14
6743.79889828863  1.020223E-14
6744.74591953435  1.046696E-14
6745.69294078008  1.062846E-14
6746.6399620258  1.038930E-14
6747.58698327152  1.048575E-14
6748.53400451725  1.084946E-14
6749.48102576297  1.097677E-14
6750.42804700869  1.031724E-14
6751.37506825442  1.040180E-14
6752.32208950014  1.121510E-14
6753.26911074586  1.116754E-14
6754.21613199159  1.104064E-14
6755.16315323731  1.046220E-14
6756.11017448303  1.030201E-14
6757.05719572876  1.090222E-14
6758.00421697448  1.033240E-14
6758.9512382202  1.062557E-14
6759.89825946593  1.116058E-14
6760.84528071165  1.061225E-14
6761.79230195737  9.991667E-15
6762.7393232031  1.007757E-14
6763.68634444882  1.076675E-14
6764.63336569454  1.063812E-14
6765.58038694027  1.017891E-14
6766.52740818599  9.922861E-15
6767.47442943171  1.036139E-14
6768.42145067744  1.083648E-14
6769.36847192316  1.054629E-14
6770.31549316888  1.077873E-14
6771.26251441461  1.097057E-14
6772.20953566033  1.037092E-14
6773.15655690605  1.025341E-14
6774.10357815178  1.097048E-14
6775.0505993975  1.092737E-14
6775.99762064322  1.098651E-14
6776.94464188895  1.008636E-14
6777.89166313467  1.049798E-14
6778.83868438039  1.103098E-14
6779.78570562612  1.146066E-14
6780.73272687184  1.114950E-14
6781.67974811756  1.104258E-14
6782.62676936329  1.097102E-14
6783.57379060901  1.020281E-14
6784.52081185473  1.025077E-14
6785.46783310046  1.055197E-14
6786.41485434618  1.017255E-14
6787.3618755919  1.049294E-14
6788.30889683763  1.050740E-14
6789.25591808335  1.096882E-14
6790.20293932908  1.127151E-14
6791.1499605748  1.077660E-14
6792.09698182052  1.078849E-14
6793.04400306624  1.078146E-14
6793.99102431197  1.091912E-14
6794.93804555769  1.128595E-14
6795.88506680341  1.075581E-14
6796.83208804914  1.025559E-14
6797.77910929486  9.959202E-15
6798.72613054059  9.813657E-15
6799.67315178631  1.037293E-14
6800.62017303203  1.041966E-14
6801.56719427776  1.096431E-14
6802.51421552348  1.089132E-14
6803.4612367692  1.033036E-14
6804.40825801493  1.061699E-14
6805.35527926065  1.098717E-14
6806.30230050637  1.063959E-14
6807.24932175209  1.079471E-14
6808.19634299782  1.024670E-14
6809.14336424354  1.029914E-14
6810.09038548926  1.027332E-14
6811.03740673499  1.058972E-14
6811.98442798071  1.054006E-14
6812.93144922643  1.085921E-14
6813.87847047216  1.112532E-14
6814.82549171788  1.059415E-14
6815.77251296361  1.066370E-14
6816.71953420933  1.080258E-14
6817.66655545505  1.056547E-14
6818.61357670078  1.054104E-14
6819.5605979465  1.035095E-14
6820.50761919222  1.020493E-14
6821.45464043794  1.063895E-14
6822.40166168367  1.072801E-14
6823.34868292939  9.952220E-15
6824.29570417512  9.965521E-15
6825.24272542084  1.036971E-14
6826.18974666656  1.087385E-14
6827.13676791228  1.085060E-14
6828.08378915801  1.040454E-14
6829.03081040373  1.052777E-14
6829.97783164946  1.109772E-14
6830.92485289518  1.104323E-14
6831.8718741409  1.084159E-14
6832.81889538663  1.054163E-14
6833.76591663235  1.072370E-14
6834.71293787807  1.070424E-14
6835.6599591238  1.051809E-14
6836.60698036952  1.063199E-14
6837.55400161524  1.054916E-14
6838.50102286097  1.075373E-14
6839.44804410669  1.080951E-14
6840.39506535241  1.048856E-14
6841.34208659814  1.039450E-14
6842.28910784386  1.047893E-14
6843.23612908958  1.030906E-14
6844.1831503353  1.047325E-14
6845.13017158103  1.054744E-14
6846.07719282675  1.037966E-14
6847.02421407248  1.042990E-14
6847.9712353182  1.065823E-14
6848.91825656392  1.051798E-14
6849.86527780965  1.089672E-14
6850.81229905537  1.071268E-14
6851.75932030109  1.075159E-14
6852.70634154682  1.115340E-14
6853.65336279254  1.084597E-14
6854.60038403826  1.033081E-14
6855.54740528399  1.060235E-14
6856.49442652971  1.055892E-14
6857.44144777543  1.018231E-14
6858.38846902116  1.026157E-14
6859.33549026688  1.039200E-14
6860.2825115126  1.055206E-14
6861.22953275833  1.024155E-14
6862.17655400405  1.072115E-14
6863.12357524977  1.042969E-14
6864.0705964955  1.003832E-14
6865.01761774122  9.812101E-15
6865.96463898694  9.125019E-15
6866.91166023267  8.051549E-15
6867.85868147839  7.959169E-15
6868.80570272411  7.906413E-15
6869.75272396984  7.168569E-15
6870.69974521556  7.012169E-15
6871.64676646128  7.054273E-15
6872.59378770701  7.771461E-15
6873.54080895273  7.431959E-15
6874.48783019845  7.561115E-15
6875.43485144418  7.744629E-15
6876.3818726899  8.268154E-15
6877.32889393562  8.066859E-15
6878.27591518135  8.325180E-15
6879.22293642707  9.117762E-15
6880.16995767279  9.227987E-15
6881.11697891852  9.405130E-15
6882.06400016424  9.458983E-15
6883.01102140996  1.005112E-14
6883.95804265569  9.886680E-15
6884.90506390141  9.979029E-15
6885.85208514713  9.554077E-15
6886.79910639286  8.671126E-15
6887.74612763858  8.802020E-15
6888.6931488843  8.618660E-15
6889.64017013003  9.017480E-15
6890.58719137575  9.364214E-15
6891.53421262147  8.600426E-15
6892.4812338672  9.518491E-15
6893.42825511292  9.940137E-15
6894.37527635864  9.421819E-15
6895.32229760437  9.037790E-15
6896.26931885009  9.401492E-15
6897.21634009581  9.538690E-15
6898.16336134154  9.327623E-15
6899.11038258726  9.015838E-15
6900.05740383298  9.476268E-15
6901.00442507871  9.575853E-15
6901.95144632443  9.418000E-15
6902.89846757015  9.600372E-15
6903.84548881588  9.244224E-15
6904.7925100616  9.377171E-15
6905.73953130733  9.557788E-15
6906.68655255305  9.728667E-15
6907.63357379877  9.390366E-15
6908.58059504449  9.603324E-15
6909.52761629022  1.020081E-14
6910.47463753594  1.032007E-14
6911.42165878166  1.043065E-14
6912.36868002739  1.033303E-14
6913.31570127311  9.822122E-15
6914.26272251884  9.232403E-15
6915.20974376456  1.006289E-14
6916.15676501028  1.055645E-14
6917.10378625601  9.812336E-15
6918.05080750173  9.084909E-15
6918.99782874745  9.016631E-15
6919.94484999317  9.809434E-15
6920.8918712389  1.000172E-14
6921.83889248462  1.025044E-14
6922.78591373034  1.064485E-14
6923.73293497607  1.034507E-14
6924.67995622179  1.000962E-14
6925.62697746751  1.031019E-14
6926.57399871324  1.003303E-14
6927.52101995896  9.660019E-15
6928.46804120469  9.877718E-15
6929.41506245041  1.006698E-14
6930.36208369613  1.043762E-14
6931.30910494186  1.034373E-14
6932.25612618758  1.051286E-14
6933.2031474333  1.011480E-14
6934.15016867902  1.015624E-14
6935.09718992475  1.073847E-14
6936.04421117047  1.078036E-14
6936.9912324162  9.995583E-15
6937.93825366192  9.292361E-15
6938.88527490764  1.038624E-14
6939.83229615337  1.099271E-14
6940.77931739909  9.977532E-15
6941.72633864481  9.702739E-15
6942.67335989053  1.048229E-14
6943.62038113626  1.079283E-14
6944.56740238198  1.028184E-14
6945.5144236277  9.966329E-15
6946.46144487343  9.958967E-15
6947.40846611915  1.063071E-14
6948.35548736488  1.085588E-14
6949.3025086106  1.025251E-14
6950.24952985632  1.015588E-14
6951.19655110205  1.105875E-14
6952.14357234777  1.128106E-14
6953.09059359349  1.051562E-14
6954.03761483921  1.074272E-14
6954.98463608494  1.060856E-14
6955.93165733066  1.013485E-14
6956.87867857639  9.838980E-15
6957.82569982211  1.021716E-14
6958.77272106783  1.065756E-14
6959.71974231356  1.075409E-14
6960.66676355928  1.091299E-14
6961.613784805  1.093809E-14
6962.56080605073  1.071919E-14
6963.50782729645  1.068303E-14
6964.45484854217  9.995194E-15
6965.4018697879  1.027865E-14
6966.34889103362  1.069473E-14
6967.29591227934  1.077340E-14
6968.24293352506  1.095816E-14
6969.18995477079  1.033983E-14
6970.13697601652  1.046414E-14
6971.08399726224  1.063727E-14
6972.03101850796  1.086015E-14
6972.97803975368  1.028629E-14
6973.92506099941  1.051730E-14
6974.87208224513  1.086079E-14
6975.81910349085  1.075920E-14
6976.76612473658  1.069796E-14
6977.7131459823  1.090830E-14
6978.66016722802  1.081938E-14
6979.60718847375  1.022599E-14
6980.55420971947  1.040105E-14
6981.50123096519  1.042168E-14
6982.44825221092  1.021807E-14
6983.39527345664  1.035009E-14
6984.34229470236  1.034013E-14
6985.28931594809  1.012947E-14
6986.23633719381  9.985246E-15
6987.18335843953  1.070134E-14
6988.13037968526  1.100027E-14
6989.07740093098  1.014550E-14
6990.0244221767  9.516989E-15
6990.97144342243  9.631100E-15
6991.91846466815  9.910864E-15
6992.86548591387  1.043606E-14
6993.8125071596  1.041186E-14
6994.75952840532  1.058894E-14
6995.70654965104  1.062068E-14
6996.65357089677  1.049140E-14
6997.60059214249  1.029127E-14
6998.54761338821  1.068466E-14
6999.49463463394  1.049717E-14
7000.44165587966  9.828997E-15
7001.38867712538  9.687778E-15
7002.33569837111  1.022450E-14
7003.28271961683  9.849970E-15
7004.22974086255  1.009437E-14
7005.17676210828  1.019080E-14
7006.123783354  9.668069E-15
7007.07080459972  9.371212E-15
7008.01782584545  1.006935E-14
7008.96484709117  1.067920E-14
7009.91186833689  9.665088E-15
7010.85888958262  9.644616E-15
7011.80591082834  9.974319E-15
7012.75293207406  1.012439E-14
7013.69995331979  9.964177E-15
7014.64697456551  1.035543E-14
7015.59399581124  9.836520E-15
7016.54101705696  9.932479E-15
7017.48803830268  1.004488E-14
7018.4350595484  1.087043E-14
7019.38208079413  1.055440E-14
7020.32910203985  1.082145E-14
7021.27612328557  1.045773E-14
7022.2231445313  9.787698E-15
