6053.4169921875  7.305367E-15
6054.36400675098  8.006549E-15
6055.31102131445  8.148387E-15
6056.25803587793  7.866312E-15
6057.20505044141  7.850081E-15
6058.15206500489  8.277086E-15
6059.09907956837  8.682294E-15
6060.04609413184  8.161163E-15
6060.99310869532  7.701945E-15
6061.9401232588  8.254690E-15
6062.88713782228  8.317869E-15
6063.83415238575  8.324952E-15
6064.78116694923  8.406766E-15
6065.72818151271  8.028760E-15
6066.67519607618  7.718797E-15
6067.62221063966  7.535030E-15
6068.56922520314  7.831987E-15
6069.51623976662  8.239082E-15
6070.4632543301  8.257281E-15
6071.41026889357  7.898492E-15
6072.35728345705  7.660801E-15
6073.30429802053  7.813949E-15
6074.25131258401  7.848623E-15
6075.19832714748  7.838236E-15
6076.14534171096  7.808503E-15
6077.09235627444  7.618778E-15
6078.03937083792  7.672348E-15
6078.98638540139  7.865391E-15
6079.93339996487  7.663047E-15
6080.88041452835  8.039169E-15
6081.82742909183  8.126875E-15
6082.7744436553  8.088479E-15
6083.72145821878  8.131858E-15
6084.66847278226  8.099825E-15
6085.61548734574  7.579242E-15
6086.56250190921  7.728027E-15
6087.50951647269  8.185152E-15
6088.45653103617  8.024722E-15
6089.40354559965  7.905488E-15
6090.35056016312  7.703206E-15
6091.2975747266  8.129055E-15
6092.24458929008  8.197952E-15
6093.19160385356  8.288740E-15
6094.13861841703  8.087427E-15
6095.08563298051  7.872660E-15
6096.03264754399  7.912346E-15
6096.97966210747  7.839067E-15
6097.92667667094  8.167793E-15
6098.87369123442  8.055252E-15
6099.8207057979  7.758588E-15
6100.76772036138  8.127676E-15
6101.71473492485  8.219578E-15
6102.66174948833  8.519738E-15
6103.60876405181  7.900524E-15
6104.55577861529  7.954342E-15
6105.50279317877  8.160721E-15
6106.44980774224  8.258938E-15
6107.39682230572  8.589413E-15
6108.3438368692  7.991199E-15
6109.29085143267  7.761134E-15
6110.23786599615  7.772528E-15
6111.18488055963  7.715526E-15
6112.13189512311  7.629445E-15
6113.07890968658  7.591084E-15
6114.02592425006  8.070602E-15
6114.97293881354  7.944001E-15
6115.91995337702  7.681745E-15
6116.86696794049  7.799806E-15
6117.81398250397  7.805907E-15
6118.76099706745  8.224122E-15
6119.70801163093  8.477119E-15
6120.6550261944  7.875788E-15
6121.60204075788  7.769572E-15
6122.54905532136  8.010371E-15
6123.49606988484  8.139964E-15
6124.44308444831  7.980516E-15
6125.39009901179  8.296793E-15
6126.33711357527  8.566242E-15
6127.28412813875  8.205936E-15
6128.23114270223  8.212940E-15
6129.1781572657  8.072404E-15
6130.12517182918  8.074754E-15
6131.07218639266  8.031650E-15
6132.01920095614  8.037010E-15
6132.96621551961  8.421068E-15
6133.91323008309  8.412993E-15
6134.86024464657  8.047524E-15
6135.80725921004  8.098331E-15
6136.75427377352  8.111680E-15
6137.701288337  8.025089E-15
6138.64830290048  8.051406E-15
6139.59531746396  8.013623E-15
6140.54233202743  8.113694E-15
6141.48934659091  7.960635E-15
6142.43636115439  8.230270E-15
6143.38337571787  7.815626E-15
6144.33039028134  8.192283E-15
6145.27740484482  8.419019E-15
6146.2244194083  8.437050E-15
6147.17143397177  8.118806E-15
6148.11844853525  8.241294E-15
6149.06546309873  8.284880E-15
6150.01247766221  8.109129E-15
6150.95949222569  8.508531E-15
6151.90650678916  8.528677E-15
6152.85352135264  8.049597E-15
6153.80053591612  8.079273E-15
6154.74755047959  8.398441E-15
6155.69456504307  8.602631E-15
6156.64157960655  8.293634E-15
6157.58859417003  8.097130E-15
6158.53560873351  8.528972E-15
6159.48262329698  8.363710E-15
6160.42963786046  8.491626E-15
6161.37665242394  8.155479E-15
6162.32366698742  8.020371E-15
6163.27068155089  7.975927E-15
6164.21769611437  7.910716E-15
6165.16471067785  7.911863E-15
6166.11172524132  7.858579E-15
6167.0587398048  7.830621E-15
6168.00575436828  8.325937E-15
6168.95276893176  8.463402E-15
6169.89978349524  8.319475E-15
6170.84679805871  8.619464E-15
6171.79381262219  7.642795E-15
6172.74082718567  7.723824E-15
6173.68784174915  7.650133E-15
6174.63485631262  5.490463E-15
6175.5818708761  6.792609E-15
6176.52888543958  8.421869E-15
6177.47590000305  8.392513E-15
6178.42291456653  8.522397E-15
6179.36992913001  8.395525E-15
6180.31694369349  8.351267E-15
6181.26395825697  7.925719E-15
6182.21097282044  8.307527E-15
6183.15798738392  8.459203E-15
6184.1050019474  8.030736E-15
6185.05201651088  7.795791E-15
6185.99903107435  8.032662E-15
6186.94604563783  7.960235E-15
6187.89306020131  7.855467E-15
6188.84007476479  7.829703E-15
6189.78708932826  8.020747E-15
6190.73410389174  8.042229E-15
6191.68111845522  7.984446E-15
6192.6281330187  8.252718E-15
6193.57514758217  8.233638E-15
6194.52216214565  8.004267E-15
6195.46917670913  7.903293E-15
6196.41619127261  7.783317E-15
6197.36320583608  7.924446E-15
6198.31022039956  8.170438E-15
6199.25723496304  7.855482E-15
6200.20424952652  8.072835E-15
6201.15126408999  8.510584E-15
6202.09827865347  8.266717E-15
6203.04529321695  8.233126E-15
6203.99230778042  8.242673E-15
6204.9393223439  8.132469E-15
6205.88633690738  8.050631E-15
6206.83335147086  8.591571E-15
6207.78036603434  8.616605E-15
6208.72738059781  7.752270E-15
6209.67439516129  7.970209E-15
6210.62140972477  8.468756E-15
6211.56842428825  8.366032E-15
6212.51543885172  7.885131E-15
6213.4624534152  8.094441E-15
6214.40946797868  8.221913E-15
6215.35648254216  8.237561E-15
6216.30349710563  8.407298E-15
6217.25051166911  7.765156E-15
6218.19752623259  7.666510E-15
6219.14454079607  7.962349E-15
6220.09155535954  8.242589E-15
6221.03856992302  7.915986E-15
6221.9855844865  8.435158E-15
6222.93259904998  8.194740E-15
6223.87961361345  8.000951E-15
6224.82662817693  8.094446E-15
6225.77364274041  8.124051E-15
6226.72065730389  8.382510E-15
6227.66767186736  8.554830E-15
6228.61468643084  8.292970E-15
6229.56170099432  8.281020E-15
6230.5087155578  7.887111E-15
6231.45573012127  8.311945E-15
6232.40274468475  8.190619E-15
6233.34975924823  8.193818E-15
6234.29677381171  7.927242E-15
6235.24378837518  7.951249E-15
6236.19080293866  8.227726E-15
6237.13781750214  8.500563E-15
6238.08483206562  7.953003E-15
6239.03184662909  7.941190E-15
6239.97886119257  8.121217E-15
6240.92587575605  7.923504E-15
6241.87289031953  8.494430E-15
6242.819904883  8.334869E-15
6243.76691944648  7.992117E-15
6244.71393400996  7.813139E-15
6245.66094857344  8.147007E-15
6246.60796313691  8.281096E-15
6247.55497770039  8.054137E-15
6248.50199226387  7.857537E-15
6249.44900682735  7.976078E-15
6250.39602139082  8.348048E-15
6251.3430359543  8.184606E-15
6252.29005051778  8.211124E-15
6253.23706508126  8.251865E-15
6254.18407964474  8.112456E-15
6255.13109420821  7.786499E-15
6256.07810877169  8.157566E-15
6257.02512333517  8.697114E-15
6257.97213789864  8.403992E-15
6258.91915246212  8.200435E-15
6259.8661670256  8.188229E-15
6260.81318158908  8.526171E-15
6261.76019615256  8.600865E-15
6262.70721071603  8.226868E-15
6263.65422527951  8.070759E-15
6264.60123984299  8.098518E-15
6265.54825440647  8.291556E-15
6266.49526896994  8.307522E-15
6267.44228353342  8.085341E-15
6268.3892980969  7.994267E-15
6269.33631266037  7.950433E-15
6270.28332722385  8.047742E-15
6271.23034178733  7.872219E-15
6272.17735635081  7.774041E-15
6273.12437091429  7.823265E-15
6274.07138547776  7.889900E-15
6275.01840004124  8.206623E-15
6275.96541460472  8.080615E-15
6276.91242916819  7.468350E-15
6277.85944373167  7.404720E-15
6278.80645829515  7.785822E-15
6279.75347285863  7.774469E-15
6280.70048742211  7.968302E-15
6281.64750198558  7.972002E-15
6282.59451654906  7.912743E-15
6283.54153111254  7.878841E-15
6284.48854567602  7.986198E-15
6285.43556023949  7.985107E-15
6286.38257480297  7.809784E-15
6287.32958936645  8.121676E-15
6288.27660392992  8.077796E-15
6289.2236184934  7.658089E-15
6290.17063305688  7.672141E-15
6291.11764762036  8.053452E-15
6292.06466218384  8.300105E-15
6293.01167674731  8.152350E-15
6293.95869131079  8.248807E-15
6294.90570587427  8.132598E-15
6295.85272043775  7.877082E-15
6296.79973500122  8.107747E-15
6297.7467495647  7.971391E-15
6298.69376412818  7.640538E-15
6299.64077869166  7.440033E-15
6300.58779325513  7.877387E-15
6301.53480781861  8.339451E-15
6302.48182238209  8.001755E-15
6303.42883694557  8.057383E-15
6304.37585150904  8.588242E-15
6305.32286607252  8.264925E-15
6306.269880636  8.279965E-15
6307.21689519948  7.872450E-15
6308.16390976295  7.374184E-15
6309.11092432643  7.975804E-15
6310.05793888991  8.060455E-15
6311.00495345339  8.069934E-15
6311.95196801686  7.948506E-15
6312.89898258034  8.256381E-15
6313.84599714382  8.477505E-15
6314.7930117073  8.323905E-15
6315.74002627077  8.112051E-15
6316.68704083425  8.456598E-15
6317.63405539773  8.022031E-15
6318.58106996121  7.992582E-15
6319.52808452468  8.083977E-15
6320.47509908816  8.015357E-15
6321.42211365164  8.073306E-15
6322.36912821512  8.603046E-15
6323.31614277859  8.350696E-15
6324.26315734207  8.181786E-15
6325.21017190555  8.249738E-15
6326.15718646903  8.526310E-15
6327.1042010325  8.085563E-15
6328.05121559598  7.819003E-15
6328.99823015946  8.067367E-15
6329.94524472294  8.449690E-15
6330.89225928641  8.215728E-15
6331.83927384989  8.089987E-15
6332.78628841337  8.223270E-15
6333.73330297685  8.407863E-15
6334.68031754032  8.709791E-15
6335.6273321038  8.261134E-15
6336.57434666728  8.021898E-15
6337.52136123076  8.326863E-15
6338.46837579423  8.625000E-15
6339.41539035771  8.495256E-15
6340.36240492119  8.176963E-15
6341.30941948467  8.432215E-15
6342.25643404814  8.337375E-15
6343.20344861162  7.913443E-15
6344.1504631751  7.926619E-15
6345.09747773858  8.276192E-15
6346.04449230205  8.157053E-15
6346.99150686553  7.961729E-15
6347.93852142901  8.295366E-15
6348.88553599249  8.361275E-15
6349.83255055596  8.049647E-15
6350.77956511944  7.446668E-15
6351.72657968292  7.810067E-15
6352.6735942464  8.573157E-15
6353.62060880987  8.513100E-15
6354.56762337335  8.138989E-15
6355.51463793683  7.995972E-15
6356.46165250031  8.487243E-15
6357.40866706378  8.544049E-15
6358.35568162726  8.513964E-15
6359.30269619074  8.336970E-15
6360.24971075422  8.171866E-15
6361.19672531769  8.288405E-15
6362.14373988117  8.475086E-15
6363.09075444465  8.212609E-15
6364.03776900813  8.352661E-15
6364.9847835716  8.586970E-15
6365.93179813508  8.387899E-15
6366.87881269856  8.128781E-15
6367.82582726204  7.795442E-15
6368.77284182551  8.142468E-15
6369.71985638899  8.060109E-15
6370.66687095247  8.173408E-15
6371.61388551595  8.523627E-15
6372.56090007942  8.333778E-15
6373.5079146429  8.089175E-15
6374.45492920638  7.972654E-15
6375.40194376986  8.157759E-15
6376.34895833333  8.289905E-15
6377.29597289681  8.089798E-15
6378.24298746029  7.902462E-15
6379.19000202377  8.348049E-15
6380.13701658724  8.371940E-15
6381.08403115072  8.248214E-15
6382.0310457142  8.141554E-15
6382.97806027768  7.990680E-15
6383.92507484116  8.462655E-15
6384.87208940463  8.778694E-15
6385.81910396811  8.581852E-15
6386.76611853159  8.033361E-15
6387.71313309506  8.254922E-15
6388.66014765854  8.336547E-15
6389.60716222202  8.358259E-15
6390.5541767855  8.525703E-15
6391.50119134897  8.546919E-15
6392.44820591245  8.462619E-15
6393.39522047593  8.511754E-15
6394.34223503941  8.860530E-15
6395.28924960289  8.560936E-15
6396.23626416636  8.477505E-15
6397.18327872984  8.731991E-15
6398.13029329332  8.627872E-15
6399.07730785679  8.480981E-15
6400.02432242027  8.271768E-15
6400.97133698375  8.408532E-15
6401.91835154723  8.445605E-15
6402.8653661107  8.449559E-15
6403.81238067418  8.698559E-15
6404.75939523766  8.491465E-15
6405.70640980114  8.447942E-15
6406.65342436462  8.120591E-15
6407.60043892809  8.076775E-15
6408.54745349157  7.840660E-15
6409.49446805505  7.984737E-15
6410.44148261853  8.477455E-15
6411.388497182  8.702649E-15
6412.33551174548  8.805922E-15
6413.28252630896  8.540662E-15
6414.22954087244  8.115905E-15
6415.17655543591  8.160768E-15
6416.12356999939  8.375609E-15
6417.07058456287  8.037949E-15
6418.01759912635  8.258035E-15
6418.96461368982  8.948642E-15
6419.9116282533  8.545606E-15
6420.85864281678  8.035857E-15
6421.80565738026  8.232568E-15
6422.75267194373  8.404145E-15
6423.69968650721  8.297998E-15
6424.64670107069  8.466509E-15
6425.59371563417  8.352317E-15
6426.54073019764  8.054989E-15
6427.48774476112  8.272098E-15
6428.4347593246  8.511532E-15
6429.38177388808  8.412926E-15
6430.32878845155  8.201683E-15
6431.27580301503  8.510675E-15
6432.22281757851  8.523788E-15
6433.16983214199  7.843240E-15
6434.11684670546  7.981703E-15
6435.06386126894  8.736835E-15
6436.01087583242  8.480956E-15
6436.9578903959  8.206328E-15
6437.90490495937  8.127007E-15
6438.85191952285  7.830391E-15
6439.79893408633  8.222839E-15
6440.74594864981  8.672426E-15
6441.69296321328  8.747771E-15
6442.63997777676  8.779545E-15
6443.58699234024  8.469399E-15
6444.53400690372  8.043301E-15
6445.48102146719  8.119026E-15
6446.42803603067  8.248709E-15
6447.37505059415  8.362443E-15
6448.32206515763  8.236289E-15
6449.2690797211  8.443371E-15
6450.21609428458  8.658722E-15
6451.16310884806  9.042716E-15
6452.11012341154  8.899247E-15
6453.05713797501  8.061762E-15
6454.00415253849  7.772702E-15
6454.95116710197  8.281598E-15
6455.89818166545  8.495635E-15
6456.84519622892  8.864773E-15
6457.7922107924  8.886204E-15
6458.73922535588  8.141557E-15
6459.68623991936  8.093119E-15
6460.63325448284  8.270115E-15
6461.58026904631  8.021651E-15
6462.52728360979  8.166026E-15
6463.47429817327  8.042441E-15
6464.42131273674  8.313993E-15
6465.36832730022  8.750244E-15
6466.3153418637  8.467632E-15
6467.26235642718  8.314610E-15
6468.20937099065  8.407210E-15
6469.15638555413  8.496059E-15
6470.10340011761  8.875641E-15
6471.05041468109  8.600303E-15
6471.99742924457  8.911431E-15
6472.94444380804  8.958580E-15
6473.89145837152  8.426557E-15
6474.838472935  8.206829E-15
6475.78548749847  8.347191E-15
6476.73250206195  8.123741E-15
6477.67951662543  8.198174E-15
6478.62653118891  8.545281E-15
6479.57354575238  8.225073E-15
6480.52056031586  8.247673E-15
6481.46757487934  8.515527E-15
6482.41458944282  8.244394E-15
6483.36160400629  8.001221E-15
6484.30861856977  8.375797E-15
6485.25563313325  8.392051E-15
6486.20264769673  7.930128E-15
6487.1496622602  7.597074E-15
6488.09667682368  7.905010E-15
6489.04369138716  8.165409E-15
6489.99070595064  8.084986E-15
6490.93772051411  7.983507E-15
6491.88473507759  8.233337E-15
6492.83174964107  8.186245E-15
6493.77876420455  8.287423E-15
6494.72577876802  8.794930E-15
6495.6727933315  9.022450E-15
6496.61980789498  8.451137E-15
6497.56682245846  7.974794E-15
6498.51383702193  8.462129E-15
6499.46085158541  8.495750E-15
6500.40786614889  8.371328E-15
6501.35488071237  8.167676E-15
6502.30189527584  7.785587E-15
6503.24890983932  7.971845E-15
6504.1959244028  8.910963E-15
6505.14293896628  8.401328E-15
6506.08995352976  8.243797E-15
6507.03696809323  8.480534E-15
6507.98398265671  8.556027E-15
6508.93099722019  8.306443E-15
6509.87801178366  8.550877E-15
6510.82502634714  8.788816E-15
6511.77204091062  8.222958E-15
6512.7190554741  8.137576E-15
6513.66607003757  8.267214E-15
6514.61308460105  8.192264E-15
6515.56009916453  8.156854E-15
6516.50711372801  8.127273E-15
6517.45412829149  8.182969E-15
6518.40114285496  8.357625E-15
6519.34815741844  8.752782E-15
6520.29517198192  8.870948E-15
6521.24218654539  8.419714E-15
6522.18920110887  8.237306E-15
6523.13621567235  8.445500E-15
6524.08323023583  8.735364E-15
6525.03024479931  8.672554E-15
6525.97725936278  8.819615E-15
6526.92427392626  8.998972E-15
6527.87128848974  8.567909E-15
6528.81830305322  8.772309E-15
6529.76531761669  9.197048E-15
6530.71233218017  9.058837E-15
6531.65934674365  8.979454E-15
6532.60636130712  8.929354E-15
6533.5533758706  9.140855E-15
6534.50039043408  8.922113E-15
6535.44740499756  9.046244E-15
6536.39441956103  9.055425E-15
6537.34143412451  9.122630E-15
6538.28844868799  9.602744E-15
6539.23546325147  1.013981E-14
6540.18247781494  9.528177E-15
6541.12949237842  9.580135E-15
6542.0765069419  1.006050E-14
6543.02352150538  9.585547E-15
6543.97053606886  9.924034E-15
6544.91755063233  1.029076E-14
6545.86456519581  1.059219E-14
6546.81157975929  1.071408E-14
6547.75859432277  1.085700E-14
6548.70560888624  1.157213E-14
6549.65262344972  1.172822E-14
6550.5996380132  1.213403E-14
6551.54665257668  1.269900E-14
6552.49366714015  1.324790E-14
6553.44068170363  1.354948E-14
6554.38769626711  1.392464E-14
6555.33471083059  1.440344E-14
6556.28172539406  1.485984E-14
6557.22873995754  1.545796E-14
6558.17575452102  1.586018E-14
6559.12276908449  1.667132E-14
6560.06978364797  1.691733E-14
6561.01679821145  1.655387E-14
6561.96381277493  1.658742E-14
6562.9108273384  1.660073E-14
6563.85784190188  1.610613E-14
6564.80485646536  1.595628E-14
6565.75187102884  1.555476E-14
6566.69888559232  1.517522E-14
6567.64590015579  1.518060E-14
6568.59291471927  1.519142E-14
6569.53992928275  1.539297E-14
6570.48694384623  1.524976E-14
6571.4339584097  1.543151E-14
6572.38097297318  1.551535E-14
6573.32798753666  1.503712E-14
6574.27500210014  1.440896E-14
6575.22201666361  1.406814E-14
6576.16903122709  1.327037E-14
6577.11604579057  1.279439E-14
6578.06306035405  1.273429E-14
6579.01007491752  1.176392E-14
6579.957089481  1.127474E-14
6580.90410404448  1.120351E-14
6581.85111860796  1.123069E-14
6582.79813317144  1.087250E-14
6583.74514773491  1.054641E-14
6584.69216229839  1.038192E-14
6585.63917686187  9.701839E-15
6586.58619142534  9.290347E-15
6587.53320598882  9.464612E-15
6588.4802205523  9.457857E-15
6589.42723511578  9.251154E-15
6590.37424967926  9.412520E-15
6591.32126424273  9.317391E-15
6592.26827880621  9.055159E-15
6593.21529336969  9.230925E-15
6594.16230793316  9.157563E-15
6595.10932249664  9.143881E-15
6596.05633706012  9.271922E-15
6597.0033516236  9.109835E-15
6597.95036618707  9.064903E-15
6598.89738075055  8.928609E-15
6599.84439531403  8.869279E-15
6600.79140987751  8.746074E-15
6601.73842444098  8.274013E-15
6602.68543900446  8.516284E-15
6603.63245356794  8.448010E-15
6604.57946813142  8.073297E-15
6605.5264826949  8.412612E-15
6606.47349725837  8.682589E-15
6607.42051182185  8.547753E-15
6608.36752638533  8.671067E-15
6609.3145409488  8.733915E-15
6610.26155551228  8.528367E-15
6611.20857007576  8.331962E-15
6612.15558463924  8.416479E-15
6613.10259920271  8.297554E-15
6614.04961376619  8.320080E-15
6614.99662832967  8.624309E-15
6615.94364289315  8.389371E-15
6616.89065745663  8.409448E-15
6617.8376720201  8.417462E-15
6618.78468658358  8.311933E-15
6619.73170114706  8.150988E-15
6620.67871571054  8.000605E-15
6621.62573027401  8.406631E-15
6622.57274483749  8.087042E-15
6623.51975940097  8.342718E-15
6624.46677396444  8.589182E-15
6625.41378852792  8.549559E-15
6626.3608030914  8.721791E-15
6627.30781765488  8.611853E-15
6628.25483221836  8.660687E-15
6629.20184678183  8.511899E-15
6630.14886134531  8.093352E-15
6631.09587590879  8.530203E-15
6632.04289047227  8.730358E-15
6632.98990503574  8.702340E-15
6633.93691959922  8.546087E-15
6634.8839341627  8.213425E-15
6635.83094872618  8.448770E-15
6636.77796328965  8.735270E-15
6637.72497785313  8.621927E-15
6638.67199241661  8.434284E-15
6639.61900698009  8.267461E-15
6640.56602154356  8.630601E-15
6641.51303610704  8.522807E-15
6642.46005067052  8.783614E-15
6643.407065234  8.449669E-15
6644.35407979747  8.106638E-15
6645.30109436095  8.418394E-15
6646.24810892443  8.361891E-15
6647.19512348791  8.227849E-15
6648.14213805138  8.280596E-15
6649.08915261486  8.442087E-15
6650.03616717834  9.074028E-15
6650.98318174181  9.148788E-15
6651.93019630529  8.534307E-15
6652.87721086877  8.851288E-15
6653.82422543225  8.521540E-15
6654.77123999573  8.242339E-15
6655.7182545592  8.164724E-15
6656.66526912268  8.127800E-15
6657.61228368616  8.191845E-15
6658.55929824964  8.474150E-15
6659.50631281311  8.533937E-15
6660.45332737659  8.378850E-15
6661.40034194007  8.703011E-15
6662.34735650354  8.700012E-15
6663.29437106702  8.529252E-15
6664.2413856305  8.466402E-15
6665.18840019398  8.269820E-15
6666.13541475745  8.509627E-15
6667.08242932093  8.711663E-15
6668.02944388441  9.158578E-15
6668.97645844789  8.975284E-15
6669.92347301137  8.561005E-15
6670.87048757484  9.269680E-15
6671.81750213832  9.619823E-15
6672.7645167018  8.681881E-15
6673.71153126527  8.726938E-15
6674.65854582875  9.073399E-15
6675.60556039223  8.941359E-15
6676.55257495571  9.004828E-15
6677.49958951918  8.772392E-15
6678.44660408266  8.321764E-15
6679.39361864614  8.447824E-15
6680.34063320962  8.108237E-15
6681.2876477731  7.903342E-15
6682.23466233657  8.188751E-15
6683.18167690005  8.337876E-15
6684.12869146353  8.025830E-15
6685.07570602701  8.463481E-15
6686.02272059048  8.808087E-15
6686.96973515396  8.753160E-15
6687.91674971744  8.835702E-15
6688.86376428092  9.343007E-15
6689.81077884439  8.969521E-15
6690.75779340787  9.016882E-15
6691.70480797135  9.483191E-15
6692.65182253483  9.442738E-15
6693.59883709831  9.107889E-15
6694.54585166178  8.932499E-15
6695.49286622526  8.651946E-15
6696.43988078874  8.114910E-15
6697.38689535221  8.344219E-15
6698.33390991569  8.569555E-15
6699.28092447917  8.630835E-15
6700.22793904265  8.356574E-15
6701.17495360612  8.373748E-15
6702.1219681696  8.248924E-15
6703.06898273308  8.086135E-15
6704.01599729656  8.037906E-15
6704.96301186003  8.120872E-15
6705.91002642351  8.133057E-15
6706.85704098699  7.965970E-15
6707.80405555047  7.770920E-15
6708.75107011394  7.809747E-15
6709.69808467742  8.286642E-15
6710.6450992409  8.687463E-15
6711.59211380438  8.634368E-15
6712.53912836785  8.544928E-15
6713.48614293133  8.534289E-15
6714.43315749481  8.301911E-15
6715.38017205829  8.045204E-15
6716.32718662176  8.461077E-15
6717.27420118524  8.474668E-15
6718.22121574872  8.148975E-15
6719.1682303122  8.392568E-15
6720.11524487567  8.318929E-15
6721.06225943915  8.328158E-15
6722.00927400263  8.189543E-15
6722.95628856611  8.103520E-15
6723.90330312959  8.378981E-15
6724.85031769306  8.138843E-15
6725.79733225654  8.006925E-15
6726.74434682002  8.360153E-15
6727.6913613835  8.510941E-15
6728.63837594697  8.374793E-15
6729.58539051045  8.225601E-15
6730.53240507393  7.999983E-15
6731.4794196374  7.950385E-15
6732.42643420088  7.952952E-15
6733.37344876436  8.269303E-15
6734.32046332784  8.452059E-15
6735.26747789131  8.272923E-15
6736.21449245479  8.489234E-15
6737.16150701827  8.473523E-15
6738.10852158175  8.322797E-15
6739.05553614523  8.083340E-15
6740.0025507087  7.996437E-15
6740.94956527218  8.026854E-15
6741.89657983566  8.193376E-15
6742.84359439914  8.294887E-15
6743.79060896261  8.254415E-15
6744.73762352609  8.286911E-15
6745.68463808957  8.269445E-15
6746.63165265305  7.964173E-15
6747.57866721652  8.252273E-15
6748.52568178  8.477924E-15
6749.47269634348  8.015733E-15
6750.41971090696  8.061519E-15
6751.36672547043  8.025658E-15
6752.31374003391  7.919258E-15
6753.26075459739  7.651992E-15
6754.20776916086  8.204626E-15
6755.15478372434  8.388958E-15
6756.10179828782  8.258365E-15
6757.0488128513  8.245398E-15
6757.99582741477  8.226381E-15
6758.94284197825  8.285211E-15
6759.88985654173  8.750662E-15
6760.83687110521  8.386482E-15
6761.78388566869  8.249769E-15
6762.73090023216  8.170122E-15
6763.67791479564  8.231736E-15
6764.62492935912  8.074678E-15
6765.5719439226  8.274476E-15
6766.51895848607  8.383093E-15
6767.46597304955  8.326664E-15
6768.41298761303  8.176717E-15
6769.36000217651  8.116311E-15
6770.30701673998  8.286551E-15
6771.25403130346  8.363763E-15
6772.20104586694  8.008719E-15
6773.14806043042  8.311368E-15
6774.09507499389  8.243323E-15
6775.04208955737  8.321316E-15
6775.98910412085  8.213197E-15
6776.93611868433  7.766239E-15
6777.8831332478  7.833750E-15
6778.83014781128  8.120512E-15
6779.77716237476  8.165072E-15
6780.72417693824  8.396687E-15
6781.67119150171  8.295508E-15
6782.61820606519  7.994462E-15
6783.56522062867  7.679760E-15
6784.51223519214  8.203733E-15
6785.45924975562  8.313804E-15
6786.4062643191  8.158272E-15
6787.35327888258  8.118909E-15
6788.30029344606  8.201375E-15
6789.24730800953  8.366805E-15
6790.19432257301  8.455656E-15
6791.14133713649  7.992309E-15
6792.08835169997  8.146329E-15
6793.03536626344  8.215221E-15
6793.98238082692  8.163918E-15
6794.9293953904  8.277437E-15
6795.87640995388  7.941895E-15
6796.82342451735  8.078005E-15
6797.77043908083  8.512694E-15
6798.71745364431  8.004126E-15
6799.66446820779  8.126592E-15
6800.61148277126  8.162909E-15
6801.55849733474  8.170154E-15
6802.50551189822  8.366393E-15
6803.4525264617  8.178223E-15
6804.39954102517  7.932059E-15
6805.34655558865  7.991409E-15
6806.29357015213  8.320796E-15
6807.24058471561  8.162100E-15
6808.18759927908  8.237150E-15
6809.13461384256  8.098023E-15
6810.08162840604  7.880816E-15
6811.02864296952  8.079531E-15
6811.97565753299  8.312819E-15
6812.92267209647  8.358557E-15
6813.86968665995  8.295891E-15
6814.81670122343  7.720383E-15
6815.7637157869  7.537490E-15
6816.71073035038  7.869574E-15
6817.65774491386  8.105030E-15
6818.60475947734  8.404637E-15
6819.55177404081  8.079806E-15
6820.49878860429  7.743843E-15
6821.44580316777  7.949320E-15
6822.39281773125  8.208324E-15
6823.33983229472  8.308009E-15
6824.2868468582  8.071939E-15
6825.23386142168  7.621979E-15
6826.18087598516  7.765695E-15
6827.12789054864  8.163172E-15
6828.07490511211  8.136414E-15
6829.02191967559  8.134482E-15
6829.96893423907  7.899554E-15
6830.91594880254  8.061053E-15
6831.86296336602  8.186047E-15
6832.8099779295  8.197886E-15
6833.75699249298  8.114139E-15
6834.70400705645  8.259386E-15
6835.65102161993  8.212437E-15
6836.59803618341  8.038533E-15
6837.54505074689  7.987411E-15
6838.49206531037  7.848352E-15
6839.43907987384  7.610061E-15
6840.38609443732  7.560110E-15
6841.3331090008  7.488157E-15
6842.28012356427  7.659439E-15
6843.22713812775  8.003715E-15
6844.17415269123  8.076143E-15
6845.12116725471  8.377010E-15
6846.06818181818  8.295338E-15
6847.01519638166  8.098678E-15
6847.96221094514  8.337596E-15
6848.90922550862  8.284038E-15
6849.85624007209  7.979588E-15
6850.80325463557  7.909107E-15
6851.75026919905  7.641803E-15
6852.69728376253  7.446638E-15
6853.64429832601  7.937165E-15
6854.59131288948  7.972261E-15
6855.53832745296  8.052259E-15
6856.48534201644  7.851265E-15
6857.43235657991  7.356777E-15
6858.37937114339  7.774489E-15
6859.32638570687  7.792229E-15
6860.27340027035  8.223424E-15
6861.22041483382  8.176598E-15
6862.1674293973  7.908195E-15
6863.11444396078  7.908961E-15
6864.06145852426  7.706333E-15
6865.00847308774  7.499117E-15
6865.95548765121  6.899433E-15
6866.90250221469  6.131575E-15
6867.84951677817  5.321777E-15
6868.79653134164  5.540332E-15
6869.74354590512  5.620764E-15
6870.6905604686  5.506833E-15
6871.63757503208  5.948650E-15
6872.58458959555  5.768388E-15
6873.53160415903  6.058033E-15
6874.47861872251  5.662328E-15
6875.42563328599  5.919115E-15
6876.37264784946  6.496121E-15
6877.31966241294  6.701552E-15
6878.26667697642  6.544374E-15
6879.2136915399  7.030966E-15
6880.16070610338  7.124455E-15
6881.10772066685  7.356258E-15
6882.05473523033  7.452576E-15
6883.00174979381  7.490792E-15
6883.94876435729  7.821174E-15
6884.89577892076  7.444707E-15
6885.84279348424  6.818733E-15
6886.78980804772  6.592876E-15
6887.73682261119  6.794233E-15
6888.68383717467  6.972796E-15
6889.63085173815  6.655059E-15
6890.57786630163  6.646877E-15
6891.52488086511  6.825738E-15
6892.47189542858  6.718657E-15
6893.41890999206  6.911331E-15
6894.36592455554  6.917866E-15
6895.31293911901  6.969512E-15
6896.25995368249  7.443462E-15
6897.20696824597  7.568487E-15
6898.15398280945  7.502564E-15
6899.10099737292  7.418286E-15
6900.0480119364  7.423854E-15
6900.99502649988  7.374129E-15
6901.94204106336  6.972251E-15
6902.88905562684  7.146918E-15
6903.83607019031  7.138839E-15
6904.78308475379  7.460565E-15
6905.73009931727  7.651266E-15
6906.67711388075  7.499523E-15
6907.62412844422  7.595112E-15
6908.5711430077  7.765769E-15
6909.51815757118  8.146481E-15
6910.46517213466  7.597764E-15
6911.41218669813  7.438615E-15
6912.35920126161  7.486884E-15
6913.30621582509  7.816093E-15
6914.25323038857  7.860826E-15
6915.20024495205  7.759472E-15
6916.14725951552  7.911557E-15
6917.094274079  7.911412E-15
6918.04128864248  8.034327E-15
6918.98830320595  8.318896E-15
6919.93531776943  8.217732E-15
6920.88233233291  8.035099E-15
6921.82934689639  8.009997E-15
6922.77636145986  7.958930E-15
6923.72337602334  7.754063E-15
6924.67039058682  7.643674E-15
6925.6174051503  7.646388E-15
6926.56441971377  7.650183E-15
6927.51143427725  7.278949E-15
6928.45844884073  7.194484E-15
6929.40546340421  7.466900E-15
6930.35247796768  7.706748E-15
6931.29949253116  7.502868E-15
6932.24650709464  7.426454E-15
6933.19352165812  7.268765E-15
6934.14053622159  8.039639E-15
6935.08755078507  8.234601E-15
6936.03456534855  7.959618E-15
6936.98157991203  8.114165E-15
6937.92859447551  8.277768E-15
6938.87560903898  7.938410E-15
6939.82262360246  7.602285E-15
6940.76963816594  7.887589E-15
6941.71665272941  7.698245E-15
6942.66366729289  7.414887E-15
6943.61068185637  7.692514E-15
6944.55769641985  7.986495E-15
6945.50471098333  7.151067E-15
6946.4517255468  7.381530E-15
6947.39874011028  7.994011E-15
6948.34575467376  8.090657E-15
6949.29276923723  7.727821E-15
6950.23978380071  7.423936E-15
6951.18679836419  7.685298E-15
6952.13381292767  7.788299E-15
6953.08082749114  7.356898E-15
6954.02784205462  7.799446E-15
6954.9748566181  7.927359E-15
6955.92187118158  7.638098E-15
6956.86888574506  7.692102E-15
6957.81590030853  7.715981E-15
6958.76291487201  7.100814E-15
6959.70992943549  7.483435E-15
6960.65694399896  7.736204E-15
6961.60395856244  7.480471E-15
6962.55097312592  8.041668E-15
6963.4979876894  8.320992E-15
6964.44500225287  7.921343E-15
6965.39201681635  7.734749E-15
6966.33903137983  7.817620E-15
6967.28604594331  8.062752E-15
6968.23306050679  7.980251E-15
6969.18007507026  7.872200E-15
6970.12708963374  7.889763E-15
6971.07410419722  7.951345E-15
6972.02111876069  8.036693E-15
6972.96813332417  7.915326E-15
6973.91514788765  7.805669E-15
6974.86216245113  8.098178E-15
6975.8091770146  7.522575E-15
6976.75619157808  7.765158E-15
6977.70320614156  8.109452E-15
6978.65022070504  8.017109E-15
6979.59723526851  7.567491E-15
6980.54424983199  7.412064E-15
6981.49126439547  7.579938E-15
6982.43827895895  7.851349E-15
6983.38529352242  7.918419E-15
6984.3323080859  7.838461E-15
6985.27932264938  7.825333E-15
6986.22633721286  7.853525E-15
6987.17335177633  7.816196E-15
6988.12036633981  7.703103E-15
6989.06738090329  7.814392E-15
6990.01439546677  8.014715E-15
6990.96141003024  7.692004E-15
6991.90842459372  7.292552E-15
6992.8554391572  7.297080E-15
6993.80245372068  7.443837E-15
6994.74946828416  7.674849E-15
6995.69648284763  7.826936E-15
6996.64349741111  7.940052E-15
6997.59051197459  7.777606E-15
6998.53752653806  7.522246E-15
6999.48454110154  7.707140E-15
7000.43155566502  7.826872E-15
7001.3785702285  7.821634E-15
7002.32558479197  8.069437E-15
7003.27259935545  7.975122E-15
7004.21961391893  7.520489E-15
7005.16662848241  7.634463E-15
7006.11364304588  7.815291E-15
7007.06065760936  7.835849E-15
7008.00767217284  7.971297E-15
7008.95468673632  8.011983E-15
7009.90170129979  7.436970E-15
7010.84871586327  7.538603E-15
7011.79573042675  7.620250E-15
7012.74274499023  7.786206E-15
7013.68975955371  8.209142E-15
7014.63677411718  7.752021E-15
7015.58378868066  7.035714E-15
7016.53080324414  7.910819E-15
7017.47781780761  8.008522E-15
7018.42483237109  7.578599E-15
7019.37184693457  7.383432E-15
7020.31886149805  7.684136E-15
7021.26587606153  7.457971E-15
7022.212890625  7.629766E-15
