6053.4169921875  5.595561E-15
6054.3640096148  5.709169E-15
6055.31102704209  6.180908E-15
6056.25804446939  5.703710E-15
6057.20506189669  5.490896E-15
6058.15207932399  5.656032E-15
6059.09909675128  5.903587E-15
6060.04611417858  5.477872E-15
6060.99313160588  5.624353E-15
6061.94014903318  6.219501E-15
6062.88716646047  6.116180E-15
6063.83418388777  5.720252E-15
6064.78120131507  5.433499E-15
6065.72821874236  5.731366E-15
6066.67523616966  6.327226E-15
6067.62225359696  6.332533E-15
6068.56927102426  6.323619E-15
6069.51628845155  6.145468E-15
6070.46330587885  5.683526E-15
6071.41032330615  5.940005E-15
6072.35734073344  5.992471E-15
6073.30435816074  5.918803E-15
6074.25137558804  6.238524E-15
6075.19839301533  6.364617E-15
6076.14541044263  6.121774E-15
6077.09242786993  5.544260E-15
6078.03944529723  5.444856E-15
6078.98646272452  5.967133E-15
6079.93348015182  6.052012E-15
6080.88049757912  5.976828E-15
6081.82751500641  5.900598E-15
6082.77453243371  6.000882E-15
6083.72154986101  6.366690E-15
6084.66856728831  6.031403E-15
6085.6155847156  6.016821E-15
6086.5626021429  6.339889E-15
6087.5096195702  6.261952E-15
6088.4566369975  6.225604E-15
6089.40365442479  5.780000E-15
6090.35067185209  5.860810E-15
6091.29768927939  5.722346E-15
6092.24470670668  5.951891E-15
6093.19172413398  6.350635E-15
6094.13874156128  6.062424E-15
6095.08575898858  5.654155E-15
6096.03277641587  5.787126E-15
6096.97979384317  5.909680E-15
6097.92681127047  5.867813E-15
6098.87382869776  5.966683E-15
6099.82084612506  6.063467E-15
6100.76786355236  6.107493E-15
6101.71488097966  5.795960E-15
6102.66189840695  5.994594E-15
6103.60891583425  6.163948E-15
6104.55593326155  6.033754E-15
6105.50295068884  6.063731E-15
6106.44996811614  6.353619E-15
6107.39698554344  6.272559E-15
6108.34400297074  6.016243E-15
6109.29102039803  5.905775E-15
6110.23803782533  6.008291E-15
6111.18505525263  5.951779E-15
6112.13207267993  6.052368E-15
6113.07909010722  6.109637E-15
6114.02610753452  6.199108E-15
6114.97312496182  5.981790E-15
6115.92014238911  5.950118E-15
6116.86715981641  6.124333E-15
6117.81417724371  6.015567E-15
6118.76119467101  5.957815E-15
6119.7082120983  5.710163E-15
6120.6552295256  5.809375E-15
6121.6022469529  5.886461E-15
6122.54926438019  5.947928E-15
6123.49628180749  6.071458E-15
6124.44329923479  6.299151E-15
6125.39031666209  6.120072E-15
6126.33733408938  6.092301E-15
6127.28435151668  5.938397E-15
6128.23136894398  6.434384E-15
6129.17838637128  6.273078E-15
6130.12540379857  6.225887E-15
6131.07242122587  5.966948E-15
6132.01943865317  5.864093E-15
6132.96645608046  5.823647E-15
6133.91347350776  5.821032E-15
6134.86049093506  6.086476E-15
6135.80750836235  6.293347E-15
6136.75452578965  6.066749E-15
6137.70154321695  6.069562E-15
6138.64856064425  6.421923E-15
6139.59557807154  6.226369E-15
6140.54259549884  6.244400E-15
6141.48961292614  6.438458E-15
6142.43663035343  6.187489E-15
6143.38364778073  6.186392E-15
6144.33066520803  6.113339E-15
6145.27768263533  6.010421E-15
6146.22470006262  6.183272E-15
6147.17171748992  6.145337E-15
6148.11873491722  6.298404E-15
6149.06575234451  6.239778E-15
6150.01276977181  5.971102E-15
6150.95978719911  5.959034E-15
6151.90680462641  6.605511E-15
6152.8538220537  6.553222E-15
6153.800839481  6.643616E-15
6154.7478569083  6.382242E-15
6155.69487433559  5.977186E-15
6156.64189176289  6.263099E-15
6157.58890919019  6.239231E-15
6158.53592661748  6.393071E-15
6159.48294404478  6.637518E-15
6160.42996147208  6.470523E-15
6161.37697889938  5.888472E-15
6162.32399632668  6.128047E-15
6163.27101375397  6.281505E-15
6164.21803118127  6.229447E-15
6165.16504860857  5.790280E-15
6166.11206603586  5.917203E-15
6167.05908346316  6.075856E-15
6168.00610089046  5.841976E-15
6168.95311831775  6.373038E-15
6169.90013574505  6.314320E-15
6170.84715317235  6.183400E-15
6171.79417059965  5.762009E-15
6172.74118802694  5.820245E-15
6173.68820545424  5.767394E-15
6174.63522288154  3.989775E-15
6175.58224030883  4.738234E-15
6176.52925773613  5.853162E-15
6177.47627516343  5.909040E-15
6178.42329259073  5.945574E-15
6179.37031001802  5.954929E-15
6180.31732744532  6.030064E-15
6181.26434487262  6.144521E-15
6182.21136229992  6.329583E-15
6183.15837972721  6.404885E-15
6184.10539715451  6.134379E-15
6185.05241458181  5.844925E-15
6185.9994320091  5.562569E-15
6186.9464494364  5.589714E-15
6187.8934668637  6.023197E-15
6188.840484291  6.255767E-15
6189.78750171829  5.962726E-15
6190.73451914559  5.716802E-15
6191.68153657289  5.856102E-15
6192.62855400018  5.967498E-15
6193.57557142748  6.060098E-15
6194.52258885478  6.250925E-15
6195.46960628207  6.173579E-15
6196.41662370937  6.014097E-15
6197.36364113667  6.154380E-15
6198.31065856397  6.134288E-15
6199.25767599126  5.869537E-15
6200.20469341856  5.822909E-15
6201.15171084586  6.111445E-15
6202.09872827316  6.077595E-15
6203.04574570045  6.008708E-15
6203.99276312775  5.965756E-15
6204.93978055505  6.003797E-15
6205.88679798235  6.147758E-15
6206.83381540964  6.289085E-15
6207.78083283694  6.158594E-15
6208.72785026424  5.928972E-15
6209.67486769153  5.892216E-15
6210.62188511883  6.004011E-15
6211.56890254613  6.301860E-15
6212.51591997343  6.143456E-15
6213.46293740072  6.288800E-15
6214.40995482802  6.280052E-15
6215.35697225532  6.185836E-15
6216.30398968261  6.416201E-15
6217.25100710991  6.680410E-15
6218.19802453721  6.329920E-15
6219.14504196451  5.755014E-15
6220.0920593918  5.886837E-15
6221.0390768191  6.034109E-15
6221.9860942464  6.183900E-15
6222.93311167369  6.271559E-15
6223.88012910099  6.012560E-15
6224.82714652829  6.083855E-15
6225.77416395558  6.069450E-15
6226.72118138288  6.272728E-15
6227.66819881018  6.261808E-15
6228.61521623748  5.941429E-15
6229.56223366477  6.158252E-15
6230.50925109207  6.029165E-15
6231.45626851937  6.148931E-15
6232.40328594667  6.162550E-15
6233.35030337396  6.295771E-15
6234.29732080126  6.274677E-15
6235.24433822856  6.286467E-15
6236.19135565585  6.105314E-15
6237.13837308315  6.488106E-15
6238.08539051045  6.477424E-15
6239.03240793775  6.434121E-15
6239.97942536504  6.471704E-15
6240.92644279234  6.073953E-15
6241.87346021964  5.477162E-15
6242.82047764693  5.760070E-15
6243.76749507423  5.958691E-15
6244.71451250153  6.350199E-15
6245.66152992883  6.349676E-15
6246.60854735612  6.301952E-15
6247.55556478342  6.063978E-15
6248.50258221072  5.913626E-15
6249.44959963801  5.722966E-15
6250.39661706531  5.774778E-15
6251.34363449261  6.042227E-15
6252.29065191991  6.081758E-15
6253.2376693472  6.289978E-15
6254.1846867745  6.669995E-15
6255.1317042018  6.163476E-15
6256.07872162909  6.186352E-15
6257.02573905639  6.315487E-15
6257.97275648369  6.482559E-15
6258.91977391099  6.236672E-15
6259.86679133828  6.051720E-15
6260.81380876558  5.826539E-15
6261.76082619288  6.261654E-15
6262.70784362018  6.122445E-15
6263.65486104747  6.265080E-15
6264.60187847477  6.231732E-15
6265.54889590207  5.933596E-15
6266.49591332936  6.063118E-15
6267.44293075666  6.167416E-15
6268.38994818396  5.936753E-15
6269.33696561125  6.019971E-15
6270.28398303855  5.916529E-15
6271.23100046585  6.172240E-15
6272.17801789315  6.477516E-15
6273.12503532044  6.277491E-15
6274.07205274774  5.984683E-15
6275.01907017504  5.783441E-15
6275.96608760233  5.604291E-15
6276.91310502963  5.525787E-15
6277.86012245693  5.596500E-15
6278.80713988423  5.582780E-15
6279.75415731152  5.732269E-15
6280.70117473882  5.910065E-15
6281.64819216612  6.076147E-15
6282.59520959342  6.102958E-15
6283.54222702071  5.804976E-15
6284.48924444801  6.138233E-15
6285.43626187531  6.380223E-15
6286.38327930261  6.193308E-15
6287.3302967299  6.220455E-15
6288.2773141572  6.323793E-15
6289.2243315845  6.404622E-15
6290.17134901179  5.932543E-15
6291.11836643909  6.116297E-15
6292.06538386639  5.987513E-15
6293.01240129368  5.978921E-15
6293.95941872098  6.108526E-15
6294.90643614828  6.108972E-15
6295.85345357558  6.075008E-15
6296.80047100287  5.651068E-15
6297.74748843017  6.095232E-15
6298.69450585747  6.317483E-15
6299.64152328477  6.227968E-15
6300.58854071206  6.173719E-15
6301.53555813936  6.128161E-15
6302.48257556666  6.480712E-15
6303.42959299395  5.973849E-15
6304.37661042125  5.508948E-15
6305.32362784855  6.102223E-15
6306.27064527584  6.415964E-15
6307.21766270314  6.173283E-15
6308.16468013044  5.854224E-15
6309.11169755774  6.259019E-15
6310.05871498503  6.294287E-15
6311.00573241233  6.172917E-15
6311.95274983963  6.549884E-15
6312.89976726692  6.492925E-15
6313.84678469422  6.357081E-15
6314.79380212152  6.607364E-15
6315.74081954882  6.978449E-15
6316.68783697611  6.415098E-15
6317.63485440341  6.072887E-15
6318.58187183071  6.335169E-15
6319.52888925801  6.637864E-15
6320.4759066853  6.291021E-15
6321.4229241126  6.626479E-15
6322.3699415399  6.066273E-15
6323.31695896719  6.413339E-15
6324.26397639449  6.367888E-15
6325.21099382179  6.131254E-15
6326.15801124909  6.524564E-15
6327.10502867638  6.240088E-15
6328.05204610368  5.762031E-15
6328.99906353098  5.972052E-15
6329.94608095827  6.318392E-15
6330.89309838557  6.693570E-15
6331.84011581287  6.410846E-15
6332.78713324017  6.336839E-15
6333.73415066746  6.261181E-15
6334.68116809476  6.507010E-15
6335.62818552206  6.176408E-15
6336.57520294935  6.404763E-15
6337.52222037665  6.442638E-15
6338.46923780395  6.311928E-15
6339.41625523125  6.273670E-15
6340.36327265854  5.740919E-15
6341.31029008584  6.175988E-15
6342.25730751314  6.641567E-15
6343.20432494043  6.380514E-15
6344.15134236773  6.104859E-15
6345.09835979503  6.464914E-15
6346.04537722233  6.452733E-15
6346.99239464962  6.358900E-15
6347.93941207692  6.624559E-15
6348.88642950422  6.213937E-15
6349.83344693151  5.920232E-15
6350.78046435881  5.556994E-15
6351.72748178611  6.205913E-15
6352.67449921341  6.666269E-15
6353.6215166407  5.979895E-15
6354.568534068  6.165494E-15
6355.5155514953  6.548370E-15
6356.46256892259  6.336445E-15
6357.40958634989  6.265044E-15
6358.35660377719  6.309814E-15
6359.30362120449  6.636759E-15
6360.25063863178  6.931063E-15
6361.19765605908  6.752149E-15
6362.14467348638  6.849619E-15
6363.09169091367  6.699608E-15
6364.03870834097  6.593205E-15
6364.98572576827  6.306949E-15
6365.93274319557  6.056490E-15
6366.87976062286  6.328115E-15
6367.82677805016  6.613404E-15
6368.77379547746  6.603243E-15
6369.72081290475  6.945736E-15
6370.66783033205  6.743092E-15
6371.61484775935  6.593957E-15
6372.56186518665  6.674468E-15
6373.50888261394  6.174125E-15
6374.45590004124  5.750394E-15
6375.40291746854  6.414681E-15
6376.34993489584  6.688617E-15
6377.29695232313  5.953793E-15
6378.24396975043  5.734115E-15
6379.19098717773  6.231770E-15
6380.13800460502  6.505522E-15
6381.08502203232  6.303090E-15
6382.03203945962  6.336170E-15
6382.97905688692  6.549534E-15
6383.92607431421  6.693649E-15
6384.87309174151  6.437475E-15
6385.82010916881  6.302131E-15
6386.7671265961  6.223009E-15
6387.7141440234  6.417165E-15
6388.6611614507  6.261985E-15
6389.608178878  6.175642E-15
6390.55519630529  6.453866E-15
6391.50221373259  6.724828E-15
6392.44923115989  6.440392E-15
6393.39624858719  6.200093E-15
6394.34326601448  6.427355E-15
6395.29028344178  6.518664E-15
6396.23730086908  6.633926E-15
6397.18431829637  6.601480E-15
6398.13133572367  6.680421E-15
6399.07835315097  6.651000E-15
6400.02537057826  6.611769E-15
6400.97238800556  6.436385E-15
6401.91940543286  6.492034E-15
6402.86642286016  6.407132E-15
6403.81344028745  6.428600E-15
6404.76045771475  6.540719E-15
6405.70747514205  6.560015E-15
6406.65449256934  6.396231E-15
6407.60150999664  6.362208E-15
6408.54852742394  6.340656E-15
6409.49554485124  6.010730E-15
6410.44256227853  6.522428E-15
6411.38957970583  6.806704E-15
6412.33659713313  6.637437E-15
6413.28361456042  6.570450E-15
6414.23063198772  6.614559E-15
6415.17764941502  6.746506E-15
6416.12466684232  6.445886E-15
6417.07168426961  6.147699E-15
6418.01870169691  6.225093E-15
6418.96571912421  6.110979E-15
6419.9127365515  6.395080E-15
6420.8597539788  6.810300E-15
6421.8067714061  6.720070E-15
6422.7537888334  6.526560E-15
6423.70080626069  6.357532E-15
6424.64782368799  6.165953E-15
6425.59484111529  6.491997E-15
6426.54185854259  6.506481E-15
6427.48887596988  6.330488E-15
6428.43589339718  5.729712E-15
6429.38291082448  5.967503E-15
6430.32992825177  6.278741E-15
6431.27694567907  6.141320E-15
6432.22396310637  6.421815E-15
6433.17098053367  6.567850E-15
6434.11799796096  6.508222E-15
6435.06501538826  6.429965E-15
6436.01203281556  6.231266E-15
6436.95905024285  6.226409E-15
6437.90606767015  6.612514E-15
6438.85308509745  6.639681E-15
6439.80010252475  6.361325E-15
6440.74711995204  6.286129E-15
6441.69413737934  6.211440E-15
6442.64115480664  6.093178E-15
6443.58817223393  6.494797E-15
6444.53518966123  6.778385E-15
6445.48220708853  6.768983E-15
6446.42922451583  6.441202E-15
6447.37624194312  6.230804E-15
6448.32325937042  6.216055E-15
6449.27027679772  6.297975E-15
6450.21729422501  6.342922E-15
6451.16431165231  6.248314E-15
6452.11132907961  7.005116E-15
6453.05834650691  6.591955E-15
6454.0053639342  5.848060E-15
6454.9523813615  6.443939E-15
6455.8993987888  6.592167E-15
6456.8464162161  6.780254E-15
6457.79343364339  6.655339E-15
6458.74045107069  6.595067E-15
6459.68746849799  6.958742E-15
6460.63448592528  6.766346E-15
6461.58150335258  6.543282E-15
6462.52852077988  6.814689E-15
6463.47553820718  6.627375E-15
6464.42255563447  6.273372E-15
6465.36957306177  6.555496E-15
6466.31659048907  6.582782E-15
6467.26360791636  6.115796E-15
6468.21062534366  6.574708E-15
6469.15764277096  6.812431E-15
6470.10466019826  6.384693E-15
6471.05167762555  6.553222E-15
6471.99869505285  6.847733E-15
6472.94571248015  6.651615E-15
6473.89272990744  6.231968E-15
6474.83974733474  6.208644E-15
6475.78676476204  6.251992E-15
6476.73378218933  6.218924E-15
6477.68079961663  6.274563E-15
6478.62781704393  6.415165E-15
6479.57483447123  6.536498E-15
6480.52185189852  6.357377E-15
6481.46886932582  6.231029E-15
6482.41588675312  6.652335E-15
6483.36290418041  6.731044E-15
6484.30992160771  6.645311E-15
6485.25693903501  6.512927E-15
6486.20395646231  6.009240E-15
6487.1509738896  5.948634E-15
6488.0979913169  6.208105E-15
6489.0450087442  5.951776E-15
6489.9920261715  6.324235E-15
6490.93904359879  6.650006E-15
6491.88606102609  6.509432E-15
6492.83307845339  6.597986E-15
6493.78009588068  6.475225E-15
6494.72711330798  6.527222E-15
6495.67413073528  6.856135E-15
6496.62114816258  6.537437E-15
6497.56816558987  6.256218E-15
6498.51518301717  6.290819E-15
6499.46220044447  6.507439E-15
6500.40921787176  6.481715E-15
6501.35623529906  6.429941E-15
6502.30325272636  6.601936E-15
6503.25027015366  6.564606E-15
6504.19728758095  6.654979E-15
6505.14430500825  6.876762E-15
6506.09132243555  6.385735E-15
6507.03833986285  6.437454E-15
6507.98535729014  6.538385E-15
6508.93237471744  6.421838E-15
6509.87939214474  6.380292E-15
6510.82640957203  6.474499E-15
6511.77342699933  6.465431E-15
6512.72044442663  6.803914E-15
6513.66746185393  6.306548E-15
6514.61447928122  5.946912E-15
6515.56149670852  6.381855E-15
6516.50851413582  6.497662E-15
6517.45553156311  6.408801E-15
6518.40254899041  6.525250E-15
6519.34956641771  6.370707E-15
6520.296583845  6.245991E-15
6521.2436012723  6.352529E-15
6522.1906186996  6.714589E-15
6523.1376361269  7.076437E-15
6524.08465355419  7.110468E-15
6525.03167098149  6.915449E-15
6525.97868840879  6.987667E-15
6526.92570583609  6.707169E-15
6527.87272326338  6.561079E-15
6528.81974069068  6.790827E-15
6529.76675811798  6.800703E-15
6530.71377554527  6.541516E-15
6531.66079297257  6.585771E-15
6532.60781039987  7.113334E-15
6533.55482782717  7.070227E-15
6534.50184525446  7.068183E-15
6535.44886268176  6.999178E-15
6536.39588010906  6.704720E-15
6537.34289753635  6.887270E-15
6538.28991496365  7.121884E-15
6539.23693239095  6.983407E-15
6540.18394981825  7.186693E-15
6541.13096724554  8.037818E-15
6542.07798467284  8.394786E-15
6543.02500210014  8.174794E-15
6543.97201952744  8.177240E-15
6544.91903695473  8.380988E-15
6545.86605438203  8.556202E-15
6546.81307180933  8.790768E-15
6547.76008923662  9.356290E-15
6548.70710666392  9.803465E-15
6549.65412409122  1.028018E-14
6550.60114151852  1.080726E-14
6551.54815894581  1.106019E-14
6552.49517637311  1.153542E-14
6553.44219380041  1.188071E-14
6554.3892112277  1.224256E-14
6555.336228655  1.276182E-14
6556.2832460823  1.337403E-14
6557.23026350959  1.364700E-14
6558.17728093689  1.399076E-14
6559.12429836419  1.419257E-14
6560.07131579149  1.486811E-14
6561.01833321878  1.465707E-14
6561.96535064608  1.506310E-14
6562.91236807338  1.519437E-14
6563.85938550068  1.536930E-14
6564.80640292797  1.481818E-14
6565.75342035527  1.461709E-14
6566.70043778257  1.498087E-14
6567.64745520986  1.474500E-14
6568.59447263716  1.474528E-14
6569.54149006446  1.473730E-14
6570.48850749175  1.400190E-14
6571.43552491905  1.349829E-14
6572.38254234635  1.300726E-14
6573.32955977365  1.268883E-14
6574.27657720094  1.213484E-14
6575.22359462824  1.160611E-14
6576.17061205554  1.083259E-14
6577.11762948283  1.059851E-14
6578.06464691013  1.012291E-14
6579.01166433743  9.535369E-15
6579.95868176473  8.809952E-15
6580.90569919203  8.547435E-15
6581.85271661932  8.171240E-15
6582.79973404662  7.918539E-15
6583.74675147392  7.606996E-15
6584.69376890121  7.618097E-15
6585.64078632851  7.610254E-15
6586.58780375581  7.493313E-15
6587.5348211831  7.360723E-15
6588.4818386104  7.349880E-15
6589.4288560377  7.357013E-15
6590.375873465  7.029903E-15
6591.32289089229  7.234613E-15
6592.26990831959  6.875859E-15
6593.21692574689  6.769923E-15
6594.16394317418  7.110128E-15
6595.11096060148  7.183735E-15
6596.05797802878  6.501794E-15
6597.00499545608  6.475134E-15
6597.95201288337  6.338176E-15
6598.89903031067  6.601665E-15
6599.84604773797  6.477589E-15
6600.79306516526  6.764272E-15
6601.74008259256  6.720684E-15
6602.68710001986  6.720515E-15
6603.63411744716  6.754317E-15
6604.58113487445  6.688578E-15
6605.52815230175  6.956498E-15
6606.47516972905  6.761939E-15
6607.42218715634  6.452903E-15
6608.36920458364  6.484970E-15
6609.31622201094  6.446694E-15
6610.26323943824  6.688516E-15
6611.21025686553  6.664693E-15
6612.15727429283  6.306748E-15
6613.10429172013  6.250041E-15
6614.05130914742  6.329886E-15
6614.99832657472  6.515346E-15
6615.94534400202  6.719877E-15
6616.89236142932  6.370724E-15
6617.83937885661  6.078101E-15
6618.78639628391  6.509234E-15
6619.73341371121  6.529094E-15
6620.68043113851  6.682215E-15
6621.6274485658  6.526701E-15
6622.5744659931  6.160224E-15
6623.5214834204  5.938171E-15
6624.46850084769  6.399214E-15
6625.41551827499  6.232264E-15
6626.36253570229  6.050976E-15
6627.30955312959  6.446261E-15
6628.25657055688  6.398132E-15
6629.20358798418  6.525685E-15
6630.15060541148  6.728563E-15
6631.09762283877  6.784407E-15
6632.04464026607  6.370069E-15
6632.99165769337  6.220719E-15
6633.93867512067  6.787311E-15
6634.88569254796  6.395932E-15
6635.83270997526  6.643978E-15
6636.77972740256  6.897831E-15
6637.72674482985  6.319837E-15
6638.67376225715  6.419039E-15
6639.62077968445  6.788403E-15
6640.56779711175  6.592340E-15
6641.51481453904  6.312018E-15
6642.46183196634  6.340954E-15
6643.40884939364  6.329693E-15
6644.35586682093  6.181622E-15
6645.30288424823  6.608366E-15
6646.24990167553  6.138729E-15
6647.19691910283  6.229386E-15
6648.14393653012  6.138138E-15
6649.09095395742  6.394363E-15
6650.03797138472  6.455326E-15
6650.98498881202  6.525591E-15
6651.93200623931  6.196227E-15
6652.87902366661  6.086689E-15
6653.82604109391  6.398439E-15
6654.7730585212  6.466455E-15
6655.7200759485  6.343442E-15
6656.6670933758  6.643408E-15
6657.6141108031  7.023144E-15
6658.56112823039  7.007192E-15
6659.50814565769  6.396905E-15
6660.45516308499  6.127259E-15
6661.40218051228  6.224696E-15
6662.34919793958  6.271514E-15
6663.29621536688  6.513002E-15
6664.24323279418  6.608442E-15
6665.19025022147  6.268200E-15
6666.13726764877  6.683603E-15
6667.08428507607  7.170125E-15
6668.03130250336  7.141983E-15
6668.97831993066  6.830937E-15
6669.92533735796  6.921742E-15
6670.87235478525  7.276451E-15
6671.81937221255  7.272015E-15
6672.76638963985  7.111350E-15
6673.71340706715  7.258212E-15
6674.66042449444  7.341361E-15
6675.60744192174  7.022933E-15
6676.55445934904  6.730244E-15
6677.50147677634  6.846301E-15
6678.44849420363  6.866725E-15
6679.39551163093  6.800459E-15
6680.34252905823  6.855717E-15
6681.28954648553  6.434899E-15
6682.23656391282  6.607015E-15
6683.18358134012  7.087173E-15
6684.13059876742  7.321723E-15
6685.07761619471  7.290561E-15
6686.02463362201  7.008388E-15
6686.97165104931  7.119812E-15
6687.9186684766  7.481098E-15
6688.8656859039  7.089900E-15
6689.8127033312  7.222759E-15
6690.75972075849  6.589915E-15
6691.70673818579  6.752620E-15
6692.65375561309  7.045024E-15
6693.60077304039  6.882800E-15
6694.54779046768  6.681816E-15
6695.49480789498  6.567162E-15
6696.44182532228  6.684915E-15
6697.38884274958  6.304419E-15
6698.33586017687  6.246857E-15
6699.28287760417  6.710548E-15
6700.22989503147  6.388425E-15
6701.17691245877  6.160521E-15
6702.12392988606  6.944642E-15
6703.07094731336  6.733206E-15
6704.01796474066  6.137511E-15
6704.96498216795  6.413273E-15
6705.91199959525  6.484836E-15
6706.85901702255  6.367480E-15
6707.80603444984  6.524370E-15
6708.75305187714  6.549458E-15
6709.70006930444  6.637817E-15
6710.64708673174  6.479048E-15
6711.59410415903  6.297634E-15
6712.54112158633  6.188373E-15
6713.48813901363  6.183661E-15
6714.43515644093  6.393044E-15
6715.38217386822  6.450723E-15
6716.32919129552  6.232963E-15
6717.27620872282  6.339442E-15
6718.22322615011  6.289766E-15
6719.17024357741  6.269089E-15
6720.11726100471  6.498372E-15
6721.06427843201  6.326394E-15
6722.0112958593  6.537467E-15
6722.9583132866  6.764445E-15
6723.9053307139  6.545695E-15
6724.85234814119  6.644867E-15
6725.79936556849  6.970344E-15
6726.74638299579  6.621438E-15
6727.69340042309  6.455846E-15
6728.64041785038  6.371349E-15
6729.58743527768  6.336588E-15
6730.53445270498  6.666674E-15
6731.48147013227  6.699807E-15
6732.42848755957  6.444923E-15
6733.37550498687  6.249878E-15
6734.32252241417  6.403942E-15
6735.26953984146  6.311131E-15
6736.21655726876  6.223001E-15
6737.16357469606  6.380443E-15
6738.11059212335  6.616028E-15
6739.05760955065  6.463667E-15
6740.00462697795  6.304518E-15
6740.95164440525  6.424194E-15
6741.89866183254  6.755035E-15
6742.84567925984  6.738350E-15
6743.79269668714  6.316506E-15
6744.73971411443  6.203452E-15
6745.68673154173  6.111093E-15
6746.63374896903  6.616301E-15
6747.58076639633  6.884313E-15
6748.52778382362  6.621315E-15
6749.47480125092  6.439530E-15
6750.42181867822  6.413820E-15
6751.36883610552  6.215691E-15
6752.31585353281  6.366752E-15
6753.26287096011  6.157520E-15
6754.20988838741  6.220516E-15
6755.1569058147  6.380524E-15
6756.103923242  6.529633E-15
6757.0509406693  6.405024E-15
6757.9979580966  6.342836E-15
6758.94497552389  6.494805E-15
6759.89199295119  6.546066E-15
6760.83901037849  6.591711E-15
6761.78602780578  6.216584E-15
6762.73304523308  6.011613E-15
6763.68006266038  6.159868E-15
6764.62708008768  6.456906E-15
6765.57409751497  6.115033E-15
6766.52111494227  6.027934E-15
6767.46813236957  6.276236E-15
6768.41514979686  6.399576E-15
6769.36216722416  6.689225E-15
6770.30918465146  6.414324E-15
6771.25620207876  6.230526E-15
6772.20321950605  5.601378E-15
6773.15023693335  6.162371E-15
6774.09725436065  6.484207E-15
6775.04427178794  6.372110E-15
6775.99128921524  6.158867E-15
6776.93830664254  6.231326E-15
6777.88532406983  6.328840E-15
6778.83234149713  6.392818E-15
6779.77935892443  6.367199E-15
6780.72637635173  5.882105E-15
6781.67339377902  6.288204E-15
6782.62041120632  6.410645E-15
6783.56742863362  6.320153E-15
6784.51444606092  6.535828E-15
6785.46146348821  6.836676E-15
6786.40848091551  6.135681E-15
6787.35549834281  6.117194E-15
6788.3025157701  6.535713E-15
6789.2495331974  6.384537E-15
6790.1965506247  6.368467E-15
6791.143568052  6.434835E-15
6792.09058547929  6.281633E-15
6793.03760290659  6.273508E-15
6793.98462033389  6.361065E-15
6794.93163776118  6.199850E-15
6795.87865518848  6.364314E-15
6796.82567261578  6.389716E-15
6797.77269004308  6.330541E-15
6798.71970747037  6.436228E-15
6799.66672489767  6.523970E-15
6800.61374232497  6.413426E-15
6801.56075975226  6.035271E-15
6802.50777717956  6.480033E-15
6803.45479460686  6.316188E-15
6804.40181203416  6.421292E-15
6805.34882946145  6.546553E-15
6806.29584688875  6.606732E-15
6807.24286431605  6.328378E-15
6808.18988174334  6.435564E-15
6809.13689917064  6.696980E-15
6810.08391659794  6.444751E-15
6811.03093402524  6.353076E-15
6811.97795145253  6.237609E-15
6812.92496887983  6.505523E-15
6813.87198630713  6.196431E-15
6814.81900373443  6.644054E-15
6815.76602116172  6.803399E-15
6816.71303858902  6.272809E-15
6817.66005601632  6.300057E-15
6818.60707344361  6.809868E-15
6819.55409087091  6.441332E-15
6820.50110829821  6.276390E-15
6821.44812572551  6.532754E-15
6822.3951431528  6.686523E-15
6823.3421605801  6.531615E-15
6824.2891780074  6.289687E-15
6825.23619543469  6.699386E-15
6826.18321286199  6.393479E-15
6827.13023028929  6.489289E-15
6828.07724771659  6.312638E-15
6829.02426514388  5.936675E-15
6829.97128257118  6.605450E-15
6830.91829999848  6.265894E-15
6831.86531742577  6.039818E-15
6832.81233485307  6.258210E-15
6833.75935228037  6.245521E-15
6834.70636970767  6.298642E-15
6835.65338713496  6.385072E-15
6836.60040456226  6.585964E-15
6837.54742198956  6.144253E-15
6838.49443941685  6.618639E-15
6839.44145684415  6.518218E-15
6840.38847427145  6.359705E-15
6841.33549169875  6.259915E-15
6842.28250912604  6.499011E-15
6843.22952655334  6.456272E-15
6844.17654398064  6.037847E-15
6845.12356140793  6.058268E-15
6846.07057883523  5.918195E-15
6847.01759626253  6.181001E-15
6847.96461368983  6.277076E-15
6848.91163111712  6.634131E-15
6849.85864854442  6.648034E-15
6850.80566597172  6.402972E-15
6851.75268339902  6.142907E-15
6852.69970082631  6.291153E-15
6853.64671825361  6.537802E-15
6854.59373568091  6.323472E-15
6855.5407531082  6.452240E-15
6856.4877705355  6.321309E-15
6857.4347879628  6.496582E-15
6858.38180539009  6.265956E-15
6859.32882281739  6.180903E-15
6860.27584024469  6.201866E-15
6861.22285767199  6.371022E-15
6862.16987509928  6.135416E-15
6863.11689252658  6.340979E-15
6864.06390995388  6.118889E-15
6865.01092738118  5.939580E-15
6865.95794480847  5.292317E-15
6866.90496223577  4.626359E-15
6867.85197966307  4.739922E-15
6868.79899709036  4.498851E-15
6869.74601451766  3.742197E-15
6870.69303194496  4.023764E-15
6871.64004937226  4.615433E-15
6872.58706679955  4.743335E-15
6873.53408422685  4.860658E-15
6874.48110165415  4.394641E-15
6875.42811908144  4.883912E-15
6876.37513650874  5.218017E-15
6877.32215393604  5.472063E-15
6878.26917136333  5.472899E-15
6879.21618879063  5.426993E-15
6880.16320621793  5.878956E-15
6881.11022364523  6.198232E-15
6882.05724107252  5.993445E-15
6883.00425849982  5.537217E-15
6883.95127592712  5.696254E-15
6884.89829335442  5.777409E-15
6885.84531078171  5.830690E-15
6886.79232820901  5.337862E-15
6887.73934563631  5.299463E-15
6888.6863630636  5.695442E-15
6889.6333804909  5.570399E-15
6890.5803979182  5.702475E-15
6891.5274153455  5.618024E-15
6892.47443277279  5.541569E-15
6893.42145020009  5.878726E-15
6894.36846762739  5.491537E-15
6895.31548505468  5.404888E-15
6896.26250248198  5.701044E-15
6897.20951990928  5.515411E-15
6898.15653733658  5.586143E-15
6899.10355476387  5.725381E-15
6900.05057219117  5.772224E-15
6900.99758961847  5.547503E-15
6901.94460704576  5.855305E-15
6902.89162447306  5.798941E-15
6903.83864190036  5.772549E-15
6904.78565932766  6.181898E-15
6905.73267675496  6.406380E-15
6906.67969418225  6.090920E-15
6907.62671160955  5.661714E-15
6908.57372903685  5.866494E-15
6909.52074646414  6.037549E-15
6910.46776389144  6.129431E-15
6911.41478131874  6.278064E-15
6912.36179874603  5.971663E-15
6913.30881617333  6.109905E-15
6914.25583360063  6.050455E-15
6915.20285102792  5.911315E-15
6916.14986845522  6.187531E-15
6917.09688588252  5.852218E-15
6918.04390330982  5.937376E-15
6918.99092073711  6.014827E-15
6919.93793816441  5.904407E-15
6920.88495559171  5.807329E-15
6921.83197301901  5.612374E-15
6922.7789904463  5.940544E-15
6923.7260078736  6.025244E-15
6924.6730253009  6.274586E-15
6925.62004272819  6.098074E-15
6926.56706015549  5.783347E-15
6927.51407758279  5.779443E-15
6928.46109501009  6.285057E-15
6929.40811243738  6.326536E-15
6930.35512986468  6.233777E-15
6931.30214729198  6.406246E-15
6932.24916471927  6.498125E-15
6933.19618214657  6.326747E-15
6934.14319957387  5.810142E-15
6935.09021700117  5.984720E-15
6936.03723442846  6.076040E-15
6936.98425185576  6.369784E-15
6937.93126928306  6.141991E-15
6938.87828671035  6.002600E-15
6939.82530413765  6.175450E-15
6940.77232156495  6.374669E-15
6941.71933899225  6.393948E-15
6942.66635641954  6.211114E-15
6943.61337384684  6.375470E-15
6944.56039127414  6.274487E-15
6945.50740870143  6.373997E-15
6946.45442612873  5.908840E-15
6947.40144355603  6.067026E-15
6948.34846098333  6.300907E-15
6949.29547841062  6.438222E-15
6950.24249583792  6.282423E-15
6951.18951326522  6.290068E-15
6952.13653069252  6.488367E-15
6953.08354811981  6.194286E-15
6954.03056554711  5.978398E-15
6954.97758297441  5.928821E-15
6955.9246004017  6.107142E-15
6956.871617829  6.520911E-15
6957.8186352563  6.243640E-15
6958.76565268359  6.114699E-15
6959.71267011089  5.986145E-15
6960.65968753819  6.424422E-15
6961.60670496549  6.338278E-15
6962.55372239278  6.323050E-15
6963.50073982008  6.464555E-15
6964.44775724738  6.174729E-15
6965.39477467468  6.003947E-15
6966.34179210197  5.916967E-15
6967.28880952927  5.814339E-15
6968.23582695657  6.055015E-15
6969.18284438386  6.390218E-15
6970.12986181116  6.367785E-15
6971.07687923846  5.819409E-15
6972.02389666576  6.231099E-15
6972.97091409305  6.160748E-15
6973.91793152035  6.165740E-15
6974.86494894765  6.566358E-15
6975.81196637494  6.215922E-15
6976.75898380224  6.146091E-15
6977.70600122954  6.259161E-15
6978.65301865683  6.000955E-15
6979.60003608413  5.922453E-15
6980.54705351143  5.875763E-15
6981.49407093873  6.310714E-15
6982.44108836603  6.597400E-15
6983.38810579332  6.410352E-15
6984.33512322062  6.319542E-15
6985.28214064792  6.203999E-15
6986.22915807521  5.993833E-15
6987.17617550251  6.170842E-15
6988.12319292981  6.201810E-15
6989.07021035711  6.329923E-15
6990.0172277844  6.340086E-15
6990.9642452117  6.482322E-15
6991.911262639  6.522941E-15
6992.85828006629  6.302094E-15
6993.80529749359  6.251159E-15
6994.75231492089  6.267706E-15
6995.69933234818  6.261205E-15
6996.64634977548  6.542756E-15
6997.59336720278  6.573630E-15
6998.54038463008  6.591435E-15
6999.48740205737  6.328633E-15
7000.43441948467  6.270021E-15
7001.38143691197  6.136819E-15
7002.32845433926  6.035060E-15
7003.27547176656  6.371910E-15
7004.22248919386  6.498882E-15
7005.16950662116  6.446437E-15
7006.11652404845  6.013965E-15
7007.06354147575  6.005448E-15
7008.01055890305  6.444117E-15
7008.95757633034  6.202467E-15
7009.90459375764  5.961122E-15
7010.85161118494  6.140519E-15
7011.79862861224  6.002884E-15
7012.74564603953  6.112741E-15
7013.69266346683  6.280181E-15
7014.63968089413  6.181495E-15
7015.58669832142  5.804138E-15
7016.53371574872  5.839947E-15
7017.48073317602  6.114851E-15
7018.42775060332  5.731025E-15
7019.37476803061  6.140521E-15
7020.32178545791  6.246998E-15
7021.26880288521  6.358603E-15
7022.21582031251  6.143494E-15
