6053.4208984375  1.090321E-14
6054.36791920592  1.161404E-14
6055.31493997434  1.197603E-14
6056.26196074276  1.218018E-14
6057.20898151118  1.141414E-14
6058.1560022796  1.137104E-14
6059.10302304802  1.171814E-14
6060.05004381644  1.169163E-14
6060.99706458486  1.164337E-14
6061.94408535328  1.166336E-14
6062.8911061217  1.174099E-14
6063.83812689012  1.203763E-14
6064.78514765854  1.209718E-14
6065.73216842696  1.169772E-14
6066.67918919538  1.208496E-14
6067.6262099638  1.212834E-14
6068.57323073222  1.129031E-14
6069.52025150064  1.132737E-14
6070.46727226906  1.174343E-14
6071.41429303748  1.151925E-14
6072.3613138059  1.173095E-14
6073.30833457432  1.138242E-14
6074.25535534274  1.206116E-14
6075.20237611116  1.225991E-14
6076.14939687958  1.184357E-14
6077.096417648  1.174654E-14
6078.04343841642  1.202792E-14
6078.99045918484  1.205621E-14
6079.93747995326  1.197347E-14
6080.88450072168  1.209271E-14
6081.8315214901  1.208082E-14
6082.77854225852  1.193216E-14
6083.72556302694  1.169776E-14
6084.67258379536  1.138536E-14
6085.61960456378  1.142176E-14
6086.5666253322  1.182302E-14
6087.51364610062  1.221629E-14
6088.46066686905  1.223537E-14
6089.40768763746  1.181366E-14
6090.35470840588  1.144706E-14
6091.3017291743  1.147681E-14
6092.24874994272  1.176582E-14
6093.19577071114  1.189113E-14
6094.14279147956  1.152400E-14
6095.08981224799  1.123782E-14
6096.0368330164  1.177987E-14
6096.98385378483  1.140197E-14
6097.93087455324  1.128075E-14
6098.87789532166  1.127367E-14
6099.82491609009  1.190695E-14
6100.77193685851  1.207967E-14
6101.71895762693  1.213817E-14
6102.66597839535  1.178260E-14
6103.61299916377  1.150198E-14
6104.56001993219  1.189181E-14
6105.50704070061  1.140714E-14
6106.45406146903  1.140300E-14
6107.40108223745  1.161220E-14
6108.34810300587  1.180897E-14
6109.29512377429  1.238166E-14
6110.24214454271  1.240476E-14
6111.18916531113  1.216640E-14
6112.13618607955  1.179561E-14
6113.08320684797  1.167008E-14
6114.03022761639  1.192777E-14
6114.97724838481  1.214876E-14
6115.92426915323  1.201633E-14
6116.87128992165  1.135901E-14
6117.81831069007  1.101768E-14
6118.76533145849  1.129286E-14
6119.71235222691  1.160198E-14
6120.65937299533  1.135299E-14
6121.60639376375  1.075477E-14
6122.55341453217  1.091081E-14
6123.50043530059  1.142747E-14
6124.44745606901  1.242730E-14
6125.39447683743  1.207342E-14
6126.34149760585  1.189190E-14
6127.28851837427  1.215464E-14
6128.23553914269  1.183053E-14
6129.18255991111  1.187625E-14
6130.12958067953  1.171616E-14
6131.07660144795  1.143153E-14
6132.02362221637  1.194262E-14
6132.97064298479  1.200607E-14
6133.91766375321  1.179405E-14
6134.86468452163  1.259314E-14
6135.81170529005  1.245615E-14
6136.75872605847  1.155436E-14
6137.70574682689  1.178572E-14
6138.65276759531  1.169139E-14
6139.59978836373  1.184311E-14
6140.54680913215  1.210166E-14
6141.49382990057  1.196671E-14
6142.44085066899  1.175454E-14
6143.38787143741  1.242103E-14
6144.33489220583  1.227680E-14
6145.28191297425  1.176875E-14
6146.22893374267  1.197723E-14
6147.17595451109  1.259268E-14
6148.12297527951  1.191566E-14
6149.06999604793  1.242473E-14
6150.01701681635  1.258041E-14
6150.96403758477  1.193280E-14
6151.91105835319  1.209363E-14
6152.85807912161  1.211328E-14
6153.80509989003  1.167553E-14
6154.75212065845  1.191241E-14
6155.69914142687  1.140581E-14
6156.64616219529  1.150562E-14
6157.59318296371  1.166727E-14
6158.54020373213  1.175463E-14
6159.48722450055  1.203958E-14
6160.43424526897  1.212566E-14
6161.38126603739  1.203009E-14
6162.32828680581  1.195179E-14
6163.27530757423  1.169449E-14
6164.22232834265  1.150447E-14
6165.16934911107  1.213417E-14
6166.11636987949  1.229667E-14
6167.06339064791  1.196113E-14
6168.01041141633  1.172393E-14
6168.95743218475  1.202231E-14
6169.90445295317  1.231590E-14
6170.85147372159  1.266711E-14
6171.79849449001  1.184639E-14
6172.74551525843  1.195420E-14
6173.69253602685  1.174699E-14
6174.63955679527  7.833159E-15
6175.58657756369  9.713536E-15
6176.53359833211  1.262400E-14
6177.48061910053  1.230135E-14
6178.42763986895  1.181388E-14
6179.37466063737  1.199420E-14
6180.32168140579  1.182658E-14
6181.26870217421  1.218693E-14
6182.21572294263  1.286431E-14
6183.16274371105  1.256949E-14
6184.10976447947  1.223465E-14
6185.05678524789  1.169444E-14
6186.00380601631  1.146196E-14
6186.95082678473  1.198404E-14
6187.89784755315  1.263473E-14
6188.84486832157  1.277439E-14
6189.79188908999  1.228224E-14
6190.73890985841  1.141771E-14
6191.68593062683  1.130780E-14
6192.63295139525  1.206772E-14
6193.57997216367  1.165458E-14
6194.52699293209  1.192513E-14
6195.47401370051  1.234420E-14
6196.42103446893  1.206095E-14
6197.36805523735  1.239056E-14
6198.31507600577  1.246181E-14
6199.26209677419  1.208383E-14
6200.20911754262  1.186511E-14
6201.15613831103  1.174612E-14
6202.10315907946  1.175585E-14
6203.05017984787  1.192700E-14
6203.99720061629  1.197658E-14
6204.94422138471  1.189304E-14
6205.89124215314  1.158943E-14
6206.83826292156  1.223347E-14
6207.78528368998  1.210779E-14
6208.7323044584  1.121035E-14
6209.67932522682  1.185189E-14
6210.62634599524  1.274854E-14
6211.57336676365  1.203230E-14
6212.52038753207  1.186465E-14
6213.4674083005  1.221240E-14
6214.41442906892  1.235353E-14
6215.36144983734  1.220350E-14
6216.30847060576  1.181689E-14
6217.25549137418  1.147684E-14
6218.2025121426  1.114382E-14
6219.14953291102  1.178235E-14
6220.09655367944  1.240603E-14
6221.04357444786  1.275979E-14
6221.99059521628  1.260918E-14
6222.9376159847  1.228503E-14
6223.88463675312  1.230920E-14
6224.83165752154  1.215408E-14
6225.77867828996  1.216867E-14
6226.72569905838  1.237258E-14
6227.6727198268  1.132333E-14
6228.61974059522  1.146557E-14
6229.56676136364  1.170470E-14
6230.51378213206  1.264601E-14
6231.46080290048  1.238457E-14
6232.4078236689  1.171059E-14
6233.35484443732  1.194606E-14
6234.30186520574  1.153939E-14
6235.24888597416  1.144297E-14
6236.19590674258  1.203475E-14
6237.142927511  1.215968E-14
6238.08994827942  1.176009E-14
6239.03696904784  1.190972E-14
6239.98398981626  1.307001E-14
6240.93101058468  1.246375E-14
6241.8780313531  1.195717E-14
6242.82505212152  1.204802E-14
6243.77207288994  1.243612E-14
6244.71909365836  1.204930E-14
6245.66611442678  1.225126E-14
6246.6131351952  1.247746E-14
6247.56015596362  1.216504E-14
6248.50717673204  1.203324E-14
6249.45419750046  1.226658E-14
6250.40121826888  1.208085E-14
6251.3482390373  1.179983E-14
6252.29525980572  1.210927E-14
6253.24228057414  1.218900E-14
6254.18930134256  1.228364E-14
6255.13632211098  1.209106E-14
6256.0833428794  1.207163E-14
6257.03036364782  1.226254E-14
6257.97738441624  1.240643E-14
6258.92440518466  1.242642E-14
6259.87142595308  1.182329E-14
6260.8184467215  1.119942E-14
6261.76546748992  1.213596E-14
6262.71248825834  1.212226E-14
6263.65950902676  1.225743E-14
6264.60652979518  1.284743E-14
6265.5535505636  1.255385E-14
6266.50057133202  1.220023E-14
6267.44759210044  1.218503E-14
6268.39461286886  1.225715E-14
6269.34163363728  1.256868E-14
6270.2886544057  1.258843E-14
6271.23567517412  1.249947E-14
6272.18269594254  1.235189E-14
6273.12971671096  1.210437E-14
6274.07673747938  1.158353E-14
6275.0237582478  1.122100E-14
6275.97077901622  1.118377E-14
6276.91779978464  1.151089E-14
6277.86482055306  1.134901E-14
6278.81184132148  1.150388E-14
6279.7588620899  1.185456E-14
6280.70588285832  1.169042E-14
6281.65290362674  1.208876E-14
6282.59992439516  1.180292E-14
6283.54694516358  1.213555E-14
6284.493965932  1.253429E-14
6285.44098670042  1.249154E-14
6286.38800746884  1.263216E-14
6287.33502823726  1.242972E-14
6288.28204900568  1.190104E-14
6289.2290697741  1.170704E-14
6290.17609054252  1.180221E-14
6291.12311131094  1.250927E-14
6292.07013207936  1.249356E-14
6293.01715284778  1.250055E-14
6293.9641736162  1.225715E-14
6294.91119438462  1.176475E-14
6295.85821515304  1.189258E-14
6296.80523592146  1.219916E-14
6297.75225668988  1.204275E-14
6298.6992774583  1.214297E-14
6299.64629822672  1.232019E-14
6300.59331899515  1.233835E-14
6301.54033976356  1.203836E-14
6302.48736053198  1.210104E-14
6303.4343813004  1.200191E-14
6304.38140206882  1.254396E-14
6305.32842283724  1.275485E-14
6306.27544360566  1.208471E-14
6307.22246437409  1.194021E-14
6308.16948514251  1.231663E-14
6309.11650591093  1.239879E-14
6310.06352667934  1.194762E-14
6311.01054744777  1.179276E-14
6311.95756821619  1.237719E-14
6312.9045889846  1.169955E-14
6313.85160975303  1.134999E-14
6314.79863052145  1.232050E-14
6315.74565128986  1.234535E-14
6316.69267205829  1.172640E-14
6317.6396928267  1.240506E-14
6318.58671359513  1.220598E-14
6319.53373436355  1.184324E-14
6320.48075513197  1.166085E-14
6321.42777590039  1.181963E-14
6322.37479666881  1.185629E-14
6323.32181743723  1.232165E-14
6324.26883820565  1.233839E-14
6325.21585897407  1.164437E-14
6326.16287974249  1.236538E-14
6327.10990051091  1.228431E-14
6328.05692127933  1.241276E-14
6329.00394204775  1.176737E-14
6329.95096281617  1.191761E-14
6330.89798358459  1.189688E-14
6331.84500435301  1.194530E-14
6332.79202512143  1.199891E-14
6333.73904588985  1.197382E-14
6334.68606665827  1.164785E-14
6335.63308742669  1.247442E-14
6336.58010819511  1.238494E-14
6337.52712896353  1.279249E-14
6338.47414973195  1.321181E-14
6339.42117050037  1.260445E-14
6340.36819126879  1.237758E-14
6341.31521203721  1.272751E-14
6342.26223280563  1.187573E-14
6343.20925357405  1.253501E-14
6344.15627434247  1.225475E-14
6345.10329511089  1.254697E-14
6346.05031587931  1.246593E-14
6346.99733664773  1.216042E-14
6347.94435741615  1.284992E-14
6348.89137818457  1.249089E-14
6349.83839895299  1.210655E-14
6350.78541972141  1.165227E-14
6351.73244048983  1.209695E-14
6352.67946125825  1.290704E-14
6353.62648202667  1.282865E-14
6354.57350279509  1.267162E-14
6355.52052356351  1.230339E-14
6356.46754433193  1.228833E-14
6357.41456510035  1.224483E-14
6358.36158586877  1.232792E-14
6359.30860663719  1.250034E-14
6360.25562740561  1.281914E-14
6361.20264817403  1.308309E-14
6362.14966894245  1.291466E-14
6363.09668971087  1.256575E-14
6364.04371047929  1.260457E-14
6364.99073124771  1.220801E-14
6365.93775201613  1.134583E-14
6366.88477278455  1.210835E-14
6367.83179355297  1.210988E-14
6368.77881432139  1.170575E-14
6369.72583508981  1.200894E-14
6370.67285585823  1.247200E-14
6371.61987662665  1.264562E-14
6372.56689739507  1.273913E-14
6373.51391816349  1.253621E-14
6374.46093893191  1.263507E-14
6375.40795970033  1.313253E-14
6376.35498046875  1.312743E-14
6377.30200123717  1.303165E-14
6378.24902200559  1.243703E-14
6379.19604277401  1.256149E-14
6380.14306354243  1.255762E-14
6381.09008431085  1.192718E-14
6382.03710507927  1.234838E-14
6382.98412584769  1.220683E-14
6383.93114661611  1.193050E-14
6384.87816738453  1.273297E-14
6385.82518815295  1.307289E-14
6386.77220892137  1.276038E-14
6387.71922968979  1.278154E-14
6388.66625045821  1.362972E-14
6389.61327122663  1.315055E-14
6390.56029199505  1.223006E-14
6391.50731276347  1.193473E-14
6392.45433353189  1.265646E-14
6393.40135430031  1.290322E-14
6394.34837506873  1.281276E-14
6395.29539583715  1.297263E-14
6396.24241660557  1.255735E-14
6397.18943737399  1.271594E-14
6398.13645814241  1.305738E-14
6399.08347891083  1.302540E-14
6400.03049967925  1.265131E-14
6400.97752044767  1.263536E-14
6401.92454121609  1.238964E-14
6402.87156198452  1.263000E-14
6403.81858275293  1.330986E-14
6404.76560352135  1.344060E-14
6405.71262428978  1.316090E-14
6406.65964505819  1.275951E-14
6407.60666582661  1.260564E-14
6408.55368659503  1.286814E-14
6409.50070736345  1.313270E-14
6410.44772813187  1.268448E-14
6411.39474890029  1.249399E-14
6412.34176966872  1.272421E-14
6413.28879043713  1.252964E-14
6414.23581120556  1.229858E-14
6415.18283197397  1.261965E-14
6416.1298527424  1.257746E-14
6417.07687351082  1.220437E-14
6418.02389427923  1.273900E-14
6418.97091504766  1.312093E-14
6419.91793581608  1.336088E-14
6420.8649565845  1.298299E-14
6421.81197735292  1.290419E-14
6422.75899812134  1.272349E-14
6423.70601888976  1.279971E-14
6424.65303965818  1.262190E-14
6425.6000604266  1.253612E-14
6426.54708119502  1.258257E-14
6427.49410196344  1.223020E-14
6428.44112273186  1.256028E-14
6429.38814350028  1.311481E-14
6430.3351642687  1.306211E-14
6431.28218503712  1.294283E-14
6432.22920580554  1.354007E-14
6433.17622657396  1.363076E-14
6434.12324734238  1.304969E-14
6435.0702681108  1.284381E-14
6436.01728887922  1.252041E-14
6436.96430964764  1.262245E-14
6437.91133041606  1.293143E-14
6438.85835118448  1.279789E-14
6439.8053719529  1.278449E-14
6440.75239272132  1.314689E-14
6441.69941348974  1.284332E-14
6442.64643425816  1.256708E-14
6443.59345502658  1.302209E-14
6444.540475795  1.348649E-14
6445.48749656342  1.302997E-14
6446.43451733184  1.275637E-14
6447.38153810026  1.289678E-14
6448.32855886868  1.290731E-14
6449.2755796371  1.272601E-14
6450.22260040552  1.267648E-14
6451.16962117394  1.321991E-14
6452.11664194236  1.276491E-14
6453.06366271078  1.179402E-14
6454.0106834792  1.177594E-14
6454.95770424762  1.248783E-14
6455.90472501604  1.289050E-14
6456.85174578446  1.326996E-14
6457.79876655288  1.368854E-14
6458.7457873213  1.336554E-14
6459.69280808972  1.264173E-14
6460.63982885814  1.307943E-14
6461.58684962656  1.359158E-14
6462.53387039498  1.319766E-14
6463.4808911634  1.292970E-14
6464.42791193182  1.274018E-14
6465.37493270024  1.285120E-14
6466.32195346866  1.272085E-14
6467.26897423708  1.244268E-14
6468.2159950055  1.279185E-14
6469.16301577392  1.287868E-14
6470.11003654234  1.318492E-14
6471.05705731076  1.326808E-14
6472.00407807918  1.267046E-14
6472.9510988476  1.245770E-14
6473.89811961602  1.252307E-14
6474.84514038444  1.257960E-14
6475.79216115286  1.278900E-14
6476.73918192128  1.283898E-14
6477.6862026897  1.266833E-14
6478.63322345812  1.210944E-14
6479.58024422654  1.219983E-14
6480.52726499496  1.288439E-14
6481.47428576338  1.308486E-14
6482.4213065318  1.288754E-14
6483.36832730022  1.321021E-14
6484.31534806864  1.293802E-14
6485.26236883706  1.278518E-14
6486.20938960548  1.269369E-14
6487.1564103739  1.246065E-14
6488.10343114232  1.255451E-14
6489.05045191074  1.248445E-14
6489.99747267916  1.257594E-14
6490.94449344758  1.223879E-14
6491.891514216  1.326229E-14
6492.83853498442  1.299097E-14
6493.78555575284  1.233358E-14
6494.73257652126  1.247120E-14
6495.67959728968  1.305909E-14
6496.6266180581  1.366315E-14
6497.57363882652  1.320906E-14
6498.52065959494  1.294331E-14
6499.46768036336  1.314154E-14
6500.41470113178  1.321719E-14
6501.3617219002  1.300643E-14
6502.30874266862  1.231904E-14
6503.25576343704  1.240348E-14
6504.20278420546  1.239583E-14
6505.14980497388  1.244741E-14
6506.0968257423  1.244210E-14
6507.04384651072  1.313863E-14
6507.99086727914  1.362243E-14
6508.93788804756  1.337147E-14
6509.88490881598  1.264394E-14
6510.8319295844  1.238449E-14
6511.77895035282  1.274272E-14
6512.72597112124  1.308960E-14
6513.67299188966  1.305823E-14
6514.62001265809  1.262832E-14
6515.5670334265  1.281288E-14
6516.51405419492  1.260489E-14
6517.46107496335  1.273765E-14
6518.40809573177  1.294485E-14
6519.35511650019  1.303566E-14
6520.3021372686  1.295830E-14
6521.24915803702  1.298886E-14
6522.19617880545  1.349255E-14
6523.14319957386  1.351802E-14
6524.09022034229  1.363431E-14
6525.03724111071  1.378138E-14
6525.98426187913  1.358212E-14
6526.93128264754  1.353215E-14
6527.87830341597  1.319681E-14
6528.82532418438  1.300417E-14
6529.77234495281  1.356809E-14
6530.71936572123  1.343178E-14
6531.66638648965  1.295780E-14
6532.61340725807  1.398997E-14
6533.56042802649  1.432633E-14
6534.50744879491  1.351571E-14
6535.45446956333  1.318052E-14
6536.40149033175  1.433800E-14
6537.34851110017  1.480190E-14
6538.29553186859  1.458619E-14
6539.24255263701  1.386970E-14
6540.18957340543  1.455434E-14
6541.13659417385  1.562850E-14
6542.08361494227  1.576794E-14
6543.03063571069  1.581457E-14
6543.97765647911  1.584071E-14
6544.92467724753  1.644723E-14
6545.87169801595  1.648123E-14
6546.81871878437  1.740273E-14
6547.76573955279  1.788852E-14
6548.71276032121  1.840417E-14
6549.65978108963  1.944833E-14
6550.60680185805  2.011911E-14
6551.55382262647  2.026916E-14
6552.50084339489  2.082184E-14
6553.44786416331  2.147532E-14
6554.39488493173  2.131351E-14
6555.34190570015  2.157659E-14
6556.28892646857  2.234769E-14
6557.23594723699  2.273666E-14
6558.18296800541  2.342317E-14
6559.12998877383  2.319847E-14
6560.07700954225  2.316427E-14
6561.02403031067  2.289777E-14
6561.97105107909  2.291188E-14
6562.91807184751  2.289515E-14
6563.86509261593  2.305186E-14
6564.81211338435  2.252595E-14
6565.75913415277  2.273724E-14
6566.70615492119  2.322934E-14
6567.65317568961  2.376250E-14
6568.60019645803  2.387834E-14
6569.54721722645  2.353891E-14
6570.49423799487  2.322356E-14
6571.44125876329  2.212547E-14
6572.38827953171  2.088813E-14
6573.33530030013  2.030502E-14
6574.28232106855  1.972791E-14
6575.22934183697  1.865218E-14
6576.17636260539  1.745315E-14
6577.12338337381  1.714815E-14
6578.07040414223  1.675021E-14
6579.01742491065  1.627574E-14
6579.96444567907  1.596355E-14
6580.91146644749  1.529903E-14
6581.85848721591  1.482805E-14
6582.80550798433  1.505382E-14
6583.75252875275  1.506247E-14
6584.69954952117  1.513635E-14
6585.64657028959  1.504409E-14
6586.59359105801  1.457748E-14
6587.54061182643  1.443590E-14
6588.48763259485  1.438836E-14
6589.43465336327  1.449277E-14
6590.38167413169  1.449844E-14
6591.32869490011  1.403060E-14
6592.27571566853  1.365659E-14
6593.22273643695  1.331273E-14
6594.16975720537  1.363855E-14
6595.11677797379  1.341655E-14
6596.06379874221  1.355336E-14
6597.01081951063  1.337579E-14
6597.95784027905  1.347285E-14
6598.90486104747  1.358628E-14
6599.85188181589  1.386088E-14
6600.79890258431  1.402818E-14
6601.74592335273  1.470066E-14
6602.69294412115  1.417009E-14
6603.63996488957  1.367802E-14
6604.58698565799  1.309840E-14
6605.53400642641  1.326932E-14
6606.48102719483  1.338868E-14
6607.42804796325  1.290877E-14
6608.37506873167  1.338941E-14
6609.32208950009  1.382523E-14
6610.26911026851  1.401580E-14
6611.21613103693  1.370600E-14
6612.16315180535  1.372410E-14
6613.11017257377  1.346889E-14
6614.05719334219  1.319742E-14
6615.00421411061  1.306110E-14
6615.95123487903  1.341070E-14
6616.89825564745  1.385005E-14
6617.84527641587  1.339541E-14
6618.79229718429  1.342875E-14
6619.73931795272  1.330170E-14
6620.68633872113  1.347641E-14
6621.63335948955  1.332612E-14
6622.58038025797  1.327383E-14
6623.5274010264  1.329423E-14
6624.47442179481  1.298431E-14
6625.42144256323  1.325987E-14
6626.36846333166  1.328109E-14
6627.31548410008  1.341310E-14
6628.2625048685  1.382917E-14
6629.20952563692  1.364509E-14
6630.15654640534  1.302174E-14
6631.10356717376  1.267889E-14
6632.05058794217  1.320603E-14
6632.9976087106  1.370102E-14
6633.94462947902  1.323010E-14
6634.89165024744  1.273727E-14
6635.83867101586  1.326106E-14
6636.78569178428  1.408719E-14
6637.7327125527  1.392379E-14
6638.67973332112  1.329914E-14
6639.62675408954  1.323445E-14
6640.57377485796  1.374205E-14
6641.52079562638  1.385842E-14
6642.4678163948  1.388935E-14
6643.41483716322  1.311082E-14
6644.36185793164  1.341131E-14
6645.30887870006  1.350016E-14
6646.25589946848  1.370448E-14
6647.2029202369  1.347823E-14
6648.14994100532  1.370574E-14
6649.09696177374  1.419363E-14
6650.04398254216  1.364533E-14
6650.99100331058  1.345998E-14
6651.938024079  1.323758E-14
6652.88504484742  1.365199E-14
6653.83206561584  1.340213E-14
6654.77908638426  1.314966E-14
6655.72610715268  1.359417E-14
6656.6731279211  1.387810E-14
6657.62014868952  1.399795E-14
6658.56716945794  1.385858E-14
6659.51419022636  1.320368E-14
6660.46121099478  1.322009E-14
6661.4082317632  1.345311E-14
6662.35525253162  1.344843E-14
6663.30227330004  1.375876E-14
6664.24929406846  1.333941E-14
6665.19631483688  1.325550E-14
6666.1433356053  1.414469E-14
6667.09035637372  1.514579E-14
6668.03737714214  1.429920E-14
6668.98439791056  1.500405E-14
6669.93141867898  1.515455E-14
6670.8784394474  1.497994E-14
6671.82546021582  1.545271E-14
6672.77248098424  1.571766E-14
6673.71950175266  1.472521E-14
6674.66652252108  1.406154E-14
6675.6135432895  1.426035E-14
6676.56056405792  1.360825E-14
6677.50758482634  1.336629E-14
6678.45460559476  1.339310E-14
6679.40162636318  1.368943E-14
6680.3486471316  1.387772E-14
6681.29566790002  1.392234E-14
6682.24268866844  1.401903E-14
6683.18970943686  1.429140E-14
6684.13673020528  1.417322E-14
6685.0837509737  1.442033E-14
6686.03077174212  1.401553E-14
6686.97779251054  1.399331E-14
6687.92481327896  1.453156E-14
6688.87183404738  1.401754E-14
6689.8188548158  1.358864E-14
6690.76587558422  1.362899E-14
6691.71289635264  1.329075E-14
6692.65991712106  1.302034E-14
6693.60693788948  1.287458E-14
6694.5539586579  1.371068E-14
6695.50097942632  1.357398E-14
6696.44800019474  1.362908E-14
6697.39502096316  1.363455E-14
6698.34204173158  1.303936E-14
6699.2890625  1.318416E-14
6700.23608326842  1.363343E-14
6701.18310403684  1.309340E-14
6702.13012480526  1.336817E-14
6703.07714557368  1.376713E-14
6704.0241663421  1.341268E-14
6704.97118711052  1.295869E-14
6705.91820787894  1.358709E-14
6706.86522864736  1.358445E-14
6707.81224941578  1.308941E-14
6708.7592701842  1.313468E-14
6709.70629095262  1.283898E-14
6710.65331172104  1.287586E-14
6711.60033248946  1.280710E-14
6712.54735325788  1.341017E-14
6713.4943740263  1.338968E-14
6714.44139479472  1.354070E-14
6715.38841556314  1.336751E-14
6716.33543633156  1.371818E-14
6717.28245709998  1.350992E-14
6718.2294778684  1.308459E-14
6719.17649863682  1.314482E-14
6720.12351940524  1.314710E-14
6721.07054017367  1.347044E-14
6722.01756094208  1.364519E-14
6722.96458171051  1.368758E-14
6723.91160247892  1.369026E-14
6724.85862324735  1.410519E-14
6725.80564401576  1.399933E-14
6726.75266478418  1.302830E-14
6727.69968555261  1.341197E-14
6728.64670632103  1.368323E-14
6729.59372708945  1.348220E-14
6730.54074785786  1.290872E-14
6731.48776862629  1.282182E-14
6732.43478939471  1.340067E-14
6733.38181016313  1.323108E-14
6734.32883093155  1.333908E-14
6735.27585169996  1.331221E-14
6736.22287246839  1.344049E-14
6737.16989323681  1.332457E-14
6738.11691400523  1.260390E-14
6739.06393477365  1.282233E-14
6740.01095554207  1.305196E-14
6740.95797631049  1.291213E-14
6741.90499707891  1.335300E-14
6742.85201784733  1.308090E-14
6743.79903861575  1.248426E-14
6744.74605938417  1.343274E-14
6745.69308015259  1.380717E-14
6746.64010092101  1.317304E-14
6747.58712168943  1.345427E-14
6748.53414245785  1.292070E-14
6749.48116322627  1.290963E-14
6750.42818399469  1.300452E-14
6751.37520476311  1.320068E-14
6752.32222553153  1.321997E-14
6753.26924629995  1.262357E-14
6754.21626706837  1.301575E-14
6755.16328783679  1.341763E-14
6756.11030860521  1.295546E-14
6757.05732937363  1.298332E-14
6758.00435014205  1.296351E-14
6758.95137091047  1.315164E-14
6759.89839167889  1.341677E-14
6760.84541244731  1.328878E-14
6761.79243321573  1.287806E-14
6762.73945398415  1.316377E-14
6763.68647475257  1.313864E-14
6764.63349552099  1.325157E-14
6765.58051628941  1.350826E-14
6766.52753705783  1.327856E-14
6767.47455782625  1.289209E-14
6768.42157859467  1.317637E-14
6769.36859936309  1.323157E-14
6770.31562013151  1.345158E-14
6771.26264089993  1.382103E-14
6772.20966166835  1.355339E-14
6773.15668243677  1.337768E-14
6774.10370320519  1.297835E-14
6775.05072397361  1.355000E-14
6775.99774474203  1.314165E-14
6776.94476551045  1.293497E-14
6777.89178627887  1.311249E-14
6778.83880704729  1.353549E-14
6779.78582781571  1.317955E-14
6780.73284858413  1.342434E-14
6781.67986935255  1.377701E-14
6782.62689012097  1.283888E-14
6783.57391088939  1.228107E-14
6784.52093165781  1.310758E-14
6785.46795242623  1.390988E-14
6786.41497319465  1.357250E-14
6787.36199396307  1.331975E-14
6788.30901473149  1.329714E-14
6789.25603549991  1.345889E-14
6790.20305626833  1.320326E-14
6791.15007703675  1.310887E-14
6792.09709780517  1.335903E-14
6793.04411857359  1.330816E-14
6793.99113934201  1.285389E-14
6794.93816011043  1.254590E-14
6795.88518087885  1.232099E-14
6796.83220164727  1.245138E-14
6797.77922241569  1.253784E-14
6798.72624318411  1.293187E-14
6799.67326395253  1.322201E-14
6800.62028472095  1.335255E-14
6801.56730548937  1.319475E-14
6802.51432625779  1.346893E-14
6803.46134702621  1.305173E-14
6804.40836779463  1.266469E-14
6805.35538856305  1.341330E-14
6806.30240933147  1.333781E-14
6807.24943009989  1.298919E-14
6808.19645086831  1.312427E-14
6809.14347163673  1.331842E-14
6810.09049240515  1.324354E-14
6811.03751317357  1.323806E-14
6811.98453394199  1.292205E-14
6812.93155471041  1.283822E-14
6813.87857547883  1.328221E-14
6814.82559624725  1.329035E-14
6815.77261701567  1.368999E-14
6816.71963778409  1.357419E-14
6817.66665855251  1.318051E-14
6818.61367932093  1.292138E-14
6819.56070008935  1.224264E-14
6820.50772085777  1.264305E-14
6821.45474162619  1.282339E-14
6822.40176239461  1.306621E-14
6823.34878316304  1.316022E-14
6824.29580393145  1.333583E-14
6825.24282469987  1.312625E-14
6826.18984546829  1.286410E-14
6827.13686623671  1.312182E-14
6828.08388700513  1.337540E-14
6829.03090777355  1.305136E-14
6829.97792854197  1.307723E-14
6830.9249493104  1.280089E-14
6831.87197007881  1.286293E-14
6832.81899084723  1.301378E-14
6833.76601161565  1.290083E-14
6834.71303238408  1.331234E-14
6835.6600531525  1.301396E-14
6836.60707392092  1.310273E-14
6837.55409468933  1.327461E-14
6838.50111545775  1.272837E-14
6839.44813622618  1.266540E-14
6840.39515699459  1.261003E-14
6841.34217776302  1.275737E-14
6842.28919853144  1.310240E-14
6843.23621929986  1.269349E-14
6844.18324006828  1.281719E-14
6845.1302608367  1.294963E-14
6846.07728160512  1.309317E-14
6847.02430237354  1.330930E-14
6847.97132314196  1.310669E-14
6848.91834391038  1.280953E-14
6849.8653646788  1.238509E-14
6850.81238544722  1.275573E-14
6851.75940621564  1.319299E-14
6852.70642698406  1.289989E-14
6853.65344775248  1.259509E-14
6854.6004685209  1.279651E-14
6855.54748928932  1.276146E-14
6856.49451005774  1.262217E-14
6857.44153082616  1.274115E-14
6858.38855159458  1.294230E-14
6859.335572363  1.271546E-14
6860.28259313142  1.271632E-14
6861.22961389984  1.309204E-14
6862.17663466826  1.289800E-14
6863.12365543668  1.295690E-14
6864.0706762051  1.323242E-14
6865.01769697352  1.286533E-14
6865.96471774194  1.103757E-14
6866.91173851036  1.054149E-14
6867.85875927878  9.204361E-15
6868.8057800472  8.386054E-15
6869.75280081562  8.078452E-15
6870.69982158404  8.499703E-15
6871.64684235246  9.120913E-15
6872.59386312088  8.293698E-15
6873.5408838893  8.825420E-15
6874.48790465772  9.676321E-15
6875.43492542614  9.714257E-15
6876.38194619456  9.876643E-15
6877.32896696298  1.119452E-14
6878.2759877314  1.099630E-14
6879.22300849982  1.127722E-14
6880.17002926824  1.163578E-14
6881.11705003666  1.191083E-14
6882.06407080508  1.236307E-14
6883.0110915735  1.218539E-14
6883.95811234192  1.228981E-14
6884.90513311034  1.179130E-14
6885.85215387876  1.081092E-14
6886.79917464718  1.160066E-14
6887.7461954156  1.180085E-14
6888.69321618402  1.101076E-14
6889.64023695244  1.122017E-14
6890.58725772086  1.130217E-14
6891.53427848928  1.077154E-14
6892.4812992577  1.084921E-14
6893.42832002612  1.121717E-14
6894.37534079454  1.078730E-14
6895.32236156296  1.133068E-14
6896.26938233138  1.179198E-14
6897.2164030998  1.205380E-14
6898.16342386822  1.201426E-14
6899.11044463664  1.142876E-14
6900.05746540506  1.169436E-14
6901.00448617348  1.166363E-14
6901.9515069419  1.190989E-14
6902.89852771032  1.183973E-14
6903.84554847874  1.175679E-14
6904.79256924716  1.161529E-14
6905.73959001558  1.199638E-14
6906.686610784  1.186590E-14
6907.63363155242  1.176029E-14
6908.58065232084  1.204187E-14
6909.52767308926  1.196753E-14
6910.47469385768  1.208773E-14
6911.4217146261  1.211081E-14
6912.36873539452  1.180671E-14
6913.31575616294  1.198623E-14
6914.26277693136  1.208406E-14
6915.20979769978  1.234152E-14
6916.1568184682  1.216617E-14
6917.10383923662  1.261097E-14
6918.05086000504  1.277210E-14
6918.99788077346  1.272465E-14
6919.94490154188  1.285520E-14
6920.8919223103  1.270950E-14
6921.83894307872  1.335199E-14
6922.78596384714  1.295952E-14
6923.73298461556  1.325790E-14
6924.68000538398  1.306281E-14
6925.6270261524  1.227560E-14
6926.57404692082  1.190365E-14
6927.52106768924  1.189594E-14
6928.46808845767  1.254979E-14
6929.41510922608  1.308798E-14
6930.3621299945  1.235874E-14
6931.30915076292  1.222914E-14
6932.25617153134  1.276590E-14
6933.20319229976  1.245893E-14
6934.15021306818  1.257760E-14
6935.0972338366  1.239797E-14
6936.04425460502  1.298503E-14
6936.99127537344  1.325664E-14
6937.93829614186  1.267939E-14
6938.88531691029  1.202900E-14
6939.8323376787  1.268104E-14
6940.77935844713  1.294817E-14
6941.72637921555  1.272900E-14
6942.67339998396  1.233540E-14
6943.62042075239  1.268604E-14
6944.56744152081  1.317298E-14
6945.51446228923  1.267716E-14
6946.46148305765  1.259133E-14
6947.40850382607  1.286414E-14
6948.35552459449  1.273017E-14
6949.3025453629  1.286659E-14
6950.24956613132  1.321731E-14
6951.19658689975  1.325028E-14
6952.14360766817  1.287484E-14
6953.09062843659  1.339102E-14
6954.03764920501  1.329574E-14
6954.98466997343  1.311206E-14
6955.93169074185  1.334592E-14
6956.87871151027  1.306112E-14
6957.82573227869  1.251566E-14
6958.77275304711  1.257836E-14
6959.71977381553  1.277116E-14
6960.66679458395  1.291559E-14
6961.61381535237  1.297800E-14
6962.56083612079  1.267803E-14
6963.50785688921  1.289077E-14
6964.45487765763  1.280149E-14
6965.40189842605  1.256207E-14
6966.34891919447  1.240720E-14
6967.29593996289  1.264695E-14
6968.24296073131  1.287778E-14
6969.18998149973  1.302265E-14
6970.13700226815  1.267652E-14
6971.08402303657  1.276610E-14
6972.03104380499  1.349120E-14
6972.97806457341  1.371327E-14
6973.92508534183  1.293756E-14
6974.87210611025  1.309974E-14
6975.81912687867  1.233799E-14
6976.76614764709  1.284021E-14
6977.71316841551  1.285032E-14
6978.66018918393  1.324290E-14
6979.60720995235  1.333139E-14
6980.55423072077  1.305930E-14
6981.50125148919  1.267445E-14
6982.44827225761  1.323830E-14
6983.39529302603  1.285517E-14
6984.34231379445  1.295858E-14
6985.28933456287  1.267404E-14
6986.23635533129  1.240374E-14
6987.18337609971  1.247619E-14
6988.13039686813  1.312715E-14
6989.07741763655  1.282027E-14
6990.02443840497  1.263056E-14
6990.97145917339  1.270221E-14
6991.91847994181  1.304312E-14
6992.86550071023  1.314215E-14
6993.81252147865  1.288072E-14
6994.75954224707  1.300145E-14
6995.70656301549  1.238218E-14
6996.65358378391  1.216436E-14
6997.60060455233  1.265422E-14
6998.54762532075  1.269694E-14
6999.49464608917  1.340977E-14
7000.44166685759  1.298686E-14
7001.38868762601  1.214763E-14
7002.33570839443  1.244944E-14
7003.28272916285  1.275510E-14
7004.22974993127  1.279245E-14
7005.17677069969  1.231290E-14
7006.12379146811  1.247173E-14
7007.07081223653  1.268248E-14
7008.01783300495  1.262466E-14
7008.96485377337  1.268256E-14
7009.91187454179  1.261527E-14
7010.85889531021  1.238615E-14
7011.80591607863  1.272738E-14
7012.75293684705  1.272697E-14
7013.69995761547  1.281593E-14
7014.64697838389  1.321545E-14
7015.59399915231  1.274069E-14
7016.54101992073  1.260746E-14
7017.48804068915  1.258753E-14
7018.43506145757  1.276029E-14
7019.38208222599  1.231922E-14
7020.32910299441  1.238195E-14
7021.27612376283  1.261232E-14
7022.22314453125  1.221201E-14
