6053.412109375  4.312947E-15
6054.35913539376  4.918149E-15
6055.30616141251  5.475925E-15
6056.25318743127  5.466080E-15
6057.20021345003  4.989661E-15
6058.14723946878  5.187796E-15
6059.09426548754  5.266040E-15
6060.04129150629  5.393689E-15
6060.98831752505  5.316840E-15
6061.93534354381  5.468529E-15
6062.88236956256  4.949261E-15
6063.82939558132  5.213374E-15
6064.77642160007  5.348374E-15
6065.72344761883  5.047471E-15
6066.67047363758  4.694789E-15
6067.61749965634  4.896573E-15
6068.5645256751  4.877890E-15
6069.51155169386  5.152902E-15
6070.45857771261  5.334284E-15
6071.40560373137  5.255501E-15
6072.35262975012  4.865777E-15
6073.29965576888  4.864325E-15
6074.24668178763  5.033833E-15
6075.19370780639  5.221706E-15
6076.14073382515  5.424642E-15
6077.0877598439  4.981270E-15
6078.03478586266  4.777110E-15
6078.98181188142  4.993040E-15
6079.92883790017  5.055882E-15
6080.87586391893  4.885395E-15
6081.82288993768  4.558657E-15
6082.76991595644  4.844697E-15
6083.7169419752  4.954608E-15
6084.66396799395  4.881031E-15
6085.61099401271  4.774363E-15
6086.55802003146  5.110875E-15
6087.50504605022  5.070440E-15
6088.45207206898  5.050666E-15
6089.39909808773  4.665462E-15
6090.34612410649  5.180008E-15
6091.29315012524  5.561291E-15
6092.240176144  4.852937E-15
6093.18720216276  4.479887E-15
6094.13422818151  4.895571E-15
6095.08125420027  5.232829E-15
6096.02828021903  5.114797E-15
6096.97530623778  5.207935E-15
6097.92233225654  5.469181E-15
6098.86935827529  5.441144E-15
6099.81638429405  5.219101E-15
6100.76341031281  5.174159E-15
6101.71043633156  5.316819E-15
6102.65746235032  5.293403E-15
6103.60448836908  5.141404E-15
6104.55151438783  4.885973E-15
6105.49854040659  4.805901E-15
6106.44556642534  5.354111E-15
6107.3925924441  5.221609E-15
6108.33961846286  5.115250E-15
6109.28664448161  4.970446E-15
6110.23367050037  4.786507E-15
6111.18069651912  4.981487E-15
6112.12772253788  5.245681E-15
6113.07474855664  5.316221E-15
6114.02177457539  5.194330E-15
6114.96880059415  4.797321E-15
6115.9158266129  4.759148E-15
6116.86285263166  5.227579E-15
6117.80987865042  5.322866E-15
6118.75690466917  5.106605E-15
6119.70393068793  4.812275E-15
6120.65095670668  4.961664E-15
6121.59798272544  5.000567E-15
6122.5450087442  5.120239E-15
6123.49203476295  5.304180E-15
6124.43906078171  5.101796E-15
6125.38608680046  5.090420E-15
6126.33311281922  5.177854E-15
6127.28013883798  4.990905E-15
6128.22716485673  4.865605E-15
6129.17419087549  5.158740E-15
6130.12121689425  5.339964E-15
6131.068242913  5.218496E-15
6132.01526893176  4.981856E-15
6132.96229495051  4.963770E-15
6133.90932096927  4.820059E-15
6134.85634698803  5.247615E-15
6135.80337300678  5.377296E-15
6136.75039902554  4.888469E-15
6137.69742504429  4.762047E-15
6138.64445106305  4.628977E-15
6139.59147708181  4.797651E-15
6140.53850310056  5.035267E-15
6141.48552911932  5.261034E-15
6142.43255513807  5.640246E-15
6143.37958115683  5.292270E-15
6144.32660717559  4.992073E-15
6145.27363319434  4.788644E-15
6146.2206592131  5.108151E-15
6147.16768523186  5.432086E-15
6148.11471125061  5.277533E-15
6149.06173726937  5.053676E-15
6150.00876328812  5.034125E-15
6150.95578930688  5.317953E-15
6151.90281532564  5.288449E-15
6152.84984134439  5.092072E-15
6153.79686736315  5.040910E-15
6154.7438933819  5.450684E-15
6155.69091940066  5.542026E-15
6156.63794541942  5.092427E-15
6157.58497143817  4.823196E-15
6158.53199745693  5.592935E-15
6159.47902347568  5.258430E-15
6160.42604949444  5.165080E-15
6161.3730755132  5.335529E-15
6162.32010153195  5.263952E-15
6163.26712755071  5.715636E-15
6164.21415356947  5.915395E-15
6165.16117958822  5.598230E-15
6166.10820560698  5.292784E-15
6167.05523162573  5.091000E-15
6168.00225764449  5.422987E-15
6168.94928366325  5.044919E-15
6169.896309682  4.959502E-15
6170.84333570076  5.052280E-15
6171.79036171951  5.564307E-15
6172.73738773827  5.565653E-15
6173.68441375703  5.093925E-15
6174.63143977578  3.175810E-15
6175.57846579454  4.170000E-15
6176.52549181329  4.928970E-15
6177.47251783205  4.967232E-15
6178.41954385081  5.530564E-15
6179.36656986956  5.344304E-15
6180.31359588832  5.124883E-15
6181.26062190707  4.882993E-15
6182.20764792583  4.989567E-15
6183.15467394459  5.221603E-15
6184.10169996334  5.323569E-15
6185.0487259821  5.057435E-15
6185.99575200085  5.252444E-15
6186.94277801961  5.515572E-15
6187.88980403837  5.510470E-15
6188.83683005712  5.861425E-15
6189.78385607588  5.792618E-15
6190.73088209464  5.215906E-15
6191.67790811339  5.053017E-15
6192.62493413215  5.194698E-15
6193.57196015091  5.650212E-15
6194.51898616966  5.320490E-15
6195.46601218842  5.223727E-15
6196.41303820717  5.360737E-15
6197.36006422593  5.166948E-15
6198.30709024468  5.120019E-15
6199.25411626344  5.226455E-15
6200.2011422822  5.463874E-15
6201.14816830095  5.728603E-15
6202.09519431971  5.105486E-15
6203.04222033847  4.742040E-15
6203.98924635722  5.318443E-15
6204.93627237598  5.471103E-15
6205.88329839473  5.175459E-15
6206.83032441349  5.245121E-15
6207.77735043225  5.480543E-15
6208.724376451  5.207640E-15
6209.67140246976  5.312495E-15
6210.61842848852  5.293071E-15
6211.56545450727  5.292586E-15
6212.51248052603  5.217811E-15
6213.45950654478  5.563972E-15
6214.40653256354  5.296855E-15
6215.3535585823  5.825675E-15
6216.30058460105  5.724126E-15
6217.24761061981  5.680951E-15
6218.19463663856  5.493569E-15
6219.14166265732  4.918848E-15
6220.08868867608  5.226093E-15
6221.03571469483  5.281920E-15
6221.98274071359  5.370437E-15
6222.92976673234  5.172703E-15
6223.8767927511  5.180639E-15
6224.82381876986  5.292178E-15
6225.77084478861  4.974646E-15
6226.71787080737  5.170735E-15
6227.66489682613  5.352240E-15
6228.61192284488  5.261221E-15
6229.55894886364  5.434275E-15
6230.50597488239  5.560945E-15
6231.45300090115  5.936461E-15
6232.40002691991  5.724307E-15
6233.34705293866  5.534983E-15
6234.29407895742  5.004544E-15
6235.24110497617  5.150612E-15
6236.18813099493  5.162314E-15
6237.13515701369  4.719697E-15
6238.08218303244  4.852506E-15
6239.0292090512  4.797681E-15
6239.97623506995  5.020068E-15
6240.92326108871  5.321333E-15
6241.87028710747  5.918452E-15
6242.81731312622  5.433947E-15
6243.76433914498  5.054106E-15
6244.71136516373  5.125726E-15
6245.65839118249  5.406831E-15
6246.60541720125  5.325798E-15
6247.55244322  5.195159E-15
6248.49946923876  5.553813E-15
6249.44649525751  5.048612E-15
6250.39352127627  4.869947E-15
6251.34054729503  5.261963E-15
6252.28757331378  5.188388E-15
6253.23459933254  5.524840E-15
6254.1816253513  5.528942E-15
6255.12865137005  5.529375E-15
6256.07567738881  5.430552E-15
6257.02270340756  5.274860E-15
6257.96972942632  5.553815E-15
6258.91675544508  5.949985E-15
6259.86378146383  5.567580E-15
6260.81080748259  5.378376E-15
6261.75783350134  5.824081E-15
6262.7048595201  5.620668E-15
6263.65188553886  5.241470E-15
6264.59891155761  5.322287E-15
6265.54593757637  5.505917E-15
6266.49296359513  5.393911E-15
6267.43998961388  5.221264E-15
6268.38701563264  5.678618E-15
6269.33404165139  5.547670E-15
6270.28106767015  5.007503E-15
6271.2280936889  5.099913E-15
6272.17511970766  5.163277E-15
6273.12214572642  5.100205E-15
6274.06917174517  5.016503E-15
6275.01619776393  4.848294E-15
6275.96322378269  5.011154E-15
6276.91024980144  5.450252E-15
6277.8572758202  5.185578E-15
6278.80430183896  4.423424E-15
6279.75132785771  4.932670E-15
6280.69835387647  5.063628E-15
6281.64537989522  4.820916E-15
6282.59240591398  4.777399E-15
6283.53943193273  5.138141E-15
6284.48645795149  5.139329E-15
6285.43348397025  5.059427E-15
6286.380509989  4.893926E-15
6287.32753600776  5.093807E-15
6288.27456202652  5.279979E-15
6289.22158804527  5.249539E-15
6290.16861406403  5.458983E-15
6291.11564008278  5.379236E-15
6292.06266610154  5.537415E-15
6293.0096921203  6.087042E-15
6293.95671813905  5.955600E-15
6294.90374415781  5.219771E-15
6295.85077017656  5.472217E-15
6296.79779619532  5.791260E-15
6297.74482221408  5.541137E-15
6298.69184823283  5.374965E-15
6299.63887425159  5.366158E-15
6300.58590027035  5.176384E-15
6301.5329262891  5.133367E-15
6302.47995230786  5.283200E-15
6303.42697832661  4.954884E-15
6304.37400434537  5.409941E-15
6305.32103036413  5.531210E-15
6306.26805638288  5.120978E-15
6307.21508240164  5.456237E-15
6308.1621084204  5.603431E-15
6309.10913443915  5.796683E-15
6310.05616045791  5.762355E-15
6311.00318647666  5.504319E-15
6311.95021249542  5.587667E-15
6312.89723851418  5.673874E-15
6313.84426453293  5.543015E-15
6314.79129055169  5.410844E-15
6315.73831657044  5.386346E-15
6316.6853425892  5.076636E-15
6317.63236860795  5.052771E-15
6318.57939462671  5.140379E-15
6319.52642064547  5.095623E-15
6320.47344666422  5.064780E-15
6321.42047268298  5.092937E-15
6322.36749870174  4.856102E-15
6323.31452472049  5.283420E-15
6324.26155073925  4.994919E-15
6325.208576758  5.345550E-15
6326.15560277676  5.497671E-15
6327.10262879552  5.315441E-15
6328.04965481427  5.531059E-15
6328.99668083303  5.564563E-15
6329.94370685178  5.215776E-15
6330.89073287054  5.270087E-15
6331.8377588893  5.203411E-15
6332.78478490805  5.308043E-15
6333.73181092681  5.666897E-15
6334.67883694556  5.511479E-15
6335.62586296432  4.918754E-15
6336.57288898308  5.066335E-15
6337.51991500183  5.797437E-15
6338.46694102059  5.520428E-15
6339.41396703935  5.316516E-15
6340.3609930581  5.698661E-15
6341.30801907686  5.721513E-15
6342.25504509561  5.488490E-15
6343.20207111437  5.378269E-15
6344.14909713313  5.577163E-15
6345.09612315188  5.650520E-15
6346.04314917064  5.321704E-15
6346.99017518939  5.334094E-15
6347.93720120815  5.769238E-15
6348.88422722691  5.474687E-15
6349.83125324566  5.409058E-15
6350.77827926442  5.223900E-15
6351.72530528318  5.214294E-15
6352.67233130193  5.255670E-15
6353.61935732069  4.965306E-15
6354.56638333944  5.641684E-15
6355.5134093582  5.832621E-15
6356.46043537696  5.780687E-15
6357.40746139571  5.568101E-15
6358.35448741447  5.870539E-15
6359.30151343322  5.522852E-15
6360.24853945198  5.256892E-15
6361.19556547074  5.440061E-15
6362.14259148949  6.010795E-15
6363.08961750825  5.523137E-15
6364.036643527  5.445014E-15
6364.98366954576  5.773429E-15
6365.93069556452  6.027176E-15
6366.87772158327  5.725135E-15
6367.82474760203  5.668315E-15
6368.77177362078  5.657436E-15
6369.71879963954  5.318951E-15
6370.6658256583  5.567285E-15
6371.61285167705  5.356255E-15
6372.55987769581  5.038010E-15
6373.50690371457  5.562625E-15
6374.45392973332  5.499296E-15
6375.40095575208  5.310047E-15
6376.34798177083  5.352843E-15
6377.29500778959  5.360654E-15
6378.24203380835  5.895006E-15
6379.1890598271  5.950520E-15
6380.13608584586  5.501774E-15
6381.08311186461  5.467587E-15
6382.03013788337  5.300430E-15
6382.97716390213  5.524015E-15
6383.92418992088  5.429127E-15
6384.87121593964  5.172709E-15
6385.81824195839  5.204875E-15
6386.76526797715  5.371318E-15
6387.71229399591  5.408463E-15
6388.65932001466  5.582737E-15
6389.60634603342  5.269569E-15
6390.55337205217  5.473985E-15
6391.50039807093  5.956519E-15
6392.44742408969  5.839641E-15
6393.39445010844  5.428700E-15
6394.3414761272  5.136998E-15
6395.28850214596  5.337181E-15
6396.23552816471  5.848648E-15
6397.18255418347  5.375152E-15
6398.12958020223  4.826809E-15
6399.07660622098  5.328084E-15
6400.02363223974  5.304963E-15
6400.97065825849  5.368179E-15
6401.91768427725  5.643969E-15
6402.864710296  5.486671E-15
6403.81173631476  5.474179E-15
6404.75876233352  5.345052E-15
6405.70578835227  5.069330E-15
6406.65281437103  5.355346E-15
6407.59984038978  5.615156E-15
6408.54686640854  5.547248E-15
6409.4938924273  5.576205E-15
6410.44091844606  6.165662E-15
6411.38794446481  6.227975E-15
6412.33497048357  6.034181E-15
6413.28199650232  5.759393E-15
6414.22902252108  5.473557E-15
6415.17604853984  5.462014E-15
6416.12307455859  5.794757E-15
6417.07010057735  5.703497E-15
6418.0171265961  5.755456E-15
6418.96415261486  5.905026E-15
6419.91117863362  5.696006E-15
6420.85820465237  5.623718E-15
6421.80523067113  5.767823E-15
6422.75225668988  5.933549E-15
6423.69928270864  5.917539E-15
6424.6463087274  5.655553E-15
6425.59333474615  5.749254E-15
6426.54036076491  5.548065E-15
6427.48738678366  5.629239E-15
6428.43441280242  5.628892E-15
6429.38143882118  5.645334E-15
6430.32846483993  5.887330E-15
6431.27549085869  5.396361E-15
6432.22251687744  5.306417E-15
6433.1695428962  5.625404E-15
6434.11656891496  5.738382E-15
6435.06359493371  5.599385E-15
6436.01062095247  5.368900E-15
6436.95764697123  5.360628E-15
6437.90467298998  5.555495E-15
6438.85169900874  5.334225E-15
6439.79872502749  5.411023E-15
6440.74575104625  5.672198E-15
6441.69277706501  5.270665E-15
6442.63980308376  5.505297E-15
6443.58682910252  5.906553E-15
6444.53385512127  5.642978E-15
6445.48088114003  5.532203E-15
6446.42790715879  5.842824E-15
6447.37493317754  5.787298E-15
6448.3219591963  5.468828E-15
6449.26898521505  5.755562E-15
6450.21601123381  5.843186E-15
6451.16303725257  5.741925E-15
6452.11006327132  5.843429E-15
6453.05708929008  5.790774E-15
6454.00411530883  5.666548E-15
6454.95114132759  5.313474E-15
6455.89816734635  5.498947E-15
6456.8451933651  5.598276E-15
6457.79221938386  5.366839E-15
6458.73924540261  5.840746E-15
6459.68627142137  6.146058E-15
6460.63329744013  6.140122E-15
6461.58032345888  6.447844E-15
6462.52734947764  6.035739E-15
6463.4743754964  5.779764E-15
6464.42140151515  5.741402E-15
6465.36842753391  5.869187E-15
6466.31545355266  5.732589E-15
6467.26247957142  5.268137E-15
6468.20950559018  5.663395E-15
6469.15653160893  6.138408E-15
6470.10355762769  6.001818E-15
6471.05058364645  5.694395E-15
6471.9976096652  5.672611E-15
6472.94463568396  5.905613E-15
6473.89166170271  5.834986E-15
6474.83868772147  5.621453E-15
6475.78571374023  5.843418E-15
6476.73273975898  6.044047E-15
6477.67976577774  5.936365E-15
6478.62679179649  5.935381E-15
6479.57381781525  6.009361E-15
6480.52084383401  5.880917E-15
6481.46786985276  5.647010E-15
6482.41489587152  5.473380E-15
6483.36192189027  5.600798E-15
6484.30894790903  5.570723E-15
6485.25597392779  5.651981E-15
6486.20299994654  5.691612E-15
6487.1500259653  5.269555E-15
6488.09705198405  5.342928E-15
6489.04407800281  5.774931E-15
6489.99110402157  5.700995E-15
6490.93813004032  5.528396E-15
6491.88515605908  5.759805E-15
6492.83218207783  5.866443E-15
6493.77920809659  5.765842E-15
6494.72623411535  5.501274E-15
6495.6732601341  6.232924E-15
6496.62028615286  6.120345E-15
6497.56731217162  5.588695E-15
6498.51433819037  5.406878E-15
6499.46136420913  5.347653E-15
6500.40839022788  5.757649E-15
6501.35541624664  5.636075E-15
6502.3024422654  5.169159E-15
6503.24946828415  5.271441E-15
6504.19649430291  5.972842E-15
6505.14352032167  6.429685E-15
6506.09054634042  5.848666E-15
6507.03757235918  5.786755E-15
6507.98459837793  5.994582E-15
6508.93162439669  5.784333E-15
6509.87865041544  5.684634E-15
6510.8256764342  5.676633E-15
6511.77270245296  5.790725E-15
6512.71972847171  5.969045E-15
6513.66675449047  5.896090E-15
6514.61378050923  5.968952E-15
6515.56080652798  5.652829E-15
6516.50783254674  5.528433E-15
6517.4548585655  5.765458E-15
6518.40188458425  5.983589E-15
6519.34891060301  6.374809E-15
6520.29593662176  5.919987E-15
6521.24296264052  5.607632E-15
6522.18998865928  5.945043E-15
6523.13701467803  6.069201E-15
6524.08404069679  5.745024E-15
6525.03106671554  5.698009E-15
6525.9780927343  5.781587E-15
6526.92511875305  5.792826E-15
6527.87214477181  5.802049E-15
6528.81917079057  5.845698E-15
6529.76619680932  5.989830E-15
6530.71322282808  5.986835E-15
6531.66024884684  5.713625E-15
6532.60727486559  5.902977E-15
6533.55430088435  6.234374E-15
6534.5013269031  6.338902E-15
6535.44835292186  6.276380E-15
6536.39537894062  6.236745E-15
6537.34240495937  6.479337E-15
6538.28943097813  6.744247E-15
6539.23645699688  6.561653E-15
6540.18348301564  6.542056E-15
6541.1305090344  6.812952E-15
6542.07753505315  7.214978E-15
6543.02456107191  7.446471E-15
6543.97158709067  7.826462E-15
6544.91861310942  7.997894E-15
6545.86563912818  8.073548E-15
6546.81266514693  8.647523E-15
6547.75969116569  9.175595E-15
6548.70671718445  9.490570E-15
6549.6537432032  1.032202E-14
6550.60076922196  1.088357E-14
6551.54779524071  1.148831E-14
6552.49482125947  1.159151E-14
6553.44184727823  1.133982E-14
6554.38887329698  1.207732E-14
6555.33589931574  1.274419E-14
6556.2829253345  1.313836E-14
6557.22995135325  1.303139E-14
6558.17697737201  1.345147E-14
6559.12400339076  1.390744E-14
6560.07102940952  1.464236E-14
6561.01805542828  1.480453E-14
6561.96508144703  1.441791E-14
6562.91210746579  1.361384E-14
6563.85913348454  1.354611E-14
6564.8061595033  1.462610E-14
6565.75318552206  1.480710E-14
6566.70021154081  1.457667E-14
6567.64723755957  1.445978E-14
6568.59426357832  1.429379E-14
6569.54128959708  1.399772E-14
6570.48831561584  1.406447E-14
6571.43534163459  1.377854E-14
6572.38236765335  1.299937E-14
6573.3293936721  1.238115E-14
6574.27641969086  1.130656E-14
6575.22344570962  1.040673E-14
6576.17047172837  9.445136E-15
6577.11749774713  8.579448E-15
6578.06452376588  8.312845E-15
6579.01154978464  8.217784E-15
6579.9585758034  7.261984E-15
6580.90560182215  6.731843E-15
6581.85262784091  6.534968E-15
6582.79965385967  6.517833E-15
6583.74667987842  6.207964E-15
6584.69370589718  6.186557E-15
6585.64073191593  6.399208E-15
6586.58775793469  6.510294E-15
6587.53478395345  6.422972E-15
6588.4818099722  6.026767E-15
6589.42883599096  5.953729E-15
6590.37586200971  5.785830E-15
6591.32288802847  5.689359E-15
6592.26991404723  6.273624E-15
6593.21694006598  6.133789E-15
6594.16396608474  5.955720E-15
6595.11099210349  5.413022E-15
6596.05801812225  5.238907E-15
6597.00504414101  5.692036E-15
6597.95207015976  5.903150E-15
6598.89909617852  5.726009E-15
6599.84612219728  5.740925E-15
6600.79314821603  5.630947E-15
6601.74017423479  5.828531E-15
6602.68720025355  6.144974E-15
6603.6342262723  6.031258E-15
6604.58125229106  6.062362E-15
6605.52827830981  5.745797E-15
6606.47530432857  5.620009E-15
6607.42233034732  5.626792E-15
6608.36935636608  5.717019E-15
6609.31638238484  5.608020E-15
6610.26340840359  5.275340E-15
6611.21043442235  5.457371E-15
6612.15746044111  5.779216E-15
6613.10448645986  5.956915E-15
6614.05151247862  5.963765E-15
6614.99853849737  5.579046E-15
6615.94556451613  5.728400E-15
6616.89259053489  5.759172E-15
6617.83961655364  5.810141E-15
6618.7866425724  5.416342E-15
6619.73366859116  5.377234E-15
6620.68069460991  5.716276E-15
6621.62772062867  5.525885E-15
6622.57474664742  5.246029E-15
6623.52177266618  4.871824E-15
6624.46879868494  5.239453E-15
6625.41582470369  5.601924E-15
6626.36285072245  5.746977E-15
6627.3098767412  5.707884E-15
6628.25690275996  6.125580E-15
6629.20392877872  5.787208E-15
6630.15095479747  5.448303E-15
6631.09798081623  5.844807E-15
6632.04500683498  5.887081E-15
6632.99203285374  5.549712E-15
6633.9390588725  5.608745E-15
6634.88608489125  5.678891E-15
6635.83311091001  5.824239E-15
6636.78013692876  5.989799E-15
6637.72716294752  5.817464E-15
6638.67418896628  5.621909E-15
6639.62121498503  6.076429E-15
6640.56824100379  5.936450E-15
6641.51526702254  6.459919E-15
6642.4622930413  5.682506E-15
6643.40931906006  5.297724E-15
6644.35634507881  5.843208E-15
6645.30337109757  5.741479E-15
6646.25039711633  5.570211E-15
6647.19742313508  5.749105E-15
6648.14444915384  5.860318E-15
6649.09147517259  5.592826E-15
6650.03850119135  6.129384E-15
6650.98552721011  6.020979E-15
6651.93255322886  5.596402E-15
6652.87957924762  5.793628E-15
6653.82660526637  5.959630E-15
6654.77363128513  6.174893E-15
6655.72065730389  5.699013E-15
6656.66768332264  5.718340E-15
6657.6147093414  5.175794E-15
6658.56173536015  5.562120E-15
6659.50876137891  5.752630E-15
6660.45578739767  5.813144E-15
6661.40281341642  5.769969E-15
6662.34983943518  6.009550E-15
6663.29686545393  5.718300E-15
6664.24389147269  5.935559E-15
6665.19091749145  6.374246E-15
6666.1379435102  6.176458E-15
6667.08496952896  6.358155E-15
6668.03199554771  6.879101E-15
6668.97902156647  7.124113E-15
6669.92604758523  6.441525E-15
6670.87307360398  6.862832E-15
6671.82009962274  6.949969E-15
6672.7671256415  6.549455E-15
6673.71415166025  6.680902E-15
6674.66117767901  6.790785E-15
6675.60820369776  6.366959E-15
6676.55522971652  6.662854E-15
6677.50225573528  6.768695E-15
6678.44928175403  6.570545E-15
6679.39630777279  6.181920E-15
6680.34333379155  6.353339E-15
6681.2903598103  6.375082E-15
6682.23738582906  6.320340E-15
6683.18441184781  5.984921E-15
6684.13143786657  6.027785E-15
6685.07846388533  5.904837E-15
6686.02548990408  6.204441E-15
6686.97251592284  6.710804E-15
6687.91954194159  6.393024E-15
6688.86656796035  6.352397E-15
6689.81359397911  6.758850E-15
6690.76061999786  6.386030E-15
6691.70764601662  6.087814E-15
6692.65467203537  5.370902E-15
6693.60169805413  5.792932E-15
6694.54872407289  6.024686E-15
6695.49575009164  6.054130E-15
6696.4427761104  6.472756E-15
6697.38980212915  6.220922E-15
6698.33682814791  5.949982E-15
6699.28385416667  5.667537E-15
6700.23088018543  5.898310E-15
6701.17790620418  5.723754E-15
6702.12493222294  5.429501E-15
6703.07195824169  4.880643E-15
6704.01898426045  5.460151E-15
6704.9660102792  5.931255E-15
6705.91303629796  6.028051E-15
6706.86006231672  5.795431E-15
6707.80708833547  5.414036E-15
6708.75411435423  5.805223E-15
6709.70114037298  5.839915E-15
6710.64816639174  5.693530E-15
6711.5951924105  5.847950E-15
6712.54221842925  5.521124E-15
6713.48924444801  5.878229E-15
6714.43627046677  5.674867E-15
6715.38329648552  5.475973E-15
6716.33032250428  5.638976E-15
6717.27734852303  5.982000E-15
6718.22437454179  6.087895E-15
6719.17140056055  6.074984E-15
6720.1184265793  6.028164E-15
6721.06545259806  5.930377E-15
6722.01247861682  6.068638E-15
6722.95950463557  5.546615E-15
6723.90653065433  5.576874E-15
6724.85355667308  5.661355E-15
6725.80058269184  5.520485E-15
6726.7476087106  5.441545E-15
6727.69463472935  5.920678E-15
6728.64166074811  5.540997E-15
6729.58868676686  5.850349E-15
6730.53571278562  6.336192E-15
6731.48273880438  6.057762E-15
6732.42976482313  5.526169E-15
6733.37679084189  5.726233E-15
6734.32381686064  5.474787E-15
6735.2708428794  5.504993E-15
6736.21786889816  5.840515E-15
6737.16489491691  5.877498E-15
6738.11192093567  5.573575E-15
6739.05894695442  5.444603E-15
6740.00597297318  5.772283E-15
6740.95299899194  5.764071E-15
6741.90002501069  5.930299E-15
6742.84705102945  5.869163E-15
6743.7940770482  5.972669E-15
6744.74110306696  6.173910E-15
6745.68812908572  6.297406E-15
6746.63515510447  5.669952E-15
6747.58218112323  5.586120E-15
6748.52920714199  5.706943E-15
6749.47623316074  5.659635E-15
6750.4232591795  5.726873E-15
6751.37028519825  6.026153E-15
6752.31731121701  6.177585E-15
6753.26433723577  5.809418E-15
6754.21136325452  5.719363E-15
6755.15838927328  5.543211E-15
6756.10541529203  5.255751E-15
6757.05244131079  5.166696E-15
6757.99946732955  5.419606E-15
6758.9464933483  5.792445E-15
6759.89351936706  6.152538E-15
6760.84054538581  5.786437E-15
6761.78757140457  5.685480E-15
6762.73459742333  5.942717E-15
6763.68162344208  5.587213E-15
6764.62864946084  5.124268E-15
6765.57567547959  5.579686E-15
6766.52270149835  5.750654E-15
6767.46972751711  5.915340E-15
6768.41675353586  5.875846E-15
6769.36377955462  5.375908E-15
6770.31080557337  5.474382E-15
6771.25783159213  5.868375E-15
6772.20485761089  5.778524E-15
6773.15188362964  6.179254E-15
6774.0989096484  5.817979E-15
6775.04593566716  5.784917E-15
6775.99296168591  5.701547E-15
6776.93998770467  5.812530E-15
6777.88701372342  5.243339E-15
6778.83403974218  5.391119E-15
6779.78106576094  5.708325E-15
6780.72809177969  5.815661E-15
6781.67511779845  5.914718E-15
6782.6221438172  5.811502E-15
6783.56916983596  5.861281E-15
6784.51619585472  5.971919E-15
6785.46322187347  5.895229E-15
6786.41024789223  5.690565E-15
6787.35727391098  5.458966E-15
6788.30429992974  4.904775E-15
6789.2513259485  5.485412E-15
6790.19835196725  5.333598E-15
6791.14537798601  5.596224E-15
6792.09240400477  6.124308E-15
6793.03943002352  5.648511E-15
6793.98645604228  5.571194E-15
6794.93348206104  5.498773E-15
6795.88050807979  5.621498E-15
6796.82753409855  5.615098E-15
6797.7745601173  5.830002E-15
6798.72158613606  5.811455E-15
6799.66861215482  5.957979E-15
6800.61563817357  5.344869E-15
6801.56266419233  4.837867E-15
6802.50969021108  5.941071E-15
6803.45671622984  6.289823E-15
6804.4037422486  6.026320E-15
6805.35076826735  6.107355E-15
6806.29779428611  5.809727E-15
6807.24482030487  5.899899E-15
6808.19184632362  5.838377E-15
6809.13887234238  5.557413E-15
6810.08589836113  5.366500E-15
6811.03292437989  5.642427E-15
6811.97995039864  5.583466E-15
6812.9269764174  5.467812E-15
6813.87400243616  5.655350E-15
6814.82102845491  5.327697E-15
6815.76805447367  5.512714E-15
6816.71508049243  5.830207E-15
6817.66210651118  5.651452E-15
6818.60913252994  5.650984E-15
6819.55615854869  5.973244E-15
6820.50318456745  5.860100E-15
6821.45021058621  5.824465E-15
6822.39723660496  5.919846E-15
6823.34426262372  5.901783E-15
6824.29128864247  5.741623E-15
6825.23831466123  5.564818E-15
6826.18534067999  5.687868E-15
6827.13236669874  5.451283E-15
6828.0793927175  5.472930E-15
6829.02641873625  5.539208E-15
6829.97344475501  5.863778E-15
6830.92047077377  5.948931E-15
6831.86749679252  5.835824E-15
6832.81452281128  6.094879E-15
6833.76154883004  5.904637E-15
6834.70857484879  5.656034E-15
6835.65560086755  5.566103E-15
6836.6026268863  5.904082E-15
6837.54965290506  5.693725E-15
6838.49667892382  5.621105E-15
6839.44370494257  5.840162E-15
6840.39073096133  5.411089E-15
6841.33775698008  5.157238E-15
6842.28478299884  5.231730E-15
6843.2318090176  5.472781E-15
6844.17883503635  6.151032E-15
6845.12586105511  5.977350E-15
6846.07288707386  5.468342E-15
6847.01991309262  5.620580E-15
6847.96693911138  5.675119E-15
6848.91396513013  5.793887E-15
6849.86099114889  5.905929E-15
6850.80801716765  5.633381E-15
6851.7550431864  6.035367E-15
6852.70206920516  5.876775E-15
6853.64909522391  5.806134E-15
6854.59612124267  5.945353E-15
6855.54314726143  6.048250E-15
6856.49017328018  6.214117E-15
6857.43719929894  5.968971E-15
6858.38422531769  5.962093E-15
6859.33125133645  5.427354E-15
6860.27827735521  4.993175E-15
6861.22530337396  5.101728E-15
6862.17232939272  5.146906E-15
6863.11935541147  5.002979E-15
6864.06638143023  4.939514E-15
6865.01340744899  5.346161E-15
6865.96043346774  5.004876E-15
6866.9074594865  4.623668E-15
6867.85448550525  3.847056E-15
6868.80151152401  3.843049E-15
6869.74853754277  4.047696E-15
6870.69556356152  3.818922E-15
6871.64258958028  3.835317E-15
6872.58961559903  4.292247E-15
6873.53664161779  3.930280E-15
6874.48366763655  4.478333E-15
6875.4306936553  4.342350E-15
6876.37771967406  4.030845E-15
6877.32474569282  4.343337E-15
6878.27177171157  4.960745E-15
6879.21879773033  5.181908E-15
6880.16582374908  5.590479E-15
6881.11284976784  5.138024E-15
6882.0598757866  5.354219E-15
6883.00690180535  5.870366E-15
6883.95392782411  5.511873E-15
6884.90095384286  5.301111E-15
6885.84797986162  5.072083E-15
6886.79500588038  4.686264E-15
6887.74203189913  5.139451E-15
6888.68905791789  5.112289E-15
6889.63608393665  4.856668E-15
6890.5831099554  4.958520E-15
6891.53013597416  4.785610E-15
6892.47716199291  4.955761E-15
6893.42418801167  5.003398E-15
6894.37121403043  4.811337E-15
6895.31824004918  4.877691E-15
6896.26526606794  4.900293E-15
6897.2122920867  5.015153E-15
6898.15931810545  4.895593E-15
6899.10634412421  5.073651E-15
6900.05337014296  4.876127E-15
6901.00039616172  5.108508E-15
6901.94742218047  5.328085E-15
6902.89444819923  5.294325E-15
6903.84147421799  5.018029E-15
6904.78850023674  5.185329E-15
6905.7355262555  5.121196E-15
6906.68255227426  5.000465E-15
6907.62957829301  5.232715E-15
6908.57660431177  5.449997E-15
6909.52363033052  5.119484E-15
6910.47065634928  4.795582E-15
6911.41768236804  5.093373E-15
6912.36470838679  5.456059E-15
6913.31173440555  5.225828E-15
6914.2587604243  5.329471E-15
6915.20578644306  5.704902E-15
6916.15281246182  5.637023E-15
6917.09983848057  5.144552E-15
6918.04686449933  5.015437E-15
6918.99389051808  5.424394E-15
6919.94091653684  5.625180E-15
6920.8879425556  5.261524E-15
6921.83496857435  5.054748E-15
6922.78199459311  5.384982E-15
6923.72902061187  5.819458E-15
6924.67604663062  5.715056E-15
6925.62307264938  5.188400E-15
6926.57009866813  5.627910E-15
6927.51712468689  5.288049E-15
6928.46415070565  5.559774E-15
6929.4111767244  5.859166E-15
6930.35820274316  5.881657E-15
6931.30522876192  5.589850E-15
6932.25225478067  5.380789E-15
6933.19928079943  5.405090E-15
6934.14630681818  5.543090E-15
6935.09333283694  5.259696E-15
6936.0403588557  5.289539E-15
6936.98738487445  5.867169E-15
6937.93441089321  5.734309E-15
6938.88143691196  5.581126E-15
6939.82846293072  5.426528E-15
6940.77548894948  5.426430E-15
6941.72251496823  5.543181E-15
6942.66954098699  5.594880E-15
6943.61656700574  5.934147E-15
6944.5635930245  5.709337E-15
6945.51061904325  5.775356E-15
6946.45764506201  5.605506E-15
6947.40467108077  5.949809E-15
6948.35169709952  5.989802E-15
6949.29872311828  5.910614E-15
6950.24574913704  5.940024E-15
6951.19277515579  5.649428E-15
6952.13980117455  5.973788E-15
6953.0868271933  6.370470E-15
6954.03385321206  5.861549E-15
6954.98087923082  5.571198E-15
6955.92790524957  6.027734E-15
6956.87493126833  5.899804E-15
6957.82195728709  5.929992E-15
6958.76898330584  5.923776E-15
6959.7160093246  5.940615E-15
6960.66303534335  5.623268E-15
6961.61006136211  5.263860E-15
6962.55708738087  5.926697E-15
6963.50411339962  6.463826E-15
6964.45113941838  6.103460E-15
6965.39816543713  5.676252E-15
6966.34519145589  5.876825E-15
6967.29221747465  5.906372E-15
6968.2392434934  6.010866E-15
6969.18626951216  5.556453E-15
6970.13329553091  5.269607E-15
6971.08032154967  5.671032E-15
6972.02734756843  5.623919E-15
6972.97437358718  5.701186E-15
6973.92139960594  6.175292E-15
6974.86842562469  5.850717E-15
6975.81545164345  5.569817E-15
6976.76247766221  5.884651E-15
6977.70950368096  5.767968E-15
6978.65652969972  5.493701E-15
6979.60355571848  5.848794E-15
6980.55058173723  6.246201E-15
6981.49760775599  5.651622E-15
6982.44463377475  5.430984E-15
6983.3916597935  5.765443E-15
6984.33868581226  5.762899E-15
6985.28571183101  5.629354E-15
6986.23273784977  5.636333E-15
6987.17976386852  5.659334E-15
6988.12678988728  5.810926E-15
6989.07381590604  5.665531E-15
6990.02084192479  5.832166E-15
6990.96786794355  5.665584E-15
6991.91489396231  5.519432E-15
6992.86191998106  5.653394E-15
6993.80894599982  5.732306E-15
6994.75597201857  5.695168E-15
6995.70299803733  5.821364E-15
6996.65002405609  5.526408E-15
6997.59705007484  5.475716E-15
6998.5440760936  5.555758E-15
6999.49110211235  5.727309E-15
7000.43812813111  5.731362E-15
7001.38515414987  5.969678E-15
7002.33218016862  6.119582E-15
7003.27920618738  5.382776E-15
7004.22623220613  5.671006E-15
7005.17325822489  5.416474E-15
7006.12028424365  5.747011E-15
7007.0673102624  5.821945E-15
7008.01433628116  5.883006E-15
7008.96136229992  5.674177E-15
7009.90838831867  5.928586E-15
7010.85541433743  5.985366E-15
7011.80244035618  5.810207E-15
7012.74946637494  5.309671E-15
7013.6964923937  5.728694E-15
7014.64351841245  5.782543E-15
7015.59054443121  5.465526E-15
7016.53757044996  5.776425E-15
7017.48459646872  6.088266E-15
7018.43162248748  5.854527E-15
7019.37864850623  6.122694E-15
7020.32567452499  5.795104E-15
7021.27270054375  5.510012E-15
7022.2197265625  5.766043E-15
