6053.4169921875  1.170930E-14
6054.36400722828  1.208804E-14
6055.31102226906  1.217276E-14
6056.25803730984  1.260512E-14
6057.20505235062  1.214257E-14
6058.15206739141  1.203993E-14
6059.09908243219  1.235735E-14
6060.04609747297  1.228746E-14
6060.99311251375  1.221351E-14
6061.94012755453  1.235761E-14
6062.88714259531  1.257373E-14
6063.83415763609  1.235838E-14
6064.78117267687  1.194664E-14
6065.72818771765  1.217015E-14
6066.67520275843  1.221835E-14
6067.62221779921  1.214103E-14
6068.56923283999  1.190574E-14
6069.51624788077  1.204006E-14
6070.46326292156  1.211721E-14
6071.41027796234  1.242018E-14
6072.35729300312  1.267401E-14
6073.3043080439  1.237216E-14
6074.25132308468  1.216230E-14
6075.19833812546  1.201884E-14
6076.14535316624  1.215204E-14
6077.09236820702  1.244403E-14
6078.0393832478  1.219891E-14
6078.98639828858  1.202824E-14
6079.93341332936  1.230572E-14
6080.88042837014  1.259204E-14
6081.82744341092  1.246722E-14
6082.77445845171  1.267023E-14
6083.72147349249  1.235210E-14
6084.66848853327  1.202103E-14
6085.61550357405  1.216202E-14
6086.56251861483  1.211903E-14
6087.50953365561  1.211814E-14
6088.45654869639  1.227233E-14
6089.40356373717  1.209968E-14
6090.35057877795  1.227821E-14
6091.29759381873  1.227837E-14
6092.24460885951  1.252134E-14
6093.19162390029  1.280565E-14
6094.13863894107  1.233693E-14
6095.08565398186  1.255800E-14
6096.03266902264  1.254390E-14
6096.97968406342  1.218216E-14
6097.9266991042  1.204998E-14
6098.87371414498  1.226237E-14
6099.82072918576  1.256704E-14
6100.76774422654  1.230685E-14
6101.71475926732  1.231856E-14
6102.6617743081  1.213034E-14
6103.60878934888  1.204224E-14
6104.55580438966  1.172734E-14
6105.50281943044  1.166910E-14
6106.44983447123  1.227910E-14
6107.39684951201  1.195284E-14
6108.34386455279  1.214487E-14
6109.29087959357  1.185445E-14
6110.23789463435  1.227448E-14
6111.18490967513  1.245333E-14
6112.13192471591  1.218059E-14
6113.07893975669  1.202170E-14
6114.02595479747  1.213349E-14
6114.97296983825  1.218024E-14
6115.91998487903  1.202505E-14
6116.86699991981  1.220955E-14
6117.81401496059  1.223079E-14
6118.76103000138  1.231597E-14
6119.70804504216  1.249752E-14
6120.65506008294  1.228433E-14
6121.60207512372  1.168276E-14
6122.5490901645  1.179552E-14
6123.49610520528  1.199775E-14
6124.44312024606  1.205415E-14
6125.39013528684  1.232328E-14
6126.33715032762  1.229748E-14
6127.2841653684  1.209832E-14
6128.23118040918  1.242276E-14
6129.17819544997  1.208958E-14
6130.12521049074  1.177328E-14
6131.07222553152  1.226877E-14
6132.01924057231  1.171326E-14
6132.96625561309  1.174935E-14
6133.91327065387  1.216168E-14
6134.86028569465  1.220975E-14
6135.80730073543  1.193800E-14
6136.75431577621  1.225150E-14
6137.70133081699  1.240605E-14
6138.64834585777  1.256909E-14
6139.59536089855  1.241658E-14
6140.54237593933  1.223090E-14
6141.48939098011  1.237135E-14
6142.4364060209  1.249028E-14
6143.38342106168  1.218775E-14
6144.33043610246  1.196452E-14
6145.27745114324  1.260442E-14
6146.22446618402  1.220977E-14
6147.1714812248  1.235013E-14
6148.11849626558  1.203404E-14
6149.06551130636  1.234260E-14
6150.01252634714  1.210223E-14
6150.95954138792  1.214480E-14
6151.9065564287  1.206828E-14
6152.85357146948  1.212388E-14
6153.80058651027  1.214241E-14
6154.74760155105  1.207130E-14
6155.69461659183  1.158446E-14
6156.64163163261  1.193504E-14
6157.58864667339  1.193021E-14
6158.53566171417  1.167116E-14
6159.48267675495  1.196195E-14
6160.42969179573  1.203074E-14
6161.37670683651  1.237172E-14
6162.32372187729  1.189572E-14
6163.27073691807  1.195677E-14
6164.21775195885  1.173030E-14
6165.16476699963  1.211046E-14
6166.11178204041  1.267656E-14
6167.0587970812  1.211072E-14
6168.00581212198  1.182126E-14
6168.95282716276  1.216060E-14
6169.89984220354  1.239268E-14
6170.84685724432  1.232241E-14
6171.7938722851  1.226546E-14
6172.74088732588  1.274453E-14
6173.68790236666  1.197464E-14
6174.63491740744  8.195477E-15
6175.58193244822  1.021664E-14
6176.528947489  1.240661E-14
6177.47596252978  1.181251E-14
6178.42297757056  1.165292E-14
6179.36999261134  1.207687E-14
6180.31700765213  1.210593E-14
6181.26402269291  1.225129E-14
6182.21103773369  1.239846E-14
6183.15805277447  1.226325E-14
6184.10506781525  1.218599E-14
6185.05208285603  1.219465E-14
6185.99909789681  1.208028E-14
6186.94611293759  1.215535E-14
6187.89312797837  1.231891E-14
6188.84014301915  1.226108E-14
6189.78715805993  1.209931E-14
6190.73417310072  1.200057E-14
6191.68118814149  1.207430E-14
6192.62820318228  1.215093E-14
6193.57521822306  1.212676E-14
6194.52223326384  1.227855E-14
6195.46924830462  1.252880E-14
6196.4162633454  1.216236E-14
6197.36327838618  1.196818E-14
6198.31029342696  1.198299E-14
6199.25730846774  1.227598E-14
6200.20432350852  1.213997E-14
6201.1513385493  1.211078E-14
6202.09835359008  1.253033E-14
6203.04536863087  1.246780E-14
6203.99238367165  1.216126E-14
6204.93939871243  1.229424E-14
6205.88641375321  1.251697E-14
6206.83342879399  1.238240E-14
6207.78044383477  1.244058E-14
6208.72745887555  1.219018E-14
6209.67447391633  1.242151E-14
6210.62148895711  1.236005E-14
6211.56850399789  1.224880E-14
6212.51551903867  1.205805E-14
6213.46253407945  1.201708E-14
6214.40954912024  1.236380E-14
6215.35656416102  1.277670E-14
6216.3035792018  1.212795E-14
6217.25059424258  1.200650E-14
6218.19760928336  1.187781E-14
6219.14462432414  1.208980E-14
6220.09163936492  1.233707E-14
6221.0386544057  1.235078E-14
6221.98566944648  1.227931E-14
6222.93268448726  1.191351E-14
6223.87969952804  1.211248E-14
6224.82671456882  1.209639E-14
6225.7737296096  1.200500E-14
6226.72074465039  1.194440E-14
6227.66775969117  1.239889E-14
6228.61477473195  1.247613E-14
6229.56178977273  1.213986E-14
6230.50880481351  1.239919E-14
6231.45581985429  1.270961E-14
6232.40283489507  1.241646E-14
6233.34984993585  1.214051E-14
6234.29686497663  1.196995E-14
6235.24388001741  1.245417E-14
6236.19089505819  1.250979E-14
6237.13791009897  1.221474E-14
6238.08492513975  1.179764E-14
6239.03194018054  1.211123E-14
6239.97895522132  1.196046E-14
6240.9259702621  1.163025E-14
6241.87298530288  1.199834E-14
6242.82000034366  1.224103E-14
6243.76701538444  1.213099E-14
6244.71403042522  1.185117E-14
6245.661045466  1.222905E-14
6246.60806050678  1.244165E-14
6247.55507554756  1.201919E-14
6248.50209058834  1.223925E-14
6249.44910562912  1.216911E-14
6250.3961206699  1.225293E-14
6251.34313571069  1.225304E-14
6252.29015075147  1.201206E-14
6253.23716579225  1.214525E-14
6254.18418083303  1.203636E-14
6255.13119587381  1.197541E-14
6256.07821091459  1.212364E-14
6257.02522595537  1.250456E-14
6257.97224099615  1.253615E-14
6258.91925603693  1.229181E-14
6259.86627107771  1.203936E-14
6260.81328611849  1.171971E-14
6261.76030115927  1.204783E-14
6262.70731620006  1.226409E-14
6263.65433124084  1.192421E-14
6264.60134628162  1.185908E-14
6265.5483613224  1.263892E-14
6266.49537636318  1.257567E-14
6267.44239140396  1.210067E-14
6268.38940644474  1.200684E-14
6269.33642148552  1.197413E-14
6270.2834365263  1.215636E-14
6271.23045156708  1.188666E-14
6272.17746660786  1.209822E-14
6273.12448164864  1.219145E-14
6274.07149668943  1.155444E-14
6275.01851173021  1.139097E-14
6275.96552677099  1.145033E-14
6276.91254181177  1.183857E-14
6277.85955685255  1.197453E-14
6278.80657189333  1.149407E-14
6279.75358693411  1.133420E-14
6280.70060197489  1.157745E-14
6281.64761701567  1.192420E-14
6282.59463205645  1.209777E-14
6283.54164709723  1.217922E-14
6284.48866213801  1.216227E-14
6285.43567717879  1.173844E-14
6286.38269221958  1.176645E-14
6287.32970726036  1.215546E-14
6288.27672230114  1.214832E-14
6289.22373734192  1.223740E-14
6290.1707523827  1.217985E-14
6291.11776742348  1.200087E-14
6292.06478246426  1.205407E-14
6293.01179750504  1.198883E-14
6293.95881254582  1.205584E-14
6294.9058275866  1.197806E-14
6295.85284262738  1.206930E-14
6296.79985766816  1.233524E-14
6297.74687270895  1.259379E-14
6298.69388774973  1.219103E-14
6299.64090279051  1.206936E-14
6300.58791783129  1.194060E-14
6301.53493287207  1.221164E-14
6302.48194791285  1.222112E-14
6303.42896295363  1.194120E-14
6304.37597799441  1.240094E-14
6305.32299303519  1.258206E-14
6306.27000807597  1.285336E-14
6307.21702311675  1.222660E-14
6308.16403815753  1.204500E-14
6309.11105319831  1.196319E-14
6310.05806823909  1.203948E-14
6311.00508327988  1.227794E-14
6311.95209832066  1.245328E-14
6312.89911336144  1.222862E-14
6313.84612840222  1.244977E-14
6314.793143443  1.237774E-14
6315.74015848378  1.220320E-14
6316.68717352456  1.233224E-14
6317.63418856534  1.234520E-14
6318.58120360612  1.247390E-14
6319.5282186469  1.186206E-14
6320.47523368768  1.181964E-14
6321.42224872846  1.210568E-14
6322.36926376925  1.219695E-14
6323.31627881003  1.233794E-14
6324.26329385081  1.212883E-14
6325.21030889159  1.200720E-14
6326.15732393237  1.194910E-14
6327.10433897315  1.219431E-14
6328.05135401393  1.222925E-14
6328.99836905471  1.201510E-14
6329.94538409549  1.199915E-14
6330.89239913627  1.242736E-14
6331.83941417705  1.254016E-14
6332.78642921783  1.234817E-14
6333.73344425861  1.222865E-14
6334.6804592994  1.239974E-14
6335.62747434018  1.216073E-14
6336.57448938096  1.221517E-14
6337.52150442174  1.239162E-14
6338.46851946252  1.248077E-14
6339.4155345033  1.199000E-14
6340.36254954408  1.152870E-14
6341.30956458486  1.222547E-14
6342.25657962564  1.231992E-14
6343.20359466642  1.243798E-14
6344.1506097072  1.226121E-14
6345.09762474798  1.195446E-14
6346.04463978876  1.177025E-14
6346.99165482955  1.160657E-14
6347.93866987033  1.165597E-14
6348.88568491111  1.202595E-14
6349.83269995189  1.188726E-14
6350.77971499267  1.204909E-14
6351.72673003345  1.205036E-14
6352.67374507423  1.184310E-14
6353.62076011501  1.172161E-14
6354.56777515579  1.217120E-14
6355.51479019657  1.221811E-14
6356.46180523735  1.219728E-14
6357.40882027814  1.222944E-14
6358.35583531891  1.193685E-14
6359.3028503597  1.220145E-14
6360.24986540048  1.243226E-14
6361.19688044126  1.226927E-14
6362.14389548204  1.253804E-14
6363.09091052282  1.266138E-14
6364.0379255636  1.229296E-14
6364.98494060438  1.232899E-14
6365.93195564516  1.245067E-14
6366.87897068594  1.193393E-14
6367.82598572672  1.183758E-14
6368.7730007675  1.203534E-14
6369.72001580828  1.240612E-14
6370.66703084907  1.213094E-14
6371.61404588985  1.218524E-14
6372.56106093063  1.271308E-14
6373.50807597141  1.230243E-14
6374.45509101219  1.192721E-14
6375.40210605297  1.215425E-14
6376.34912109375  1.215462E-14
6377.29613613453  1.197042E-14
6378.24315117531  1.232739E-14
6379.19016621609  1.221160E-14
6380.13718125687  1.240190E-14
6381.08419629765  1.224225E-14
6382.03121133844  1.260085E-14
6382.97822637922  1.269749E-14
6383.92524142  1.272679E-14
6384.87225646078  1.266978E-14
6385.81927150156  1.248005E-14
6386.76628654234  1.252901E-14
6387.71330158312  1.271871E-14
6388.6603166239  1.255424E-14
6389.60733166468  1.226263E-14
6390.55434670546  1.257077E-14
6391.50136174624  1.283839E-14
6392.44837678702  1.268235E-14
6393.3953918278  1.245199E-14
6394.34240686858  1.269733E-14
6395.28942190937  1.293997E-14
6396.23643695015  1.261747E-14
6397.18345199093  1.240700E-14
6398.13046703171  1.234617E-14
6399.07748207249  1.222120E-14
6400.02449711327  1.204313E-14
6400.97151215405  1.230376E-14
6401.91852719483  1.246293E-14
6402.86554223561  1.197801E-14
6403.81255727639  1.226514E-14
6404.75957231717  1.257382E-14
6405.70658735795  1.260721E-14
6406.65360239874  1.236465E-14
6407.60061743952  1.238311E-14
6408.5476324803  1.240679E-14
6409.49464752108  1.250849E-14
6410.44166256186  1.256770E-14
6411.38867760264  1.268939E-14
6412.33569264342  1.230921E-14
6413.2827076842  1.244181E-14
6414.22972272498  1.268482E-14
6415.17673776576  1.268411E-14
6416.12375280654  1.244171E-14
6417.07076784732  1.251587E-14
6418.01778288811  1.239185E-14
6418.96479792888  1.222736E-14
6419.91181296967  1.253656E-14
6420.85882801045  1.234769E-14
6421.80584305123  1.218735E-14
6422.75285809201  1.235080E-14
6423.69987313279  1.247696E-14
6424.64688817357  1.254719E-14
6425.59390321435  1.241560E-14
6426.54091825513  1.244093E-14
6427.48793329591  1.265267E-14
6428.43494833669  1.223639E-14
6429.38196337748  1.198860E-14
6430.32897841825  1.205332E-14
6431.27599345904  1.208015E-14
6432.22300849982  1.214492E-14
6433.1700235406  1.221286E-14
6434.11703858138  1.258281E-14
6435.06405362216  1.239545E-14
6436.01106866294  1.196214E-14
6436.95808370372  1.204339E-14
6437.9050987445  1.230311E-14
6438.85211378528  1.218268E-14
6439.79912882606  1.242853E-14
6440.74614386684  1.264961E-14
6441.69315890763  1.228692E-14
6442.64017394841  1.225051E-14
6443.58718898919  1.223936E-14
6444.53420402997  1.202639E-14
6445.48121907075  1.246882E-14
6446.42823411153  1.229516E-14
6447.37524915231  1.177794E-14
6448.32226419309  1.220460E-14
6449.26927923387  1.280045E-14
6450.21629427465  1.245658E-14
6451.16330931543  1.204596E-14
6452.11032435621  1.226057E-14
6453.057339397  1.196258E-14
6454.00435443777  1.201864E-14
6454.95136947856  1.221023E-14
6455.89838451934  1.214751E-14
6456.84539956012  1.254782E-14
6457.7924146009  1.225509E-14
6458.73942964168  1.201658E-14
6459.68644468246  1.223024E-14
6460.63345972324  1.211480E-14
6461.58047476402  1.232653E-14
6462.5274898048  1.242811E-14
6463.47450484558  1.256688E-14
6464.42151988636  1.270876E-14
6465.36853492714  1.237122E-14
6466.31554996793  1.198200E-14
6467.26256500871  1.204456E-14
6468.20958004949  1.223323E-14
6469.15659509027  1.244889E-14
6470.10361013105  1.253675E-14
6471.05062517183  1.241847E-14
6471.99764021261  1.270578E-14
6472.94465525339  1.255159E-14
6473.89167029417  1.235503E-14
6474.83868533495  1.234715E-14
6475.78570037573  1.225305E-14
6476.73271541651  1.216150E-14
6477.6797304573  1.192502E-14
6478.62674549807  1.200046E-14
6479.57376053886  1.211653E-14
6480.52077557964  1.212899E-14
6481.46779062042  1.210882E-14
6482.4148056612  1.216910E-14
6483.36182070198  1.207621E-14
6484.30883574276  1.258905E-14
6485.25585078354  1.264598E-14
6486.20286582432  1.239372E-14
6487.1498808651  1.194148E-14
6488.09689590588  1.190253E-14
6489.04391094666  1.222153E-14
6489.99092598744  1.226514E-14
6490.93794102823  1.196882E-14
6491.88495606901  1.193249E-14
6492.83197110979  1.193294E-14
6493.77898615057  1.233791E-14
6494.72600119135  1.262117E-14
6495.67301623213  1.237622E-14
6496.62003127291  1.234514E-14
6497.56704631369  1.240056E-14
6498.51406135447  1.247093E-14
6499.46107639525  1.229977E-14
6500.40809143603  1.211341E-14
6501.35510647681  1.226827E-14
6502.30212151759  1.206785E-14
6503.24913655838  1.214823E-14
6504.19615159916  1.250184E-14
6505.14316663994  1.247428E-14
6506.09018168072  1.237106E-14
6507.0371967215  1.273973E-14
6507.98421176228  1.277834E-14
6508.93122680306  1.285065E-14
6509.87824184384  1.244962E-14
6510.82525688462  1.243704E-14
6511.7722719254  1.247954E-14
6512.71928696618  1.227710E-14
6513.66630200697  1.220186E-14
6514.61331704774  1.225789E-14
6515.56033208853  1.206803E-14
6516.50734712931  1.202997E-14
6517.45436217009  1.197949E-14
6518.40137721087  1.242996E-14
6519.34839225165  1.259745E-14
6520.29540729243  1.219290E-14
6521.24242233321  1.242617E-14
6522.18943737399  1.250519E-14
6523.13645241477  1.206581E-14
6524.08346745555  1.186198E-14
6525.03048249633  1.239108E-14
6525.97749753712  1.259801E-14
6526.9245125779  1.250493E-14
6527.87152761868  1.265756E-14
6528.81854265946  1.254940E-14
6529.76555770024  1.274933E-14
6530.71257274102  1.300638E-14
6531.6595877818  1.280442E-14
6532.60660282258  1.284086E-14
6533.55361786336  1.287279E-14
6534.50063290414  1.265397E-14
6535.44764794492  1.276998E-14
6536.3946629857  1.313016E-14
6537.34167802649  1.306038E-14
6538.28869306726  1.290795E-14
6539.23570810805  1.300020E-14
6540.18272314883  1.314661E-14
6541.12973818961  1.345326E-14
6542.07675323039  1.378430E-14
6543.02376827117  1.424713E-14
6543.97078331195  1.425671E-14
6544.91779835273  1.443581E-14
6545.86481339351  1.491748E-14
6546.81182843429  1.524384E-14
6547.75884347507  1.577504E-14
6548.70585851585  1.626303E-14
6549.65287355663  1.648608E-14
6550.59988859742  1.686327E-14
6551.5469036382  1.774334E-14
6552.49391867898  1.909282E-14
6553.44093371976  1.950494E-14
6554.38794876054  1.959815E-14
6555.33496380132  2.042568E-14
6556.2819788421  2.134371E-14
6557.22899388288  2.245850E-14
6558.17600892366  2.337915E-14
6559.12302396444  2.404314E-14
6560.07003900522  2.398263E-14
6561.017054046  2.466180E-14
6561.96406908678  2.472269E-14
6562.91108412757  2.453476E-14
6563.85809916835  2.448268E-14
6564.80511420913  2.369578E-14
6565.75212924991  2.305557E-14
6566.69914429069  2.274206E-14
6567.64615933147  2.247300E-14
6568.59317437225  2.239881E-14
6569.54018941303  2.212450E-14
6570.48720445381  2.191478E-14
6571.43421949459  2.204933E-14
6572.38123453537  2.193061E-14
6573.32824957616  2.108541E-14
6574.27526461694  2.038948E-14
6575.22227965772  1.991617E-14
6576.1692946985  1.919299E-14
6577.11630973928  1.842016E-14
6578.06332478006  1.750840E-14
6579.01033982084  1.708637E-14
6579.95735486162  1.657543E-14
6580.9043699024  1.593445E-14
6581.85138494318  1.527085E-14
6582.79839998396  1.475013E-14
6583.74541502474  1.443377E-14
6584.69243006552  1.446130E-14
6585.6394451063  1.403306E-14
6586.58646014709  1.360753E-14
6587.53347518787  1.360090E-14
6588.48049022865  1.380005E-14
6589.42750526943  1.379517E-14
6590.37452031021  1.357258E-14
6591.32153535099  1.325088E-14
6592.26855039177  1.345170E-14
6593.21556543255  1.321225E-14
6594.16258047333  1.298724E-14
6595.10959551411  1.351046E-14
6596.05661055489  1.333412E-14
6597.00362559567  1.302943E-14
6597.95064063646  1.300878E-14
6598.89765567724  1.307672E-14
6599.84467071802  1.302864E-14
6600.7916857588  1.274007E-14
6601.73870079958  1.293014E-14
6602.68571584036  1.261919E-14
6603.63273088114  1.258322E-14
6604.57974592192  1.288278E-14
6605.5267609627  1.272895E-14
6606.47377600348  1.280432E-14
6607.42079104426  1.252730E-14
6608.36780608504  1.260576E-14
6609.31482112582  1.232904E-14
6610.26183616661  1.247318E-14
6611.20885120739  1.268702E-14
6612.15586624817  1.252926E-14
6613.10288128895  1.244222E-14
6614.04989632973  1.216859E-14
6614.99691137051  1.253795E-14
6615.94392641129  1.255341E-14
6616.89094145207  1.241853E-14
6617.83795649285  1.271571E-14
6618.78497153363  1.264679E-14
6619.73198657441  1.255114E-14
6620.67900161519  1.275724E-14
6621.62601665598  1.261441E-14
6622.57303169675  1.272690E-14
6623.52004673754  1.255489E-14
6624.46706177832  1.220181E-14
6625.4140768191  1.246787E-14
6626.36109185988  1.256484E-14
6627.30810690066  1.242159E-14
6628.25512194144  1.260727E-14
6629.20213698222  1.257485E-14
6630.149152023  1.246765E-14
6631.09616706378  1.237138E-14
6632.04318210456  1.269542E-14
6632.99019714535  1.290204E-14
6633.93721218612  1.248752E-14
6634.88422722691  1.215915E-14
6635.83124226769  1.245879E-14
6636.77825730847  1.252094E-14
6637.72527234925  1.221144E-14
6638.67228739003  1.255277E-14
6639.61930243081  1.265964E-14
6640.56631747159  1.260572E-14
6641.51333251237  1.262144E-14
6642.46034755315  1.271608E-14
6643.40736259393  1.257924E-14
6644.35437763471  1.253020E-14
6645.3013926755  1.248661E-14
6646.24840771628  1.250107E-14
6647.19542275706  1.208844E-14
6648.14243779784  1.207377E-14
6649.08945283862  1.215623E-14
6650.0364678794  1.256864E-14
6650.98348292018  1.243650E-14
6651.93049796096  1.249580E-14
6652.87751300174  1.244814E-14
6653.82452804252  1.252485E-14
6654.7715430833  1.225804E-14
6655.71855812408  1.243027E-14
6656.66557316486  1.252064E-14
6657.61258820564  1.249175E-14
6658.55960324643  1.214243E-14
6659.50661828721  1.242136E-14
6660.45363332799  1.291480E-14
6661.40064836877  1.297871E-14
6662.34766340955  1.259442E-14
6663.29467845033  1.243616E-14
6664.24169349111  1.274376E-14
6665.18870853189  1.292881E-14
6666.13572357267  1.318687E-14
6667.08273861345  1.331668E-14
6668.02975365423  1.323083E-14
6668.97676869501  1.355572E-14
6669.92378373579  1.372411E-14
6670.87079877657  1.386790E-14
6671.81781381736  1.370089E-14
6672.76482885814  1.359949E-14
6673.71184389892  1.358575E-14
6674.6588589397  1.346388E-14
6675.60587398048  1.292897E-14
6676.55288902126  1.267723E-14
6677.49990406204  1.298449E-14
6678.44691910282  1.280389E-14
6679.3939341436  1.266709E-14
6680.34094918438  1.287465E-14
6681.28796422517  1.243680E-14
6682.23497926595  1.215593E-14
6683.18199430673  1.277217E-14
6684.12900934751  1.277664E-14
6685.07602438829  1.297669E-14
6686.02303942907  1.287008E-14
6686.97005446985  1.301092E-14
6687.91706951063  1.359532E-14
6688.86408455141  1.349095E-14
6689.81109959219  1.299542E-14
6690.75811463297  1.311628E-14
6691.70512967375  1.307862E-14
6692.65214471453  1.305889E-14
6693.59915975531  1.312040E-14
6694.5461747961  1.263970E-14
6695.49318983688  1.265679E-14
6696.44020487766  1.258926E-14
6697.38721991844  1.212046E-14
6698.33423495922  1.264295E-14
6699.28125  1.293405E-14
6700.22826504078  1.270258E-14
6701.17528008156  1.244455E-14
6702.12229512234  1.233491E-14
6703.06931016312  1.219110E-14
6704.0163252039  1.217925E-14
6704.96334024468  1.246088E-14
6705.91035528547  1.242051E-14
6706.85737032624  1.232318E-14
6707.80438536703  1.257605E-14
6708.75140040781  1.238128E-14
6709.69841544859  1.209030E-14
6710.64543048937  1.211765E-14
6711.59244553015  1.212215E-14
6712.53946057093  1.232794E-14
6713.48647561171  1.200410E-14
6714.43349065249  1.224595E-14
6715.38050569327  1.272384E-14
6716.32752073405  1.240061E-14
6717.27453577483  1.210282E-14
6718.22155081562  1.206857E-14
6719.1685658564  1.236129E-14
6720.11558089718  1.230201E-14
6721.06259593796  1.202892E-14
6722.00961097874  1.199634E-14
6722.95662601952  1.189707E-14
6723.9036410603  1.206970E-14
6724.85065610108  1.215126E-14
6725.79767114186  1.218129E-14
6726.74468618264  1.243476E-14
6727.69170122342  1.237742E-14
6728.6387162642  1.226069E-14
6729.58573130499  1.221121E-14
6730.53274634576  1.234880E-14
6731.47976138655  1.237220E-14
6732.42677642733  1.238078E-14
6733.37379146811  1.241996E-14
6734.32080650889  1.215621E-14
6735.26782154967  1.183050E-14
6736.21483659045  1.204585E-14
6737.16185163123  1.244071E-14
6738.10886667201  1.250689E-14
6739.05588171279  1.239403E-14
6740.00289675357  1.235932E-14
6740.94991179435  1.226299E-14
6741.89692683514  1.223189E-14
6742.84394187592  1.230622E-14
6743.7909569167  1.221678E-14
6744.73797195748  1.209098E-14
6745.68498699826  1.209562E-14
6746.63200203904  1.194409E-14
6747.57901707982  1.193009E-14
6748.5260321206  1.193484E-14
6749.47304716138  1.212918E-14
6750.42006220216  1.244869E-14
6751.36707724294  1.230921E-14
6752.31409228372  1.226819E-14
6753.2611073245  1.230795E-14
6754.20812236528  1.216074E-14
6755.15513740607  1.215112E-14
6756.10215244685  1.221039E-14
6757.04916748763  1.202364E-14
6757.99618252841  1.204702E-14
6758.94319756919  1.193817E-14
6759.89021260997  1.219590E-14
6760.83722765075  1.226205E-14
6761.78424269153  1.218871E-14
6762.73125773231  1.187945E-14
6763.67827277309  1.174255E-14
6764.62528781387  1.200264E-14
6765.57230285466  1.191271E-14
6766.51931789544  1.207528E-14
6767.46633293622  1.228680E-14
6768.413347977  1.224900E-14
6769.36036301778  1.252037E-14
6770.30737805856  1.214364E-14
6771.25439309934  1.208014E-14
6772.20140814012  1.219535E-14
6773.1484231809  1.255809E-14
6774.09543822168  1.200185E-14
6775.04245326246  1.180179E-14
6775.98946830324  1.232417E-14
6776.93648334402  1.228263E-14
6777.8834983848  1.197968E-14
6778.83051342559  1.176128E-14
6779.77752846637  1.177083E-14
6780.72454350715  1.177151E-14
6781.67155854793  1.232145E-14
6782.61857358871  1.218757E-14
6783.56558862949  1.192582E-14
6784.51260367027  1.185602E-14
6785.45961871105  1.208898E-14
6786.40663375183  1.236703E-14
6787.35364879261  1.201533E-14
6788.3006638334  1.201487E-14
6789.24767887417  1.217562E-14
6790.19469391496  1.178469E-14
6791.14170895574  1.213728E-14
6792.08872399652  1.234154E-14
6793.0357390373  1.224503E-14
6793.98275407808  1.219493E-14
6794.92976911886  1.194637E-14
6795.87678415964  1.196232E-14
6796.82379920042  1.209253E-14
6797.7708142412  1.211229E-14
6798.71782928198  1.198314E-14
6799.66484432276  1.184411E-14
6800.61185936354  1.209758E-14
6801.55887440433  1.189923E-14
6802.50588944511  1.208166E-14
6803.45290448589  1.182149E-14
6804.39991952667  1.193730E-14
6805.34693456745  1.165417E-14
6806.29394960823  1.194762E-14
6807.24096464901  1.201302E-14
6808.18797968979  1.203201E-14
6809.13499473057  1.215860E-14
6810.08200977135  1.212496E-14
6811.02902481213  1.205167E-14
6811.97603985291  1.200548E-14
6812.92305489369  1.157087E-14
6813.87006993448  1.186563E-14
6814.81708497526  1.179243E-14
6815.76410001604  1.187183E-14
6816.71111505682  1.174243E-14
6817.6581300976  1.172204E-14
6818.60514513838  1.174919E-14
6819.55216017916  1.189665E-14
6820.49917521994  1.191697E-14
6821.44619026072  1.183091E-14
6822.3932053015  1.178981E-14
6823.34022034228  1.196018E-14
6824.28723538306  1.184502E-14
6825.23425042384  1.181915E-14
6826.18126546462  1.219964E-14
6827.12828050541  1.217173E-14
6828.07529554619  1.174457E-14
6829.02231058697  1.179681E-14
6829.96932562775  1.182773E-14
6830.91634066853  1.202540E-14
6831.86335570931  1.196227E-14
6832.81037075009  1.170666E-14
6833.75738579087  1.181888E-14
6834.70440083165  1.215321E-14
6835.65141587243  1.204248E-14
6836.59843091321  1.186523E-14
6837.545445954  1.146815E-14
6838.49246099477  1.143696E-14
6839.43947603556  1.153961E-14
6840.38649107634  1.154989E-14
6841.33350611712  1.182367E-14
6842.2805211579  1.205602E-14
6843.22753619868  1.160849E-14
6844.17455123946  1.148067E-14
6845.12156628024  1.173854E-14
6846.06858132102  1.188403E-14
6847.0155963618  1.168957E-14
6847.96261140258  1.152100E-14
6848.90962644336  1.172940E-14
6849.85664148415  1.165599E-14
6850.80365652493  1.175967E-14
6851.75067156571  1.181798E-14
6852.69768660649  1.159245E-14
6853.64470164727  1.164324E-14
6854.59171668805  1.175977E-14
6855.53873172883  1.166148E-14
6856.48574676961  1.162010E-14
6857.43276181039  1.172680E-14
6858.37977685117  1.160557E-14
6859.32679189195  1.145493E-14
6860.27380693273  1.171365E-14
6861.22082197351  1.176478E-14
6862.16783701429  1.141192E-14
6863.11485205508  1.159842E-14
6864.06186709586  1.093003E-14
6865.00888213664  1.059015E-14
6865.95589717742  9.545353E-15
6866.9029122182  8.761668E-15
6867.84992725898  8.635953E-15
6868.79694229976  8.239345E-15
6869.74395734054  8.098991E-15
6870.69097238132  8.261139E-15
6871.6379874221  8.225778E-15
6872.58500246288  8.449484E-15
6873.53201750367  8.618480E-15
6874.47903254445  8.495914E-15
6875.42604758523  8.902862E-15
6876.37306262601  9.464236E-15
6877.32007766679  9.684429E-15
6878.26709270757  1.052502E-14
6879.21410774835  1.047818E-14
6880.16112278913  1.088833E-14
6881.10813782991  1.087091E-14
6882.05515287069  1.078523E-14
6883.00216791147  1.069528E-14
6883.94918295225  1.083804E-14
6884.89619799303  1.026469E-14
6885.84321303381  1.023342E-14
6886.7902280746  1.001442E-14
6887.73724311538  9.981663E-15
6888.68425815616  9.938223E-15
6889.63127319694  1.013876E-14
6890.57828823772  1.033788E-14
6891.5253032785  1.029737E-14
6892.47231831928  9.975551E-15
6893.41933336006  9.942866E-15
6894.36634840084  1.023354E-14
6895.31336344162  1.018903E-14
6896.2603784824  9.995954E-15
6897.20739352318  1.033748E-14
6898.15440856397  1.024009E-14
6899.10142360475  1.032449E-14
6900.04843864553  1.043125E-14
6900.99545368631  1.094091E-14
6901.94246872709  1.093325E-14
6902.88948376787  1.070335E-14
6903.83649880865  1.078218E-14
6904.78351384943  1.099988E-14
6905.73052889021  1.087855E-14
6906.67754393099  1.096268E-14
6907.62455897177  1.090731E-14
6908.57157401255  1.101123E-14
6909.51858905333  1.091281E-14
6910.46560409412  1.090310E-14
6911.4126191349  1.113705E-14
6912.35963417568  1.129838E-14
6913.30664921646  1.092017E-14
6914.25366425724  1.067462E-14
6915.20067929802  1.113330E-14
6916.1476943388  1.136367E-14
6917.09470937958  1.125890E-14
6918.04172442036  1.141391E-14
6918.98873946114  1.129627E-14
6919.93575450192  1.150726E-14
6920.8827695427  1.132311E-14
6921.82978458349  1.098945E-14
6922.77679962426  1.094672E-14
6923.72381466505  1.083539E-14
6924.67082970583  1.112510E-14
6925.61784474661  1.127351E-14
6926.56485978739  1.105721E-14
6927.51187482817  1.086474E-14
6928.45888986895  1.104972E-14
6929.40590490973  1.078316E-14
6930.35291995051  1.073247E-14
6931.29993499129  1.086339E-14
6932.24695003207  1.046393E-14
6933.19396507286  1.083133E-14
6934.14098011364  1.144566E-14
6935.08799515442  1.123109E-14
6936.0350101952  1.153446E-14
6936.98202523598  1.149444E-14
6937.92904027676  1.112183E-14
6938.87605531754  1.106348E-14
6939.82307035832  1.074914E-14
6940.7700853991  1.112125E-14
6941.71710043988  1.110903E-14
6942.66411548066  1.102218E-14
6943.61113052144  1.099972E-14
6944.55814556222  1.128277E-14
6945.505160603  1.116211E-14
6946.45217564379  1.099681E-14
6947.39919068457  1.134628E-14
6948.34620572535  1.111516E-14
6949.29322076613  1.109063E-14
6950.24023580691  1.138231E-14
6951.18725084769  1.158487E-14
6952.13426588847  1.145259E-14
6953.08128092925  1.147427E-14
6954.02829597003  1.121234E-14
6954.97531101081  1.114287E-14
6955.92232605159  1.076847E-14
6956.86934109238  1.060807E-14
6957.81635613316  1.104914E-14
6958.76337117394  1.114986E-14
6959.71038621472  1.097168E-14
6960.6574012555  1.117079E-14
6961.60441629628  1.119772E-14
6962.55143133706  1.123582E-14
6963.49844637784  1.144011E-14
6964.44546141862  1.133349E-14
6965.3924764594  1.122472E-14
6966.33949150018  1.137647E-14
6967.28650654096  1.176435E-14
6968.23352158174  1.155659E-14
6969.18053662252  1.128511E-14
6970.12755166331  1.161620E-14
6971.07456670409  1.168928E-14
6972.02158174487  1.143594E-14
6972.96859678565  1.135344E-14
6973.91561182643  1.161498E-14
6974.86262686721  1.164268E-14
6975.80964190799  1.115451E-14
6976.75665694877  1.109847E-14
6977.70367198955  1.149960E-14
6978.65068703033  1.143023E-14
6979.59770207111  1.110609E-14
6980.54471711189  1.151865E-14
6981.49173215267  1.135395E-14
6982.43874719346  1.114922E-14
6983.38576223424  1.129312E-14
6984.33277727502  1.144839E-14
6985.2797923158  1.125770E-14
6986.22680735658  1.126116E-14
6987.17382239736  1.131367E-14
6988.12083743814  1.105713E-14
6989.06785247892  1.117643E-14
6990.0148675197  1.115553E-14
6990.96188256048  1.135403E-14
6991.90889760126  1.130224E-14
6992.85591264204  1.128754E-14
6993.80292768282  1.121332E-14
6994.74994272361  1.083308E-14
6995.69695776439  1.102869E-14
6996.64397280517  1.122207E-14
6997.59098784595  1.131203E-14
6998.53800288673  1.113023E-14
6999.48501792751  1.107979E-14
7000.43203296829  1.109646E-14
7001.37904800907  1.129525E-14
7002.32606304985  1.108049E-14
7003.27307809063  1.098716E-14
7004.22009313141  1.127315E-14
7005.16710817219  1.099323E-14
7006.11412321298  1.089759E-14
7007.06113825376  1.085782E-14
7008.00815329454  1.091941E-14
7008.95516833532  1.105968E-14
7009.9021833761  1.106796E-14
7010.84919841688  1.103334E-14
7011.79621345766  1.093468E-14
7012.74322849844  1.099666E-14
7013.69024353922  1.106503E-14
7014.63725858  1.067811E-14
7015.58427362078  1.093667E-14
7016.53128866156  1.118361E-14
7017.47830370235  1.109678E-14
7018.42531874313  1.068962E-14
7019.37233378391  1.092188E-14
7020.31934882469  1.127557E-14
7021.26636386547  1.097311E-14
7022.21337890625  1.034903E-14
