6053.4174804688  1.213187E-14
6054.36449312307  1.225379E-14
6055.31150577733  1.257088E-14
6056.25851843159  1.248741E-14
6057.20553108586  1.258454E-14
6058.15254374012  1.270408E-14
6059.09955639439  1.252050E-14
6060.04656904865  1.281657E-14
6060.99358170292  1.285785E-14
6061.94059435718  1.268931E-14
6062.88760701144  1.279175E-14
6063.83461966571  1.293551E-14
6064.78163231997  1.291721E-14
6065.72864497424  1.252294E-14
6066.6756576285  1.250080E-14
6067.62267028277  1.252853E-14
6068.56968293703  1.245603E-14
6069.51669559129  1.266539E-14
6070.46370824556  1.241989E-14
6071.41072089982  1.240600E-14
6072.35773355409  1.278880E-14
6073.30474620835  1.262794E-14
6074.25175886262  1.248101E-14
6075.19877151688  1.252151E-14
6076.14578417115  1.263814E-14
6077.09279682541  1.276409E-14
6078.03980947968  1.288399E-14
6078.98682213394  1.266569E-14
6079.93383478821  1.269644E-14
6080.88084744247  1.290125E-14
6081.82786009673  1.265379E-14
6082.774872751  1.259917E-14
6083.72188540526  1.225891E-14
6084.66889805953  1.246955E-14
6085.61591071379  1.258720E-14
6086.56292336806  1.247314E-14
6087.50993602232  1.261987E-14
6088.45694867658  1.285869E-14
6089.40396133085  1.255669E-14
6090.35097398511  1.218559E-14
6091.29798663938  1.253897E-14
6092.24499929364  1.261174E-14
6093.19201194791  1.237725E-14
6094.13902460217  1.268438E-14
6095.08603725643  1.239640E-14
6096.0330499107  1.239327E-14
6096.98006256496  1.287471E-14
6097.92707521923  1.263958E-14
6098.87408787349  1.243635E-14
6099.82110052776  1.246288E-14
6100.76811318202  1.249177E-14
6101.71512583629  1.275577E-14
6102.66213849055  1.256442E-14
6103.60915114481  1.250775E-14
6104.55616379908  1.259634E-14
6105.50317645334  1.267084E-14
6106.45018910761  1.261646E-14
6107.39720176187  1.264661E-14
6108.34421441614  1.213837E-14
6109.2912270704  1.253922E-14
6110.23823972467  1.283829E-14
6111.18525237893  1.249910E-14
6112.13226503319  1.212451E-14
6113.07927768746  1.209294E-14
6114.02629034172  1.254695E-14
6114.97330299599  1.261524E-14
6115.92031565025  1.253777E-14
6116.86732830452  1.244395E-14
6117.81434095878  1.274197E-14
6118.76135361305  1.242619E-14
6119.70836626731  1.230517E-14
6120.65537892157  1.285790E-14
6121.60239157584  1.275776E-14
6122.5494042301  1.248074E-14
6123.49641688437  1.251855E-14
6124.44342953863  1.279199E-14
6125.3904421929  1.285921E-14
6126.33745484716  1.251862E-14
6127.28446750142  1.245681E-14
6128.23148015569  1.259247E-14
6129.17849280996  1.295278E-14
6130.12550546422  1.298217E-14
6131.07251811848  1.271620E-14
6132.01953077275  1.259738E-14
6132.96654342701  1.251908E-14
6133.91355608128  1.231404E-14
6134.86056873554  1.241526E-14
6135.8075813898  1.263695E-14
6136.75459404407  1.260105E-14
6137.70160669833  1.262900E-14
6138.6486193526  1.305540E-14
6139.59563200686  1.256414E-14
6140.54264466113  1.262732E-14
6141.48965731539  1.254621E-14
6142.43666996966  1.270238E-14
6143.38368262392  1.301000E-14
6144.33069527818  1.281230E-14
6145.27770793245  1.284995E-14
6146.22472058671  1.268107E-14
6147.17173324098  1.253998E-14
6148.11874589524  1.249109E-14
6149.06575854951  1.219201E-14
6150.01277120377  1.260483E-14
6150.95978385804  1.241275E-14
6151.9067965123  1.262626E-14
6152.85380916656  1.285070E-14
6153.80082182083  1.274288E-14
6154.74783447509  1.210243E-14
6155.69484712936  1.188526E-14
6156.64185978362  1.238858E-14
6157.58887243789  1.293734E-14
6158.53588509215  1.280868E-14
6159.48289774641  1.260953E-14
6160.42991040068  1.258378E-14
6161.37692305494  1.274119E-14
6162.32393570921  1.274946E-14
6163.27094836347  1.232606E-14
6164.21796101774  1.221739E-14
6165.164973672  1.225974E-14
6166.11198632627  1.276676E-14
6167.05899898053  1.254339E-14
6168.0060116348  1.260593E-14
6168.95302428906  1.261652E-14
6169.90003694332  1.264028E-14
6170.84704959759  1.240036E-14
6171.79406225185  1.215830E-14
6172.74107490612  1.234683E-14
6173.68808756038  1.219350E-14
6174.63510021465  8.306711E-15
6175.58211286891  1.024595E-14
6176.52912552317  1.235405E-14
6177.47613817744  1.199275E-14
6178.4231508317  1.249599E-14
6179.37016348597  1.246322E-14
6180.31717614023  1.253098E-14
6181.2641887945  1.257820E-14
6182.21120144876  1.270764E-14
6183.15821410303  1.286061E-14
6184.10522675729  1.288972E-14
6185.05223941156  1.232255E-14
6185.99925206582  1.210256E-14
6186.94626472008  1.218860E-14
6187.89327737435  1.234880E-14
6188.84029002861  1.266077E-14
6189.78730268288  1.299804E-14
6190.73431533714  1.283252E-14
6191.68132799141  1.235622E-14
6192.62834064567  1.236220E-14
6193.57535329993  1.280172E-14
6194.5223659542  1.288845E-14
6195.46937860846  1.239054E-14
6196.41639126273  1.219541E-14
6197.36340391699  1.257739E-14
6198.31041657126  1.247734E-14
6199.25742922552  1.246778E-14
6200.20444187978  1.269784E-14
6201.15145453405  1.247363E-14
6202.09846718831  1.281904E-14
6203.04547984258  1.266700E-14
6203.99249249684  1.234404E-14
6204.93950515111  1.257030E-14
6205.88651780537  1.279514E-14
6206.83353045964  1.274514E-14
6207.7805431139  1.271193E-14
6208.72755576817  1.273022E-14
6209.67456842243  1.205528E-14
6210.62158107669  1.239575E-14
6211.56859373096  1.249431E-14
6212.51560638522  1.238991E-14
6213.46261903949  1.240069E-14
6214.40963169375  1.249000E-14
6215.35664434802  1.236205E-14
6216.30365700228  1.252211E-14
6217.25066965654  1.278485E-14
6218.19768231081  1.284236E-14
6219.14469496507  1.251796E-14
6220.09170761934  1.225466E-14
6221.0387202736  1.243403E-14
6221.98573292787  1.296472E-14
6222.93274558213  1.316123E-14
6223.8797582364  1.242940E-14
6224.82677089066  1.260644E-14
6225.77378354493  1.268722E-14
6226.72079619919  1.230079E-14
6227.66780885345  1.263499E-14
6228.61482150772  1.275841E-14
6229.56183416198  1.275728E-14
6230.50884681625  1.248588E-14
6231.45585947051  1.253070E-14
6232.40287212477  1.237521E-14
6233.34988477904  1.271075E-14
6234.29689743331  1.303188E-14
6235.24391008757  1.308961E-14
6236.19092274183  1.276430E-14
6237.1379353961  1.261090E-14
6238.08494805036  1.263191E-14
6239.03196070463  1.268237E-14
6239.97897335889  1.262414E-14
6240.92598601316  1.238960E-14
6241.87299866742  1.252492E-14
6242.82001132168  1.285345E-14
6243.76702397595  1.261562E-14
6244.71403663021  1.241999E-14
6245.66104928448  1.236119E-14
6246.60806193874  1.252024E-14
6247.55507459301  1.272167E-14
6248.50208724727  1.272999E-14
6249.44909990154  1.286995E-14
6250.3961125558  1.258835E-14
6251.34312521006  1.262530E-14
6252.29013786433  1.261468E-14
6253.23715051859  1.265977E-14
6254.18416317286  1.212119E-14
6255.13117582712  1.261246E-14
6256.07818848139  1.253888E-14
6257.02520113565  1.222207E-14
6257.97221378991  1.260009E-14
6258.91922644418  1.273405E-14
6259.86623909845  1.232499E-14
6260.81325175271  1.243815E-14
6261.76026440697  1.300682E-14
6262.70727706124  1.267268E-14
6263.6542897155  1.226762E-14
6264.60130236976  1.221657E-14
6265.54831502403  1.250483E-14
6266.49532767829  1.252735E-14
6267.44234033256  1.247870E-14
6268.38935298682  1.232490E-14
6269.33636564109  1.226335E-14
6270.28337829535  1.234734E-14
6271.23039094962  1.240998E-14
6272.17740360388  1.263664E-14
6273.12441625814  1.268762E-14
6274.07142891241  1.233076E-14
6275.01844156667  1.239282E-14
6275.96545422094  1.221465E-14
6276.9124668752  1.208802E-14
6277.85947952947  1.176745E-14
6278.80649218373  1.156635E-14
6279.753504838  1.196188E-14
6280.70051749226  1.220934E-14
6281.64753014653  1.207596E-14
6282.59454280079  1.230645E-14
6283.54155545506  1.242160E-14
6284.48856810932  1.208899E-14
6285.43558076358  1.215363E-14
6286.38259341785  1.244538E-14
6287.32960607211  1.268642E-14
6288.27661872638  1.266022E-14
6289.22363138064  1.265298E-14
6290.1706440349  1.254921E-14
6291.11765668917  1.193105E-14
6292.06466934343  1.209149E-14
6293.0116819977  1.253845E-14
6293.95869465196  1.249155E-14
6294.90570730623  1.242456E-14
6295.85271996049  1.198616E-14
6296.79973261476  1.226172E-14
6297.74674526902  1.265655E-14
6298.69375792328  1.243531E-14
6299.64077057755  1.223248E-14
6300.58778323181  1.194749E-14
6301.53479588608  1.281306E-14
6302.48180854034  1.273579E-14
6303.42882119461  1.247223E-14
6304.37583384887  1.245388E-14
6305.32284650314  1.252786E-14
6306.2698591574  1.248325E-14
6307.21687181166  1.236794E-14
6308.16388446593  1.251448E-14
6309.11089712019  1.237626E-14
6310.05790977446  1.242787E-14
6311.00492242872  1.263989E-14
6311.95193508299  1.294552E-14
6312.89894773725  1.247655E-14
6313.84596039152  1.290498E-14
6314.79297304578  1.246468E-14
6315.73998570004  1.247415E-14
6316.68699835431  1.300265E-14
6317.63401100857  1.301655E-14
6318.58102366284  1.270392E-14
6319.5280363171  1.274081E-14
6320.47504897137  1.264815E-14
6321.42206162563  1.289349E-14
6322.3690742799  1.261245E-14
6323.31608693416  1.247277E-14
6324.26309958842  1.278292E-14
6325.21011224269  1.268536E-14
6326.15712489695  1.303283E-14
6327.10413755122  1.308266E-14
6328.05115020548  1.258001E-14
6328.99816285975  1.221383E-14
6329.94517551401  1.238568E-14
6330.89218816828  1.269666E-14
6331.83920082254  1.262453E-14
6332.78621347681  1.245734E-14
6333.73322613107  1.252908E-14
6334.68023878533  1.240950E-14
6335.6272514396  1.265187E-14
6336.57426409386  1.298446E-14
6337.52127674813  1.290928E-14
6338.46828940239  1.284101E-14
6339.41530205666  1.280724E-14
6340.36231471092  1.283793E-14
6341.30932736518  1.319764E-14
6342.25634001945  1.256986E-14
6343.20335267371  1.264597E-14
6344.15036532798  1.293851E-14
6345.09737798224  1.222307E-14
6346.04439063651  1.249882E-14
6346.99140329077  1.269586E-14
6347.93841594503  1.235077E-14
6348.8854285993  1.255953E-14
6349.83244125356  1.292739E-14
6350.77945390783  1.263190E-14
6351.72646656209  1.260787E-14
6352.67347921636  1.250841E-14
6353.62049187062  1.269514E-14
6354.56750452489  1.246696E-14
6355.51451717915  1.258708E-14
6356.46152983341  1.296387E-14
6357.40854248768  1.248270E-14
6358.35555514194  1.256955E-14
6359.30256779621  1.320565E-14
6360.24958045047  1.321899E-14
6361.19659310474  1.308429E-14
6362.143605759  1.285141E-14
6363.09061841327  1.270661E-14
6364.03763106753  1.280216E-14
6364.98464372179  1.279735E-14
6365.93165637606  1.272846E-14
6366.87866903032  1.260796E-14
6367.82568168459  1.276863E-14
6368.77269433885  1.274627E-14
6369.71970699312  1.262214E-14
6370.66671964738  1.228359E-14
6371.61373230165  1.240405E-14
6372.56074495591  1.240599E-14
6373.50775761018  1.238973E-14
6374.45477026444  1.244348E-14
6375.4017829187  1.248455E-14
6376.34879557297  1.245226E-14
6377.29580822723  1.268499E-14
6378.2428208815  1.255232E-14
6379.18983353576  1.237349E-14
6380.13684619003  1.240231E-14
6381.08385884429  1.254212E-14
6382.03087149855  1.257704E-14
6382.97788415282  1.290466E-14
6383.92489680708  1.305399E-14
6384.87190946135  1.301812E-14
6385.81892211561  1.307095E-14
6386.76593476988  1.312604E-14
6387.71294742414  1.303595E-14
6388.65996007841  1.274237E-14
6389.60697273267  1.261163E-14
6390.55398538693  1.289448E-14
6391.5009980412  1.294019E-14
6392.44801069546  1.310435E-14
6393.39502334973  1.293505E-14
6394.34203600399  1.247887E-14
6395.28904865826  1.227358E-14
6396.23606131252  1.289042E-14
6397.18307396678  1.305533E-14
6398.13008662105  1.280860E-14
6399.07709927531  1.295949E-14
6400.02411192958  1.343774E-14
6400.97112458384  1.366293E-14
6401.91813723811  1.331309E-14
6402.86514989237  1.283491E-14
6403.81216254663  1.297343E-14
6404.7591752009  1.313200E-14
6405.70618785516  1.281060E-14
6406.65320050943  1.274444E-14
6407.6002131637  1.298273E-14
6408.54722581796  1.267232E-14
6409.49423847222  1.269138E-14
6410.44125112649  1.256045E-14
6411.38826378075  1.229091E-14
6412.33527643501  1.242284E-14
6413.28228908928  1.282784E-14
6414.22930174354  1.303899E-14
6415.17631439781  1.280196E-14
6416.12332705207  1.275803E-14
6417.07033970634  1.275416E-14
6418.0173523606  1.268466E-14
6418.96436501487  1.321668E-14
6419.91137766913  1.322417E-14
6420.85839032339  1.261463E-14
6421.80540297766  1.234350E-14
6422.75241563192  1.290167E-14
6423.69942828619  1.303580E-14
6424.64644094045  1.256243E-14
6425.59345359472  1.256430E-14
6426.54046624898  1.278959E-14
6427.48747890325  1.300326E-14
6428.43449155751  1.308927E-14
6429.38150421178  1.266991E-14
6430.32851686604  1.266904E-14
6431.2755295203  1.289382E-14
6432.22254217457  1.281094E-14
6433.16955482883  1.271084E-14
6434.1165674831  1.245170E-14
6435.06358013736  1.262980E-14
6436.01059279163  1.269938E-14
6436.95760544589  1.268261E-14
6437.90461810016  1.290879E-14
6438.85163075442  1.261960E-14
6439.79864340868  1.284465E-14
6440.74565606295  1.279997E-14
6441.69266871721  1.273235E-14
6442.63968137148  1.315911E-14
6443.58669402574  1.324916E-14
6444.53370668001  1.290998E-14
6445.48071933427  1.278148E-14
6446.42773198853  1.283074E-14
6447.3747446428  1.261365E-14
6448.32175729706  1.251221E-14
6449.26876995133  1.287874E-14
6450.21578260559  1.298785E-14
6451.16279525986  1.283459E-14
6452.10980791412  1.275353E-14
6453.05682056839  1.271879E-14
6454.00383322265  1.268150E-14
6454.95084587691  1.249628E-14
6455.89785853118  1.249512E-14
6456.84487118544  1.262399E-14
6457.79188383971  1.233462E-14
6458.73889649397  1.227720E-14
6459.68590914824  1.290568E-14
6460.6329218025  1.309846E-14
6461.57993445677  1.285547E-14
6462.52694711103  1.294455E-14
6463.47395976529  1.310199E-14
6464.42097241956  1.290350E-14
6465.36798507382  1.271733E-14
6466.31499772809  1.292638E-14
6467.26201038235  1.270543E-14
6468.20902303662  1.248908E-14
6469.15603569088  1.269577E-14
6470.10304834515  1.291705E-14
6471.05006099941  1.318196E-14
6471.99707365367  1.313473E-14
6472.94408630794  1.330900E-14
6473.8910989622  1.291104E-14
6474.83811161647  1.303203E-14
6475.78512427073  1.304967E-14
6476.732136925  1.261781E-14
6477.67914957926  1.247655E-14
6478.62616223353  1.252182E-14
6479.57317488779  1.226753E-14
6480.52018754205  1.246563E-14
6481.46720019632  1.283426E-14
6482.41421285058  1.283731E-14
6483.36122550485  1.288343E-14
6484.30823815911  1.305038E-14
6485.25525081338  1.279049E-14
6486.20226346764  1.263039E-14
6487.1492761219  1.278281E-14
6488.09628877617  1.289293E-14
6489.04330143043  1.297441E-14
6489.9903140847  1.242280E-14
6490.93732673896  1.208815E-14
6491.88433939323  1.240824E-14
6492.83135204749  1.270279E-14
6493.77836470176  1.257977E-14
6494.72537735602  1.275184E-14
6495.67239001028  1.286207E-14
6496.61940266455  1.240459E-14
6497.56641531881  1.278458E-14
6498.51342797308  1.307168E-14
6499.46044062734  1.295348E-14
6500.40745328161  1.280263E-14
6501.35446593587  1.239751E-14
6502.30147859014  1.253408E-14
6503.2484912444  1.297741E-14
6504.19550389866  1.313472E-14
6505.14251655293  1.291774E-14
6506.08952920719  1.273158E-14
6507.03654186146  1.304290E-14
6507.98355451572  1.332166E-14
6508.93056716999  1.277269E-14
6509.87757982425  1.296900E-14
6510.82459247852  1.304109E-14
6511.77160513278  1.214992E-14
6512.71861778704  1.247843E-14
6513.66563044131  1.296284E-14
6514.61264309557  1.241665E-14
6515.55965574984  1.231291E-14
6516.5066684041  1.278085E-14
6517.45368105837  1.303352E-14
6518.40069371263  1.274788E-14
6519.3477063669  1.251088E-14
6520.29471902116  1.291880E-14
6521.24173167543  1.300339E-14
6522.18874432969  1.299049E-14
6523.13575698395  1.323546E-14
6524.08276963822  1.330882E-14
6525.02978229248  1.298537E-14
6525.97679494675  1.283246E-14
6526.92380760101  1.342276E-14
6527.87082025527  1.331170E-14
6528.81783290954  1.295985E-14
6529.7648455638  1.294327E-14
6530.71185821807  1.332393E-14
6531.65887087233  1.373782E-14
6532.6058835266  1.391285E-14
6533.55289618086  1.365162E-14
6534.49990883513  1.366981E-14
6535.44692148939  1.351567E-14
6536.39393414366  1.343754E-14
6537.34094679792  1.334409E-14
6538.28795945218  1.349624E-14
6539.23497210645  1.386324E-14
6540.18198476071  1.421043E-14
6541.12899741498  1.419479E-14
6542.07601006924  1.434787E-14
6543.02302272351  1.441189E-14
6543.97003537777  1.482263E-14
6544.91704803203  1.562343E-14
6545.8640606863  1.599679E-14
6546.81107334056  1.587924E-14
6547.75808599483  1.597259E-14
6548.70509864909  1.630777E-14
6549.65211130336  1.687461E-14
6550.59912395762  1.718766E-14
6551.54613661188  1.784276E-14
6552.49314926615  1.859590E-14
6553.44016192042  1.939959E-14
6554.38717457468  1.993249E-14
6555.33418722894  2.084596E-14
6556.28119988321  2.255352E-14
6557.22821253747  2.406085E-14
6558.17522519174  2.461806E-14
6559.122237846  2.502255E-14
6560.06925050026  2.575171E-14
6561.01626315453  2.619311E-14
6561.96327580879  2.598850E-14
6562.91028846306  2.550558E-14
6563.85730111732  2.515538E-14
6564.80431377159  2.422452E-14
6565.75132642585  2.333905E-14
6566.69833908012  2.378362E-14
6567.64535173438  2.369286E-14
6568.59236438864  2.334774E-14
6569.53937704291  2.301012E-14
6570.48638969717  2.246656E-14
6571.43340235144  2.204861E-14
6572.3804150057  2.177756E-14
6573.32742765997  2.164046E-14
6574.27444031423  2.130778E-14
6575.2214529685  2.107729E-14
6576.16846562276  2.070337E-14
6577.11547827703  1.954334E-14
6578.06249093129  1.834062E-14
6579.00950358555  1.780754E-14
6579.95651623982  1.733860E-14
6580.90352889408  1.683852E-14
6581.85054154835  1.624797E-14
6582.79755420261  1.590971E-14
6583.74456685688  1.533614E-14
6584.69157951114  1.501924E-14
6585.6385921654  1.471602E-14
6586.58560481967  1.449119E-14
6587.53261747393  1.429332E-14
6588.4796301282  1.408732E-14
6589.42664278246  1.422749E-14
6590.37365543673  1.407692E-14
6591.32066809099  1.409098E-14
6592.26768074525  1.391694E-14
6593.21469339952  1.382850E-14
6594.16170605378  1.395835E-14
6595.10871870805  1.406137E-14
6596.05573136231  1.376452E-14
6597.00274401658  1.335313E-14
6597.94975667084  1.316875E-14
6598.89676932511  1.351989E-14
6599.84378197937  1.392721E-14
6600.79079463363  1.353049E-14
6601.7378072879  1.342303E-14
6602.68481994216  1.357204E-14
6603.63183259643  1.331518E-14
6604.57884525069  1.303813E-14
6605.52585790496  1.313888E-14
6606.47287055922  1.317688E-14
6607.41988321349  1.311498E-14
6608.36689586775  1.308570E-14
6609.31390852201  1.318387E-14
6610.26092117628  1.318194E-14
6611.20793383054  1.309069E-14
6612.15494648481  1.333908E-14
6613.10195913907  1.319992E-14
6614.04897179334  1.311411E-14
6614.9959844476  1.289988E-14
6615.94299710187  1.288809E-14
6616.89000975613  1.348197E-14
6617.83702241039  1.343530E-14
6618.78403506466  1.328564E-14
6619.73104771892  1.309646E-14
6620.67806037319  1.283310E-14
6621.62507302745  1.295102E-14
6622.57208568172  1.305173E-14
6623.51909833598  1.296604E-14
6624.46611099025  1.307501E-14
6625.41312364451  1.303248E-14
6626.36013629878  1.288683E-14
6627.30714895304  1.309735E-14
6628.2541616073  1.323863E-14
6629.20117426157  1.319261E-14
6630.14818691583  1.312124E-14
6631.0951995701  1.297357E-14
6632.04221222436  1.335431E-14
6632.98922487863  1.342089E-14
6633.93623753289  1.328154E-14
6634.88325018715  1.284433E-14
6635.83026284142  1.287170E-14
6636.77727549568  1.290038E-14
6637.72428814995  1.313692E-14
6638.67130080421  1.335138E-14
6639.61831345848  1.329918E-14
6640.56532611274  1.309277E-14
6641.512338767  1.298993E-14
6642.45935142127  1.305515E-14
6643.40636407553  1.312089E-14
6644.3533767298  1.331218E-14
6645.30038938406  1.329809E-14
6646.24740203833  1.266367E-14
6647.19441469259  1.253254E-14
6648.14142734686  1.304420E-14
6649.08844000112  1.333303E-14
6650.03545265539  1.352553E-14
6650.98246530965  1.309440E-14
6651.92947796391  1.266875E-14
6652.87649061818  1.295556E-14
6653.82350327244  1.312607E-14
6654.77051592671  1.322395E-14
6655.71752858097  1.315037E-14
6656.66454123524  1.311869E-14
6657.6115538895  1.293206E-14
6658.55856654376  1.312452E-14
6659.50557919803  1.342332E-14
6660.45259185229  1.343816E-14
6661.39960450656  1.313101E-14
6662.34661716082  1.310567E-14
6663.29362981509  1.282435E-14
6664.24064246935  1.304174E-14
6665.18765512362  1.318867E-14
6666.13466777788  1.339321E-14
6667.08168043215  1.384305E-14
6668.02869308641  1.389555E-14
6668.97570574067  1.348153E-14
6669.92271839494  1.346913E-14
6670.8697310492  1.353706E-14
6671.81674370347  1.370332E-14
6672.76375635773  1.400621E-14
6673.710769012  1.389133E-14
6674.65778166626  1.414393E-14
6675.60479432052  1.385412E-14
6676.55180697479  1.396336E-14
6677.49881962905  1.422242E-14
6678.44583228332  1.374591E-14
6679.39284493758  1.356152E-14
6680.33985759185  1.320496E-14
6681.28687024611  1.331345E-14
6682.23388290038  1.353122E-14
6683.18089555464  1.377096E-14
6684.1279082089  1.337722E-14
6685.07492086317  1.353816E-14
6686.02193351743  1.382239E-14
6686.9689461717  1.407443E-14
6687.91595882596  1.406924E-14
6688.86297148023  1.437311E-14
6689.80998413449  1.415351E-14
6690.75699678876  1.419687E-14
6691.70400944302  1.402312E-14
6692.65102209728  1.386630E-14
6693.59803475155  1.357114E-14
6694.54504740581  1.333439E-14
6695.49206006008  1.307569E-14
6696.43907271434  1.321820E-14
6697.3860853686  1.312676E-14
6698.33309802287  1.328613E-14
6699.28011067713  1.319242E-14
6700.2271233314  1.334657E-14
6701.17413598567  1.312528E-14
6702.12114863993  1.302584E-14
6703.06816129419  1.256125E-14
6704.01517394846  1.260439E-14
6704.96218660272  1.290285E-14
6705.90919925699  1.308126E-14
6706.85621191125  1.310643E-14
6707.80322456551  1.256609E-14
6708.75023721978  1.254140E-14
6709.69724987404  1.292821E-14
6710.64426252831  1.293419E-14
6711.59127518257  1.282545E-14
6712.53828783684  1.299281E-14
6713.4853004911  1.299000E-14
6714.43231314536  1.270036E-14
6715.37932579963  1.264907E-14
6716.3263384539  1.294743E-14
6717.27335110816  1.291199E-14
6718.22036376242  1.307441E-14
6719.16737641669  1.296519E-14
6720.11438907095  1.253673E-14
6721.06140172522  1.265264E-14
6722.00841437948  1.240144E-14
6722.95542703374  1.269416E-14
6723.90243968801  1.303163E-14
6724.84945234227  1.293863E-14
6725.79646499654  1.299034E-14
6726.7434776508  1.295960E-14
6727.69049030507  1.271074E-14
6728.63750295933  1.273874E-14
6729.5845156136  1.295648E-14
6730.53152826786  1.302363E-14
6731.47854092213  1.271166E-14
6732.42555357639  1.256701E-14
6733.37256623065  1.275187E-14
6734.31957888492  1.283857E-14
6735.26659153918  1.235127E-14
6736.21360419345  1.248114E-14
6737.16061684771  1.283666E-14
6738.10762950198  1.290356E-14
6739.05464215624  1.279786E-14
6740.0016548105  1.270433E-14
6740.94866746477  1.293835E-14
6741.89568011903  1.295966E-14
6742.8426927733  1.265317E-14
6743.78970542756  1.279952E-14
6744.73671808183  1.315218E-14
6745.68373073609  1.285688E-14
6746.63074339036  1.259825E-14
6747.57775604462  1.254807E-14
6748.52476869888  1.275970E-14
6749.47178135315  1.274687E-14
6750.41879400741  1.241901E-14
6751.36580666168  1.246628E-14
6752.31281931594  1.259891E-14
6753.25983197021  1.268324E-14
6754.20684462447  1.275524E-14
6755.15385727874  1.268622E-14
6756.100869933  1.268734E-14
6757.04788258726  1.255952E-14
6757.99489524153  1.264163E-14
6758.94190789579  1.250167E-14
6759.88892055006  1.222189E-14
6760.83593320432  1.239123E-14
6761.78294585859  1.246735E-14
6762.72995851285  1.251657E-14
6763.67697116712  1.258352E-14
6764.62398382138  1.235030E-14
6765.57099647564  1.243949E-14
6766.51800912991  1.266937E-14
6767.46502178417  1.234626E-14
6768.41203443844  1.236822E-14
6769.3590470927  1.239178E-14
6770.30605974697  1.282038E-14
6771.25307240123  1.269616E-14
6772.2000850555  1.220956E-14
6773.14709770976  1.251351E-14
6774.09411036402  1.229565E-14
6775.04112301829  1.241596E-14
6775.98813567255  1.259235E-14
6776.93514832682  1.270582E-14
6777.88216098108  1.237061E-14
6778.82917363535  1.267607E-14
6779.77618628961  1.295984E-14
6780.72319894388  1.267803E-14
6781.67021159814  1.275386E-14
6782.6172242524  1.267518E-14
6783.56423690667  1.239034E-14
6784.51124956093  1.236758E-14
6785.4582622152  1.257275E-14
6786.40527486946  1.259786E-14
6787.35228752373  1.261907E-14
6788.29930017799  1.240425E-14
6789.24631283225  1.258326E-14
6790.19332548652  1.228636E-14
6791.14033814078  1.202161E-14
6792.08735079505  1.199422E-14
6793.03436344931  1.229206E-14
6793.98137610358  1.260737E-14
6794.92838875784  1.279935E-14
6795.87540141211  1.281209E-14
6796.82241406637  1.222491E-14
6797.76942672063  1.251639E-14
6798.7164393749  1.227241E-14
6799.66345202916  1.231399E-14
6800.61046468343  1.252527E-14
6801.55747733769  1.259961E-14
6802.50448999196  1.255972E-14
6803.45150264622  1.229459E-14
6804.39851530049  1.226915E-14
6805.34552795475  1.219079E-14
6806.29254060901  1.221733E-14
6807.23955326328  1.233362E-14
6808.18656591754  1.233501E-14
6809.13357857181  1.240856E-14
6810.08059122607  1.232590E-14
6811.02760388034  1.228256E-14
6811.9746165346  1.228561E-14
6812.92162918886  1.257551E-14
6813.86864184313  1.208850E-14
6814.8156544974  1.198565E-14
6815.76266715166  1.209820E-14
6816.70967980592  1.215391E-14
6817.65669246019  1.232505E-14
6818.60370511445  1.248849E-14
6819.55071776872  1.216244E-14
6820.49773042298  1.238039E-14
6821.44474307724  1.237179E-14
6822.39175573151  1.200322E-14
6823.33876838577  1.194061E-14
6824.28578104004  1.247452E-14
6825.2327936943  1.256874E-14
6826.17980634857  1.227921E-14
6827.12681900283  1.218859E-14
6828.0738316571  1.251271E-14
6829.02084431136  1.235707E-14
6829.96785696563  1.238537E-14
6830.91486961989  1.252543E-14
6831.86188227415  1.240222E-14
6832.80889492842  1.262601E-14
6833.75590758268  1.251791E-14
6834.70292023695  1.223809E-14
6835.64993289121  1.216229E-14
6836.59694554548  1.200760E-14
6837.54395819974  1.220212E-14
6838.49097085401  1.220530E-14
6839.43798350827  1.247050E-14
6840.38499616253  1.279386E-14
6841.3320088168  1.210219E-14
6842.27902147106  1.213391E-14
6843.22603412533  1.243701E-14
6844.17304677959  1.219421E-14
6845.12005943386  1.201654E-14
6846.06707208812  1.232963E-14
6847.01408474238  1.263556E-14
6847.96109739665  1.224256E-14
6848.90811005091  1.207661E-14
6849.85512270518  1.204998E-14
6850.80213535944  1.208472E-14
6851.74914801371  1.199085E-14
6852.69616066797  1.243075E-14
6853.64317332224  1.215921E-14
6854.5901859765  1.222364E-14
6855.53719863076  1.233920E-14
6856.48421128503  1.224212E-14
6857.43122393929  1.210607E-14
6858.37823659356  1.236958E-14
6859.32524924782  1.206025E-14
6860.27226190209  1.222701E-14
6861.21927455635  1.237335E-14
6862.16628721061  1.205476E-14
6863.11329986488  1.147215E-14
6864.06031251914  1.104796E-14
6865.00732517341  1.080785E-14
6865.95433782767  9.771507E-15
6866.90135048194  8.840668E-15
6867.8483631362  8.707236E-15
6868.79537579047  8.466315E-15
6869.74238844473  8.074098E-15
6870.689401099  8.143872E-15
6871.63641375326  8.768894E-15
6872.58342640752  8.960639E-15
6873.53043906179  8.662941E-15
6874.47745171605  8.938960E-15
6875.42446437032  9.578182E-15
6876.37147702458  1.028300E-14
6877.31848967885  1.066829E-14
6878.26550233311  1.058153E-14
6879.21251498737  1.097287E-14
6880.15952764164  1.113866E-14
6881.1065402959  1.132408E-14
6882.05355295017  1.131036E-14
6883.00056560443  1.094299E-14
6883.9475782587  1.100544E-14
6884.89459091296  1.106965E-14
6885.84160356723  1.082040E-14
6886.78861622149  1.053106E-14
6887.73562887575  1.036601E-14
6888.68264153002  1.043455E-14
6889.62965418428  1.080233E-14
6890.57666683855  1.078321E-14
6891.52367949281  1.062992E-14
6892.47069214708  1.026218E-14
6893.41770480134  1.072481E-14
6894.3647174556  1.088392E-14
6895.31173010987  1.047547E-14
6896.25874276413  1.069841E-14
6897.2057554184  1.118253E-14
6898.15276807266  1.104289E-14
6899.09978072693  1.107941E-14
6900.04679338119  1.153308E-14
6900.99380603546  1.145197E-14
6901.94081868972  1.118767E-14
6902.88783134398  1.130645E-14
6903.83484399825  1.128971E-14
6904.78185665251  1.123610E-14
6905.72886930678  1.111225E-14
6906.67588196104  1.086172E-14
6907.62289461531  1.088975E-14
6908.56990726957  1.093623E-14
6909.51691992384  1.112020E-14
6910.4639325781  1.107400E-14
6911.41094523237  1.115751E-14
6912.35795788663  1.119414E-14
6913.30497054089  1.107940E-14
6914.25198319516  1.129361E-14
6915.19899584942  1.151640E-14
6916.14600850369  1.167884E-14
6917.09302115795  1.147149E-14
6918.04003381222  1.139142E-14
6918.98704646648  1.127201E-14
6919.93405912075  1.134700E-14
6920.88107177501  1.159998E-14
6921.82808442927  1.161027E-14
6922.77509708354  1.145476E-14
6923.7221097378  1.135720E-14
6924.66912239207  1.150310E-14
6925.61613504633  1.161614E-14
6926.5631477006  1.159447E-14
6927.51016035486  1.144980E-14
6928.45717300912  1.167476E-14
6929.40418566339  1.191314E-14
6930.35119831765  1.136963E-14
6931.29821097192  1.105547E-14
6932.24522362618  1.157346E-14
6933.19223628045  1.153081E-14
6934.13924893471  1.188010E-14
6935.08626158897  1.213815E-14
6936.03327424324  1.164702E-14
6936.9802868975  1.177732E-14
6937.92729955177  1.163311E-14
6938.87431220603  1.147402E-14
6939.8213248603  1.132577E-14
6940.76833751456  1.137842E-14
6941.71535016883  1.124080E-14
6942.66236282309  1.139622E-14
6943.60937547736  1.189719E-14
6944.55638813162  1.148587E-14
6945.50340078588  1.201632E-14
6946.45041344015  1.230987E-14
6947.39742609441  1.182496E-14
6948.34443874868  1.171875E-14
6949.29145140294  1.198574E-14
6950.23846405721  1.184711E-14
6951.18547671147  1.143562E-14
6952.13248936574  1.179038E-14
6953.07950202  1.158401E-14
6954.02651467426  1.177426E-14
6954.97352732853  1.166617E-14
6955.92053998279  1.141057E-14
6956.86755263706  1.163826E-14
6957.81456529132  1.140689E-14
6958.76157794559  1.173504E-14
6959.70859059985  1.174865E-14
6960.65560325411  1.159107E-14
6961.60261590838  1.186286E-14
6962.54962856265  1.199251E-14
6963.49664121691  1.212384E-14
6964.44365387117  1.195317E-14
6965.39066652544  1.161425E-14
6966.3376791797  1.210301E-14
6967.28469183397  1.201995E-14
6968.23170448823  1.152721E-14
6969.17871714249  1.133870E-14
6970.12572979676  1.207228E-14
6971.07274245102  1.163208E-14
6972.01975510529  1.084060E-14
6972.96676775955  1.124564E-14
6973.91378041382  1.134424E-14
6974.86079306808  1.171342E-14
6975.80780572235  1.208365E-14
6976.75481837661  1.192688E-14
6977.70183103088  1.140990E-14
6978.64884368514  1.126959E-14
6979.5958563394  1.125031E-14
6980.54286899367  1.154467E-14
6981.48988164793  1.176988E-14
6982.4368943022  1.192190E-14
6983.38390695646  1.141109E-14
6984.33091961072  1.150587E-14
6985.27793226499  1.185442E-14
6986.22494491925  1.189460E-14
6987.17195757352  1.157465E-14
6988.11897022778  1.155447E-14
6989.06598288205  1.157125E-14
6990.01299553631  1.138669E-14
6990.96000819058  1.143402E-14
6991.90702084484  1.167817E-14
6992.8540334991  1.152578E-14
6993.80104615337  1.152038E-14
6994.74805880763  1.170755E-14
6995.6950714619  1.160129E-14
6996.64208411616  1.165058E-14
6997.58909677043  1.194780E-14
6998.53610942469  1.180536E-14
6999.48312207896  1.166153E-14
7000.43013473322  1.158968E-14
7001.37714738748  1.144938E-14
7002.32416004175  1.124310E-14
7003.27117269601  1.128296E-14
7004.21818535028  1.148682E-14
7005.16519800454  1.119027E-14
7006.11221065881  1.144815E-14
7007.05922331307  1.152907E-14
7008.00623596733  1.124176E-14
7008.9532486216  1.140880E-14
7009.90026127587  1.141354E-14
7010.84727393013  1.154196E-14
7011.79428658439  1.132235E-14
7012.74129923866  1.101774E-14
7013.68831189292  1.080597E-14
7014.63532454719  1.114969E-14
7015.58233720145  1.129928E-14
7016.52934985571  1.164616E-14
7017.47636250998  1.170465E-14
7018.42337516425  1.131652E-14
7019.37038781851  1.158022E-14
7020.31740047277  1.146019E-14
7021.26441312704  1.103840E-14
7022.2114257813  1.097453E-14
