6053.4174804688  1.178564E-14
6054.36449407767  1.218755E-14
6055.31150768654  1.229258E-14
6056.25852129541  1.222834E-14
6057.20553490428  1.223208E-14
6058.15254851315  1.222366E-14
6059.09956212203  1.231628E-14
6060.0465757309  1.231239E-14
6060.99358933977  1.265277E-14
6061.94060294864  1.287249E-14
6062.88761655751  1.261039E-14
6063.83463016638  1.244524E-14
6064.78164377525  1.239565E-14
6065.72865738412  1.254150E-14
6066.67567099299  1.245577E-14
6067.62268460187  1.241889E-14
6068.56969821074  1.271817E-14
6069.51671181961  1.265064E-14
6070.46372542848  1.222069E-14
6071.41073903735  1.226789E-14
6072.35775264622  1.224509E-14
6073.30476625509  1.227437E-14
6074.25177986396  1.218071E-14
6075.19879347283  1.203674E-14
6076.1458070817  1.224945E-14
6077.09282069057  1.269352E-14
6078.03983429945  1.262064E-14
6078.98684790832  1.249569E-14
6079.93386151719  1.235885E-14
6080.88087512606  1.215021E-14
6081.82788873493  1.228758E-14
6082.7749023438  1.245582E-14
6083.72191595267  1.221222E-14
6084.66892956154  1.241438E-14
6085.61594317041  1.263941E-14
6086.56295677929  1.227819E-14
6087.50997038816  1.202626E-14
6088.45698399703  1.235273E-14
6089.4039976059  1.241359E-14
6090.35101121477  1.255044E-14
6091.29802482364  1.285187E-14
6092.24503843251  1.288219E-14
6093.19205204138  1.238522E-14
6094.13906565025  1.238675E-14
6095.08607925912  1.239479E-14
6096.03309286799  1.257660E-14
6096.98010647687  1.266257E-14
6097.92712008574  1.216627E-14
6098.87413369461  1.195756E-14
6099.82114730348  1.209335E-14
6100.76816091235  1.226125E-14
6101.71517452122  1.259636E-14
6102.66218813009  1.286884E-14
6103.60920173896  1.306206E-14
6104.55621534783  1.255790E-14
6105.5032289567  1.217371E-14
6106.45024256557  1.243647E-14
6107.39725617445  1.263480E-14
6108.34426978332  1.237021E-14
6109.29128339219  1.218483E-14
6110.23829700106  1.213833E-14
6111.18531060993  1.242927E-14
6112.1323242188  1.219410E-14
6113.07933782767  1.224677E-14
6114.02635143654  1.189986E-14
6114.97336504541  1.189639E-14
6115.92037865429  1.211602E-14
6116.86739226315  1.248046E-14
6117.81440587203  1.217204E-14
6118.7614194809  1.239971E-14
6119.70843308977  1.249867E-14
6120.65544669864  1.241633E-14
6121.60246030751  1.219660E-14
6122.54947391638  1.219170E-14
6123.49648752525  1.239360E-14
6124.44350113412  1.237854E-14
6125.39051474299  1.272750E-14
6126.33752835186  1.301790E-14
6127.28454196074  1.268789E-14
6128.23155556961  1.245562E-14
6129.17856917848  1.240535E-14
6130.12558278735  1.258439E-14
6131.07259639622  1.250869E-14
6132.01961000509  1.212458E-14
6132.96662361396  1.235779E-14
6133.91363722283  1.248209E-14
6134.8606508317  1.215993E-14
6135.80766444058  1.217494E-14
6136.75467804944  1.209560E-14
6137.70169165832  1.215666E-14
6138.64870526719  1.247672E-14
6139.59571887606  1.207432E-14
6140.54273248493  1.224700E-14
6141.4897460938  1.287975E-14
6142.43675970267  1.263709E-14
6143.38377331154  1.224051E-14
6144.33078692041  1.243798E-14
6145.27780052928  1.200133E-14
6146.22481413816  1.197688E-14
6147.17182774703  1.208272E-14
6148.1188413559  1.258001E-14
6149.06585496477  1.244571E-14
6150.01286857364  1.230627E-14
6150.95988218251  1.245243E-14
6151.90689579138  1.238756E-14
6152.85390940025  1.222351E-14
6153.80092300912  1.216581E-14
6154.74793661799  1.214698E-14
6155.69495022687  1.205422E-14
6156.64196383574  1.244104E-14
6157.58897744461  1.227035E-14
6158.53599105348  1.186456E-14
6159.48300466235  1.190286E-14
6160.43001827122  1.209904E-14
6161.37703188009  1.211290E-14
6162.32404548896  1.197227E-14
6163.27105909783  1.234259E-14
6164.2180727067  1.233320E-14
6165.16508631558  1.253088E-14
6166.11209992445  1.235767E-14
6167.05911353332  1.232302E-14
6168.00612714219  1.254906E-14
6168.95314075106  1.237178E-14
6169.90015435993  1.223441E-14
6170.8471679688  1.259448E-14
6171.79418157767  1.229905E-14
6172.74119518654  1.192504E-14
6173.68820879541  1.192374E-14
6174.63522240428  8.362622E-15
6175.58223601315  1.031434E-14
6176.52924962203  1.258442E-14
6177.4762632309  1.229450E-14
6178.42327683977  1.253888E-14
6179.37029044864  1.238577E-14
6180.31730405751  1.189547E-14
6181.26431766638  1.197846E-14
6182.21133127525  1.229965E-14
6183.15834488412  1.232385E-14
6184.10535849299  1.219948E-14
6185.05237210186  1.231691E-14
6185.99938571074  1.233852E-14
6186.94639931961  1.246076E-14
6187.89341292848  1.256973E-14
6188.84042653735  1.246544E-14
6189.78744014622  1.207502E-14
6190.73445375509  1.213108E-14
6191.68146736396  1.240811E-14
6192.62848097283  1.201230E-14
6193.5754945817  1.210225E-14
6194.52250819058  1.242581E-14
6195.46952179945  1.254884E-14
6196.41653540832  1.236029E-14
6197.36354901719  1.217347E-14
6198.31056262606  1.172525E-14
6199.25757623493  1.201501E-14
6200.2045898438  1.238286E-14
6201.15160345267  1.217195E-14
6202.09861706154  1.225689E-14
6203.04563067041  1.230232E-14
6203.99264427928  1.240485E-14
6204.93965788816  1.224193E-14
6205.88667149703  1.213351E-14
6206.8336851059  1.225684E-14
6207.78069871477  1.254744E-14
6208.72771232364  1.242653E-14
6209.67472593251  1.260889E-14
6210.62173954138  1.256959E-14
6211.56875315025  1.235647E-14
6212.51576675912  1.241522E-14
6213.46278036799  1.282860E-14
6214.40979397687  1.270114E-14
6215.35680758574  1.229470E-14
6216.30382119461  1.195350E-14
6217.25083480348  1.206846E-14
6218.19784841235  1.224514E-14
6219.14486202122  1.214661E-14
6220.09187563009  1.230138E-14
6221.03888923896  1.237142E-14
6221.98590284783  1.255349E-14
6222.9329164567  1.210999E-14
6223.87993006558  1.199654E-14
6224.82694367445  1.205631E-14
6225.77395728332  1.234426E-14
6226.72097089219  1.214628E-14
6227.66798450106  1.265856E-14
6228.61499810993  1.240983E-14
6229.5620117188  1.229303E-14
6230.50902532767  1.264654E-14
6231.45603893654  1.280796E-14
6232.40305254541  1.238193E-14
6233.35006615428  1.216618E-14
6234.29707976316  1.219784E-14
6235.24409337203  1.240493E-14
6236.1911069809  1.218539E-14
6237.13812058977  1.165087E-14
6238.08513419864  1.179213E-14
6239.03214780751  1.198697E-14
6239.97916141638  1.221081E-14
6240.92617502525  1.191980E-14
6241.87318863412  1.192784E-14
6242.82020224299  1.248667E-14
6243.76721585187  1.257030E-14
6244.71422946074  1.261566E-14
6245.66124306961  1.217459E-14
6246.60825667848  1.190441E-14
6247.55527028735  1.225984E-14
6248.50228389622  1.187849E-14
6249.44929750509  1.183901E-14
6250.39631111396  1.198290E-14
6251.34332472283  1.222543E-14
6252.2903383317  1.228759E-14
6253.23735194058  1.227770E-14
6254.18436554945  1.184809E-14
6255.13137915832  1.209313E-14
6256.07839276719  1.223109E-14
6257.02540637606  1.216715E-14
6257.97241998493  1.204147E-14
6258.9194335938  1.217600E-14
6259.86644720267  1.227231E-14
6260.81346081154  1.235262E-14
6261.76047442042  1.219807E-14
6262.70748802928  1.233707E-14
6263.65450163816  1.269514E-14
6264.60151524703  1.279484E-14
6265.5485288559  1.239228E-14
6266.49554246477  1.234620E-14
6267.44255607364  1.250027E-14
6268.38956968251  1.213092E-14
6269.33658329138  1.217623E-14
6270.28359690025  1.226397E-14
6271.23061050912  1.220641E-14
6272.17762411799  1.240947E-14
6273.12463772686  1.207638E-14
6274.07165133574  1.165313E-14
6275.01866494461  1.182406E-14
6275.96567855348  1.167980E-14
6276.91269216235  1.169915E-14
6277.85970577122  1.177067E-14
6278.80671938009  1.175612E-14
6279.75373298896  1.190839E-14
6280.70074659783  1.195121E-14
6281.6477602067  1.231194E-14
6282.59477381558  1.213596E-14
6283.54178742445  1.211514E-14
6284.48880103332  1.190054E-14
6285.43581464219  1.195439E-14
6286.38282825106  1.206981E-14
6287.32984185993  1.198974E-14
6288.2768554688  1.222186E-14
6289.22386907767  1.194285E-14
6290.17088268654  1.170044E-14
6291.11789629541  1.176675E-14
6292.06490990429  1.191310E-14
6293.01192351316  1.194496E-14
6293.95893712203  1.260973E-14
6294.9059507309  1.243287E-14
6295.85296433977  1.216739E-14
6296.79997794864  1.218553E-14
6297.74699155751  1.207672E-14
6298.69400516638  1.201892E-14
6299.64101877525  1.175440E-14
6300.58803238412  1.201185E-14
6301.53504599299  1.201159E-14
6302.48205960187  1.182923E-14
6303.42907321074  1.200899E-14
6304.37608681961  1.209798E-14
6305.32310042848  1.200347E-14
6306.27011403735  1.247941E-14
6307.21712764622  1.250575E-14
6308.16414125509  1.226737E-14
6309.11115486396  1.201731E-14
6310.05816847283  1.237597E-14
6311.0051820817  1.217544E-14
6311.95219569057  1.192037E-14
6312.89920929945  1.206118E-14
6313.84622290832  1.222041E-14
6314.79323651719  1.257714E-14
6315.74025012606  1.231405E-14
6316.68726373493  1.212078E-14
6317.6342773438  1.182794E-14
6318.58129095267  1.220171E-14
6319.52830456154  1.211374E-14
6320.47531817041  1.200051E-14
6321.42233177928  1.236218E-14
6322.36934538816  1.237849E-14
6323.31635899703  1.207601E-14
6324.2633726059  1.230693E-14
6325.21038621477  1.204654E-14
6326.15739982364  1.201378E-14
6327.10441343251  1.190333E-14
6328.05142704138  1.183033E-14
6328.99844065025  1.170213E-14
6329.94545425912  1.217139E-14
6330.89246786799  1.226700E-14
6331.83948147687  1.197533E-14
6332.78649508574  1.194396E-14
6333.73350869461  1.214846E-14
6334.68052230348  1.225453E-14
6335.62753591235  1.249261E-14
6336.57454952122  1.254014E-14
6337.52156313009  1.240123E-14
6338.46857673896  1.235115E-14
6339.41559034783  1.240638E-14
6340.3626039567  1.268507E-14
6341.30961756557  1.263823E-14
6342.25663117445  1.247562E-14
6343.20364478332  1.249867E-14
6344.15065839219  1.246115E-14
6345.09767200106  1.219070E-14
6346.04468560993  1.195411E-14
6346.9916992188  1.173451E-14
6347.93871282767  1.216637E-14
6348.88572643654  1.224881E-14
6349.83274004541  1.178143E-14
6350.77975365429  1.202716E-14
6351.72676726316  1.212276E-14
6352.67378087203  1.211084E-14
6353.6207944809  1.212547E-14
6354.56780808977  1.198855E-14
6355.51482169864  1.196267E-14
6356.46183530751  1.209194E-14
6357.40884891638  1.243736E-14
6358.35586252525  1.272006E-14
6359.30287613412  1.281440E-14
6360.24988974299  1.255523E-14
6361.19690335187  1.236012E-14
6362.14391696074  1.235701E-14
6363.09093056961  1.220093E-14
6364.03794417848  1.253633E-14
6364.98495778735  1.262355E-14
6365.93197139622  1.262780E-14
6366.87898500509  1.245934E-14
6367.82599861396  1.240859E-14
6368.77301222283  1.211234E-14
6369.72002583171  1.247750E-14
6370.66703944057  1.244897E-14
6371.61405304945  1.198264E-14
6372.56106665832  1.211372E-14
6373.50808026719  1.257717E-14
6374.45509387606  1.208273E-14
6375.40210748493  1.212614E-14
6376.3491210938  1.226335E-14
6377.29613470267  1.189940E-14
6378.24314831154  1.194530E-14
6379.19016192041  1.238800E-14
6380.13717552929  1.230100E-14
6381.08418913816  1.208850E-14
6382.03120274703  1.203725E-14
6382.9782163559  1.237746E-14
6383.92522996477  1.215914E-14
6384.87224357364  1.219351E-14
6385.81925718251  1.240395E-14
6386.76627079138  1.231444E-14
6387.71328440025  1.239258E-14
6388.66029800912  1.282252E-14
6389.607311618  1.243444E-14
6390.55432522687  1.245274E-14
6391.50133883574  1.246426E-14
6392.44835244461  1.247251E-14
6393.39536605348  1.278169E-14
6394.34237966235  1.242651E-14
6395.28939327122  1.243716E-14
6396.23640688009  1.220510E-14
6397.18342048896  1.241397E-14
6398.13043409783  1.256150E-14
6399.0774477067  1.245428E-14
6400.02446131557  1.227180E-14
6400.97147492445  1.193697E-14
6401.91848853332  1.234699E-14
6402.86550214219  1.295776E-14
6403.81251575106  1.252930E-14
6404.75952935993  1.213035E-14
6405.7065429688  1.224082E-14
6406.65355657767  1.247175E-14
6407.60057018654  1.254577E-14
6408.54758379541  1.285523E-14
6409.49459740429  1.267288E-14
6410.44161101316  1.259527E-14
6411.38862462203  1.241319E-14
6412.3356382309  1.244684E-14
6413.28265183977  1.258208E-14
6414.22966544864  1.267772E-14
6415.17667905751  1.228465E-14
6416.12369266638  1.218505E-14
6417.07070627525  1.224167E-14
6418.01771988412  1.202088E-14
6418.964733493  1.203164E-14
6419.91174710187  1.211293E-14
6420.85876071074  1.245652E-14
6421.80577431961  1.260302E-14
6422.75278792848  1.249090E-14
6423.69980153735  1.220372E-14
6424.64681514622  1.236324E-14
6425.59382875509  1.257800E-14
6426.54084236396  1.226272E-14
6427.48785597283  1.226396E-14
6428.43486958171  1.263365E-14
6429.38188319058  1.273566E-14
6430.32889679945  1.260018E-14
6431.27591040832  1.245682E-14
6432.22292401719  1.214404E-14
6433.16993762606  1.208030E-14
6434.11695123493  1.257037E-14
6435.0639648438  1.299201E-14
6436.01097845267  1.242211E-14
6436.95799206154  1.234075E-14
6437.90500567041  1.288909E-14
6438.85201927929  1.263905E-14
6439.79903288816  1.234363E-14
6440.74604649703  1.270245E-14
6441.6930601059  1.233064E-14
6442.64007371477  1.242966E-14
6443.58708732364  1.255582E-14
6444.53410093251  1.227005E-14
6445.48111454138  1.199422E-14
6446.42812815026  1.209382E-14
6447.37514175912  1.226837E-14
6448.32215536799  1.251914E-14
6449.26916897686  1.263010E-14
6450.21618258574  1.233730E-14
6451.16319619461  1.231946E-14
6452.11020980348  1.225136E-14
6453.05722341235  1.181756E-14
6454.00423702122  1.183576E-14
6454.95125063009  1.221276E-14
6455.89826423896  1.240692E-14
6456.84527784783  1.266863E-14
6457.7922914567  1.266090E-14
6458.73930506558  1.239962E-14
6459.68631867445  1.228544E-14
6460.63333228332  1.228639E-14
6461.58034589219  1.221573E-14
6462.52735950106  1.236583E-14
6463.47437310993  1.225022E-14
6464.4213867188  1.217873E-14
6465.36840032767  1.258984E-14
6466.31541393654  1.274004E-14
6467.26242754541  1.261834E-14
6468.20944115428  1.240772E-14
6469.15645476316  1.254277E-14
6470.10346837203  1.260046E-14
6471.0504819809  1.275133E-14
6471.99749558977  1.290702E-14
6472.94450919864  1.266862E-14
6473.89152280751  1.221057E-14
6474.83853641638  1.253420E-14
6475.78555002525  1.230807E-14
6476.73256363412  1.226067E-14
6477.679577243  1.267018E-14
6478.62659085187  1.269667E-14
6479.57360446074  1.259382E-14
6480.52061806961  1.260993E-14
6481.46763167848  1.253016E-14
6482.41464528735  1.240615E-14
6483.36165889622  1.220233E-14
6484.30867250509  1.243725E-14
6485.25568611396  1.269370E-14
6486.20269972283  1.220612E-14
6487.1497133317  1.220435E-14
6488.09672694057  1.243970E-14
6489.04374054945  1.202350E-14
6489.99075415832  1.161202E-14
6490.93776776719  1.192674E-14
6491.88478137606  1.213946E-14
6492.83179498493  1.225829E-14
6493.7788085938  1.236456E-14
6494.72582220267  1.225959E-14
6495.67283581154  1.244855E-14
6496.61984942041  1.216878E-14
6497.56686302929  1.211358E-14
6498.51387663816  1.212420E-14
6499.46089024703  1.207765E-14
6500.4079038559  1.231426E-14
6501.35491746477  1.242239E-14
6502.30193107364  1.199199E-14
6503.24894468251  1.195346E-14
6504.19595829138  1.240214E-14
6505.14297190025  1.230084E-14
6506.08998550912  1.221610E-14
6507.036999118  1.240381E-14
6507.98401272687  1.239431E-14
6508.93102633574  1.230496E-14
6509.87803994461  1.211977E-14
6510.82505355348  1.220621E-14
6511.77206716235  1.245623E-14
6512.71908077122  1.239986E-14
6513.66609438009  1.220534E-14
6514.61310798896  1.223906E-14
6515.56012159784  1.203516E-14
6516.5071352067  1.226453E-14
6517.45414881558  1.262122E-14
6518.40116242444  1.245927E-14
6519.34817603332  1.253003E-14
6520.29518964219  1.246305E-14
6521.24220325106  1.247289E-14
6522.18921685993  1.258621E-14
6523.1362304688  1.268748E-14
6524.08324407767  1.262333E-14
6525.03025768654  1.232212E-14
6525.97727129541  1.211354E-14
6526.92428490429  1.228288E-14
6527.87129851316  1.252902E-14
6528.81831212203  1.240540E-14
6529.7653257309  1.217274E-14
6530.71233933977  1.239283E-14
6531.65935294864  1.283141E-14
6532.60636655751  1.329099E-14
6533.55338016638  1.340726E-14
6534.50039377525  1.296150E-14
6535.44740738412  1.290533E-14
6536.39442099299  1.301310E-14
6537.34143460187  1.304172E-14
6538.28844821074  1.296025E-14
6539.23546181961  1.334481E-14
6540.18247542848  1.394560E-14
6541.12948903735  1.406938E-14
6542.07650264622  1.415904E-14
6543.02351625509  1.405358E-14
6543.97052986396  1.383350E-14
6544.91754347283  1.449275E-14
6545.8645570817  1.535496E-14
6546.81157069058  1.550471E-14
6547.75858429945  1.564413E-14
6548.70559790832  1.614507E-14
6549.65261151719  1.680063E-14
6550.59962512606  1.731248E-14
6551.54663873493  1.761492E-14
6552.4936523438  1.793145E-14
6553.44066595267  1.868453E-14
6554.38767956154  1.957819E-14
6555.33469317041  2.008294E-14
6556.28170677929  2.081215E-14
6557.22872038816  2.166545E-14
6558.17573399703  2.168139E-14
6559.1227476059  2.222368E-14
6560.06976121477  2.279879E-14
6561.01677482364  2.323762E-14
6561.96378843251  2.342118E-14
6562.91080204138  2.318432E-14
6563.85781565025  2.296856E-14
6564.80482925912  2.227785E-14
6565.75184286799  2.164746E-14
6566.69885647687  2.078059E-14
6567.64587008574  2.039896E-14
6568.59288369461  2.069919E-14
6569.53989730348  2.072332E-14
6570.48691091235  2.060952E-14
6571.43392452122  2.007727E-14
6572.38093813009  1.993114E-14
6573.32795173896  1.992596E-14
6574.27496534784  1.978606E-14
6575.2219789567  1.901967E-14
6576.16899256558  1.849095E-14
6577.11600617445  1.801870E-14
6578.06301978332  1.741239E-14
6579.01003339219  1.718272E-14
6579.95704700106  1.660252E-14
6580.90406060993  1.590157E-14
6581.8510742188  1.529961E-14
6582.79808782767  1.485027E-14
6583.74510143654  1.454985E-14
6584.69211504541  1.445439E-14
6585.63912865428  1.396665E-14
6586.58614226316  1.350435E-14
6587.53315587203  1.359711E-14
6588.4801694809  1.388438E-14
6589.42718308977  1.345925E-14
6590.37419669864  1.334730E-14
6591.32121030751  1.328932E-14
6592.26822391638  1.334584E-14
6593.21523752525  1.309462E-14
6594.16225113412  1.284587E-14
6595.10926474299  1.300696E-14
6596.05627835187  1.333128E-14
6597.00329196074  1.327149E-14
6597.95030556961  1.310475E-14
6598.89731917848  1.276405E-14
6599.84433278735  1.239184E-14
6600.79134639622  1.238957E-14
6601.73836000509  1.280113E-14
6602.68537361396  1.264340E-14
6603.63238722283  1.269018E-14
6604.57940083171  1.279987E-14
6605.52641444058  1.263296E-14
6606.47342804945  1.239639E-14
6607.42044165832  1.243543E-14
6608.36745526719  1.263071E-14
6609.31446887606  1.267987E-14
6610.26148248493  1.226075E-14
6611.2084960938  1.259654E-14
6612.15550970267  1.275471E-14
6613.10252331154  1.264285E-14
6614.04953692041  1.255781E-14
6614.99655052928  1.263377E-14
6615.94356413816  1.240084E-14
6616.89057774703  1.211141E-14
6617.8375913559  1.275448E-14
6618.78460496477  1.265822E-14
6619.73161857364  1.261803E-14
6620.67863218251  1.252048E-14
6621.62564579138  1.231955E-14
6622.57265940025  1.239705E-14
6623.51967300913  1.268127E-14
6624.466686618  1.272556E-14
6625.41370022687  1.266398E-14
6626.36071383574  1.232325E-14
6627.30772744461  1.233507E-14
6628.25474105348  1.260233E-14
6629.20175466235  1.288300E-14
6630.14876827122  1.237827E-14
6631.09578188009  1.233418E-14
6632.04279548896  1.213929E-14
6632.98980909783  1.239168E-14
6633.93682270671  1.201156E-14
6634.88383631558  1.230675E-14
6635.83084992445  1.237098E-14
6636.77786353332  1.213487E-14
6637.72487714219  1.241402E-14
6638.67189075106  1.243574E-14
6639.61890435993  1.222493E-14
6640.5659179688  1.239780E-14
6641.51293157767  1.263432E-14
6642.45994518654  1.220796E-14
6643.40695879542  1.231812E-14
6644.35397240429  1.270223E-14
6645.30098601316  1.270059E-14
6646.24799962203  1.219849E-14
6647.1950132309  1.227102E-14
6648.14202683977  1.252724E-14
6649.08904044864  1.246234E-14
6650.03605405751  1.223355E-14
6650.98306766638  1.224217E-14
6651.93008127525  1.228159E-14
6652.87709488413  1.289889E-14
6653.824108493  1.269653E-14
6654.77112210187  1.274876E-14
6655.71813571074  1.226335E-14
6656.66514931961  1.260827E-14
6657.61216292848  1.265951E-14
6658.55917653735  1.253796E-14
6659.50619014622  1.233719E-14
6660.45320375509  1.236042E-14
6661.40021736396  1.226577E-14
6662.34723097283  1.227103E-14
6663.29424458171  1.237653E-14
6664.24125819057  1.291347E-14
6665.18827179945  1.272027E-14
6666.13528540832  1.280176E-14
6667.08229901719  1.317841E-14
6668.02931262606  1.335739E-14
6668.97632623493  1.307840E-14
6669.9233398438  1.306389E-14
6670.87035345267  1.346641E-14
6671.81736706154  1.361212E-14
6672.76438067042  1.301883E-14
6673.71139427929  1.289544E-14
6674.65840788816  1.322111E-14
6675.60542149703  1.288203E-14
6676.5524351059  1.272455E-14
6677.49944871477  1.279696E-14
6678.44646232364  1.240040E-14
6679.39347593251  1.212764E-14
6680.34048954138  1.215842E-14
6681.28750315025  1.189589E-14
6682.23451675912  1.199219E-14
6683.18153036799  1.219376E-14
6684.12854397687  1.287658E-14
6685.07555758574  1.279681E-14
6686.02257119461  1.298418E-14
6686.96958480348  1.301545E-14
6687.91659841235  1.272299E-14
6688.86361202122  1.305162E-14
6689.81062563009  1.321200E-14
6690.75763923896  1.313724E-14
6691.70465284783  1.313492E-14
6692.6516664567  1.287037E-14
6693.59868006558  1.267098E-14
6694.54569367445  1.286118E-14
6695.49270728332  1.226579E-14
6696.43972089219  1.245522E-14
6697.38673450106  1.241912E-14
6698.33374810993  1.219856E-14
6699.2807617188  1.215379E-14
6700.22777532767  1.229950E-14
6701.17478893654  1.247610E-14
6702.12180254542  1.219154E-14
6703.06881615428  1.231965E-14
6704.01582976316  1.212673E-14
6704.96284337203  1.202211E-14
6705.9098569809  1.198143E-14
6706.85687058977  1.220633E-14
6707.80388419864  1.236757E-14
6708.75089780751  1.236956E-14
6709.69791141638  1.244865E-14
6710.64492502525  1.198885E-14
6711.59193863412  1.208766E-14
6712.538952243  1.220268E-14
6713.48596585187  1.191327E-14
6714.43297946074  1.175376E-14
6715.37999306961  1.200723E-14
6716.32700667848  1.217260E-14
6717.27402028735  1.218969E-14
6718.22103389622  1.220351E-14
6719.16804750509  1.192152E-14
6720.11506111396  1.210243E-14
6721.06207472283  1.233544E-14
6722.0090883317  1.216792E-14
6722.95610194058  1.176092E-14
6723.90311554945  1.176676E-14
6724.85012915832  1.190133E-14
6725.79714276719  1.203764E-14
6726.74415637606  1.240103E-14
6727.69116998493  1.234626E-14
6728.6381835938  1.209311E-14
6729.58519720267  1.218830E-14
6730.53221081154  1.191224E-14
6731.47922442041  1.172061E-14
6732.42623802929  1.231964E-14
6733.37325163816  1.252063E-14
6734.32026524703  1.207924E-14
6735.2672788559  1.199790E-14
6736.21429246477  1.225461E-14
6737.16130607364  1.251254E-14
6738.10831968251  1.207739E-14
6739.05533329138  1.176019E-14
6740.00234690025  1.187793E-14
6740.94936050912  1.207795E-14
6741.896374118  1.198770E-14
6742.84338772687  1.178328E-14
6743.79040133574  1.207482E-14
6744.73741494461  1.225434E-14
6745.68442855348  1.178223E-14
6746.63144216235  1.150975E-14
6747.57845577122  1.144896E-14
6748.52546938009  1.193198E-14
6749.47248298896  1.234190E-14
6750.41949659783  1.215779E-14
6751.36651020671  1.190504E-14
6752.31352381558  1.206983E-14
6753.26053742445  1.212771E-14
6754.20755103332  1.208239E-14
6755.15456464219  1.196564E-14
6756.10157825106  1.186665E-14
6757.04859185993  1.192352E-14
6757.9956054688  1.209981E-14
6758.94261907767  1.167006E-14
6759.88963268654  1.156944E-14
6760.83664629541  1.158661E-14
6761.78365990429  1.200140E-14
6762.73067351316  1.186337E-14
6763.67768712203  1.192791E-14
6764.6247007309  1.210215E-14
6765.57171433977  1.203591E-14
6766.51872794864  1.235365E-14
6767.46574155751  1.202101E-14
6768.41275516638  1.175559E-14
6769.35976877525  1.186503E-14
6770.30678238412  1.201931E-14
6771.253795993  1.215405E-14
6772.20080960187  1.211414E-14
6773.14782321074  1.213626E-14
6774.09483681961  1.201627E-14
6775.04185042848  1.153531E-14
6775.98886403735  1.192678E-14
6776.93587764622  1.198256E-14
6777.88289125509  1.191153E-14
6778.82990486396  1.211363E-14
6779.77691847283  1.194651E-14
6780.72393208171  1.179234E-14
6781.67094569058  1.210737E-14
6782.61795929945  1.180871E-14
6783.56497290832  1.181985E-14
6784.51198651719  1.172217E-14
6785.45900012606  1.183402E-14
6786.40601373493  1.140691E-14
6787.3530273438  1.162331E-14
6788.30004095267  1.154433E-14
6789.24705456155  1.141260E-14
6790.19406817042  1.170065E-14
6791.14108177929  1.181512E-14
6792.08809538816  1.136919E-14
6793.03510899703  1.154436E-14
6793.9821226059  1.175979E-14
6794.92913621477  1.168658E-14
6795.87614982364  1.156368E-14
6796.82316343251  1.154051E-14
6797.77017704138  1.192339E-14
6798.71719065025  1.191189E-14
6799.66420425912  1.195101E-14
6800.611217868  1.191508E-14
6801.55823147687  1.190382E-14
6802.50524508574  1.164607E-14
6803.45225869461  1.175334E-14
6804.39927230348  1.209849E-14
6805.34628591235  1.190695E-14
6806.29329952122  1.179321E-14
6807.24031313009  1.173758E-14
6808.18732673896  1.152654E-14
6809.13434034783  1.149149E-14
6810.0813539567  1.170528E-14
6811.02836756558  1.173906E-14
6811.97538117445  1.164278E-14
6812.92239478332  1.167248E-14
6813.86940839219  1.178554E-14
6814.81642200106  1.163974E-14
6815.76343560993  1.131921E-14
6816.7104492188  1.131820E-14
6817.65746282767  1.133037E-14
6818.60447643654  1.139477E-14
6819.55149004541  1.163071E-14
6820.49850365429  1.157325E-14
6821.44551726316  1.125370E-14
6822.39253087203  1.130526E-14
6823.3395444809  1.168146E-14
6824.28655808977  1.183631E-14
6825.23357169864  1.137696E-14
6826.18058530751  1.163251E-14
6827.12759891638  1.179302E-14
6828.07461252525  1.178584E-14
6829.02162613412  1.176473E-14
6829.968639743  1.184744E-14
6830.91565335187  1.172048E-14
6831.86266696074  1.151599E-14
6832.80968056961  1.171750E-14
6833.75669417848  1.198011E-14
6834.70370778735  1.187936E-14
6835.65072139622  1.151482E-14
6836.59773500509  1.162180E-14
6837.54474861396  1.177429E-14
6838.49176222284  1.140347E-14
6839.43877583171  1.134721E-14
6840.38578944058  1.160693E-14
6841.33280304945  1.178106E-14
6842.27981665832  1.204626E-14
6843.22683026719  1.215970E-14
6844.17384387606  1.177406E-14
6845.12085748493  1.191002E-14
6846.0678710938  1.206245E-14
6847.01488470267  1.165504E-14
6847.96189831154  1.116990E-14
6848.90891192041  1.151297E-14
6849.85592552929  1.167551E-14
6850.80293913816  1.154928E-14
6851.74995274703  1.197871E-14
6852.6969663559  1.210579E-14
6853.64397996477  1.164667E-14
6854.59099357364  1.121095E-14
6855.53800718251  1.134912E-14
6856.48502079138  1.145732E-14
6857.43203440025  1.131031E-14
6858.37904800913  1.151460E-14
6859.32606161799  1.157564E-14
6860.27307522687  1.168763E-14
6861.22008883574  1.202952E-14
6862.16710244461  1.156650E-14
6863.11411605348  1.117798E-14
6864.06112966235  1.065817E-14
6865.00814327122  1.029107E-14
6865.95515688009  9.827348E-15
6866.90217048896  9.118427E-15
6867.84918409783  8.211380E-15
6868.79619770671  7.840758E-15
6869.74321131558  7.746756E-15
6870.69022492445  7.598355E-15
6871.63723853332  7.721203E-15
6872.58425214219  7.938660E-15
6873.53126575106  8.699565E-15
6874.47827935993  8.943692E-15
6875.4252929688  9.140819E-15
6876.37230657767  9.733038E-15
6877.31932018654  9.950434E-15
6878.26633379541  9.824166E-15
6879.21334740429  1.060282E-14
6880.16036101316  1.073001E-14
6881.10737462203  1.092879E-14
6882.0543882309  1.106760E-14
6883.00140183977  1.086849E-14
6883.94841544864  1.062024E-14
6884.89542905751  1.034627E-14
6885.84244266638  9.926418E-15
6886.78945627525  9.756574E-15
6887.73646988413  9.591190E-15
6888.68348349299  9.777023E-15
6889.63049710187  9.854015E-15
6890.57751071074  1.004364E-14
6891.52452431961  9.741839E-15
6892.47153792848  9.608132E-15
6893.41855153735  1.028872E-14
6894.36556514622  1.024475E-14
6895.31257875509  9.840298E-15
6896.25959236396  1.029137E-14
6897.20660597284  1.057601E-14
6898.15361958171  1.043329E-14
6899.10063319058  1.040523E-14
6900.04764679945  1.018557E-14
6900.99466040832  1.019763E-14
6901.94167401719  1.023210E-14
6902.88868762606  9.945262E-15
6903.83570123493  1.049806E-14
6904.7827148438  1.080919E-14
6905.72972845267  1.028238E-14
6906.67674206154  1.018972E-14
6907.62375567041  1.069791E-14
6908.57076927929  1.050809E-14
6909.51778288816  1.068285E-14
6910.46479649703  1.084779E-14
6911.4118101059  1.086594E-14
6912.35882371477  1.096086E-14
6913.30583732364  1.092238E-14
6914.25285093251  1.080128E-14
6915.19986454138  1.078517E-14
6916.14687815025  1.076816E-14
6917.09389175913  1.061037E-14
6918.040905368  1.078561E-14
6918.98791897687  1.077949E-14
6919.93493258574  1.097333E-14
6920.88194619461  1.097084E-14
6921.82895980348  1.069640E-14
6922.77597341235  1.078238E-14
6923.72298702122  1.083746E-14
6924.67000063009  1.093194E-14
6925.61701423896  1.110169E-14
6926.56402784784  1.081180E-14
6927.51104145671  1.039440E-14
6928.45805506558  1.061322E-14
6929.40506867445  1.078172E-14
6930.35208228332  1.071735E-14
6931.29909589219  1.115419E-14
6932.24610950106  1.120977E-14
6933.19312310993  1.099745E-14
6934.1401367188  1.091147E-14
6935.08715032767  1.074352E-14
6936.03416393654  1.094642E-14
6936.98117754542  1.106491E-14
6937.92819115429  1.092251E-14
6938.87520476316  1.072791E-14
6939.82221837203  1.066120E-14
6940.7692319809  1.076152E-14
6941.71624558977  1.103529E-14
6942.66325919864  1.075102E-14
6943.61027280751  1.100285E-14
6944.55728641638  1.105370E-14
6945.50430002525  1.081299E-14
6946.45131363413  1.109515E-14
6947.398327243  1.138312E-14
6948.34534085187  1.131894E-14
6949.29235446074  1.128178E-14
6950.23936806961  1.094918E-14
6951.18638167848  1.060499E-14
6952.13339528735  1.082446E-14
6953.08040889622  1.117798E-14
6954.02742250509  1.101133E-14
6954.97443611396  1.104106E-14
6955.92144972283  1.109515E-14
6956.8684633317  1.085629E-14
6957.81547694058  1.068405E-14
6958.76249054945  1.073657E-14
6959.70950415832  1.086287E-14
6960.65651776719  1.085178E-14
6961.60353137606  1.094068E-14
6962.55054498493  1.141476E-14
6963.4975585938  1.118596E-14
6964.44457220267  1.101727E-14
6965.39158581154  1.102009E-14
6966.33859942042  1.079810E-14
6967.28561302929  1.083766E-14
6968.23262663816  1.072488E-14
6969.17964024703  1.110418E-14
6970.1266538559  1.089312E-14
6971.07366746477  1.118118E-14
6972.02068107364  1.134979E-14
6972.96769468251  1.107554E-14
6973.91470829138  1.067691E-14
6974.86172190025  1.089399E-14
6975.80873550912  1.148319E-14
6976.755749118  1.145088E-14
6977.70276272687  1.131881E-14
6978.64977633574  1.134942E-14
6979.59678994461  1.130555E-14
6980.54380355348  1.116539E-14
6981.49081716235  1.088513E-14
6982.43783077122  1.096162E-14
6983.38484438009  1.098469E-14
6984.33185798896  1.051017E-14
6985.27887159783  1.041328E-14
6986.22588520671  1.092873E-14
6987.17289881558  1.108234E-14
6988.11991242445  1.098772E-14
6989.06692603332  1.089570E-14
6990.01393964219  1.060024E-14
6990.96095325106  1.067566E-14
6991.90796685993  1.077443E-14
6992.8549804688  1.062182E-14
6993.80199407768  1.071039E-14
6994.74900768654  1.101193E-14
6995.69602129542  1.121730E-14
6996.64303490429  1.111092E-14
6997.59004851316  1.100135E-14
6998.53706212203  1.128897E-14
6999.4840757309  1.094672E-14
7000.43108933977  1.078804E-14
7001.37810294864  1.114087E-14
7002.32511655751  1.062301E-14
7003.27213016638  1.044705E-14
7004.21914377526  1.096891E-14
7005.16615738412  1.089385E-14
7006.113170993  1.065657E-14
7007.06018460187  1.088799E-14
7008.00719821074  1.077294E-14
7008.95421181961  1.058090E-14
7009.90122542848  1.065156E-14
7010.84823903735  1.077520E-14
7011.79525264622  1.119604E-14
7012.74226625509  1.118039E-14
7013.68927986396  1.095160E-14
7014.63629347283  1.062399E-14
7015.58330708171  1.061921E-14
7016.53032069058  1.066491E-14
7017.47733429945  1.066622E-14
7018.42434790832  1.058706E-14
7019.37136151719  1.063287E-14
7020.31837512606  1.099120E-14
7021.26538873493  1.069266E-14
7022.2124023438  1.070699E-14
