6053.4135742187  1.137225E-14
6054.3605921233  1.205575E-14
6055.3076100279  1.199757E-14
6056.2546279325  1.224610E-14
6057.2016458371  1.218292E-14
6058.1486637417  1.206796E-14
6059.0956816463  1.202228E-14
6060.0426995509  1.180559E-14
6060.9897174555  1.180337E-14
6061.9367353601  1.212443E-14
6062.88375326471  1.179936E-14
6063.83077116931  1.179355E-14
6064.77778907391  1.140186E-14
6065.72480697851  1.174484E-14
6066.67182488311  1.225282E-14
6067.61884278771  1.221319E-14
6068.56586069231  1.217325E-14
6069.51287859691  1.213401E-14
6070.45989650151  1.220908E-14
6071.40691440611  1.213076E-14
6072.35393231071  1.187078E-14
6073.30095021531  1.177369E-14
6074.24796811991  1.192046E-14
6075.19498602451  1.201733E-14
6076.14200392911  1.207272E-14
6077.08902183371  1.208584E-14
6078.03603973831  1.171165E-14
6078.98305764291  1.154325E-14
6079.93007554751  1.213113E-14
6080.87709345211  1.208574E-14
6081.82411135671  1.197349E-14
6082.77112926131  1.213517E-14
6083.71814716591  1.221885E-14
6084.66516507052  1.210298E-14
6085.61218297512  1.194466E-14
6086.55920087972  1.233957E-14
6087.50621878432  1.221820E-14
6088.45323668892  1.234614E-14
6089.40025459352  1.240243E-14
6090.34727249812  1.218444E-14
6091.29429040272  1.219916E-14
6092.24130830732  1.212397E-14
6093.18832621192  1.212990E-14
6094.13534411652  1.219900E-14
6095.08236202112  1.229866E-14
6096.02937992572  1.227184E-14
6096.97639783032  1.189471E-14
6097.92341573492  1.177825E-14
6098.87043363952  1.188090E-14
6099.81745154412  1.178211E-14
6100.76446944872  1.196216E-14
6101.71148735332  1.195950E-14
6102.65850525792  1.212547E-14
6103.60552316252  1.179654E-14
6104.55254106712  1.183316E-14
6105.49955897173  1.183917E-14
6106.44657687632  1.189532E-14
6107.39359478093  1.209833E-14
6108.34061268553  1.202089E-14
6109.28763059013  1.226354E-14
6110.23464849473  1.224889E-14
6111.18166639933  1.184454E-14
6112.12868430393  1.178817E-14
6113.07570220853  1.195883E-14
6114.02272011313  1.206983E-14
6114.96973801773  1.221695E-14
6115.91675592233  1.228643E-14
6116.86377382693  1.190185E-14
6117.81079173153  1.156844E-14
6118.75780963613  1.171724E-14
6119.70482754073  1.197358E-14
6120.65184544533  1.222390E-14
6121.59886334993  1.187910E-14
6122.54588125453  1.202034E-14
6123.49289915913  1.207812E-14
6124.43991706373  1.180298E-14
6125.38693496833  1.190786E-14
6126.33395287294  1.208980E-14
6127.28097077753  1.234663E-14
6128.22798868214  1.227600E-14
6129.17500658674  1.225059E-14
6130.12202449134  1.236658E-14
6131.06904239594  1.199268E-14
6132.01606030054  1.198523E-14
6132.96307820514  1.224109E-14
6133.91009610974  1.210535E-14
6134.85711401434  1.229827E-14
6135.80413191894  1.221275E-14
6136.75114982354  1.245895E-14
6137.69816772814  1.254575E-14
6138.64518563274  1.237422E-14
6139.59220353734  1.214229E-14
6140.53922144194  1.233397E-14
6141.48623934654  1.234616E-14
6142.43325725114  1.186730E-14
6143.38027515574  1.123043E-14
6144.32729306034  1.165317E-14
6145.27431096494  1.198052E-14
6146.22132886954  1.201667E-14
6147.16834677414  1.204680E-14
6148.11536467875  1.211801E-14
6149.06238258335  1.216864E-14
6150.00940048795  1.227541E-14
6150.95641839255  1.188177E-14
6151.90343629715  1.170470E-14
6152.85045420175  1.206247E-14
6153.79747210635  1.205025E-14
6154.74449001095  1.197260E-14
6155.69150791555  1.174936E-14
6156.63852582015  1.149928E-14
6157.58554372475  1.171846E-14
6158.53256162935  1.226125E-14
6159.47957953395  1.229084E-14
6160.42659743855  1.224330E-14
6161.37361534315  1.197013E-14
6162.32063324775  1.235643E-14
6163.26765115235  1.227766E-14
6164.21466905695  1.233609E-14
6165.16168696155  1.247263E-14
6166.10870486615  1.239578E-14
6167.05572277075  1.186360E-14
6168.00274067535  1.190605E-14
6168.94975857995  1.193160E-14
6169.89677648455  1.204576E-14
6170.84379438916  1.192668E-14
6171.79081229376  1.193766E-14
6172.73783019836  1.187621E-14
6173.68484810296  1.143326E-14
6174.63186600756  7.820988E-15
6175.57888391216  9.810330E-15
6176.52590181676  1.214319E-14
6177.47291972136  1.246420E-14
6178.41993762596  1.223352E-14
6179.36695553056  1.197193E-14
6180.31397343516  1.206200E-14
6181.26099133976  1.234453E-14
6182.20800924436  1.235794E-14
6183.15502714896  1.218385E-14
6184.10204505356  1.223233E-14
6185.04906295816  1.222232E-14
6185.99608086276  1.182364E-14
6186.94309876736  1.195194E-14
6187.89011667196  1.242163E-14
6188.83713457656  1.230089E-14
6189.78415248116  1.216199E-14
6190.73117038576  1.196655E-14
6191.67818829036  1.200056E-14
6192.62520619496  1.236176E-14
6193.57222409957  1.220319E-14
6194.51924200417  1.206054E-14
6195.46625990877  1.212696E-14
6196.41327781337  1.201215E-14
6197.36029571797  1.234302E-14
6198.30731362257  1.236953E-14
6199.25433152717  1.247376E-14
6200.20134943177  1.232088E-14
6201.14836733637  1.208203E-14
6202.09538524097  1.201354E-14
6203.04240314557  1.203671E-14
6203.98942105017  1.220480E-14
6204.93643895477  1.200599E-14
6205.88345685937  1.200423E-14
6206.83047476397  1.205657E-14
6207.77749266857  1.217962E-14
6208.72451057317  1.189415E-14
6209.67152847777  1.227293E-14
6210.61854638237  1.241267E-14
6211.56556428697  1.196372E-14
6212.51258219157  1.172117E-14
6213.45960009617  1.191984E-14
6214.40661800077  1.206800E-14
6215.35363590538  1.204264E-14
6216.30065380998  1.216151E-14
6217.24767171458  1.220407E-14
6218.19468961918  1.184549E-14
6219.14170752378  1.173387E-14
6220.08872542838  1.203731E-14
6221.03574333298  1.213692E-14
6221.98276123758  1.243590E-14
6222.92977914218  1.202958E-14
6223.87679704678  1.194466E-14
6224.82381495138  1.173400E-14
6225.77083285598  1.185141E-14
6226.71785076058  1.222729E-14
6227.66486866518  1.206697E-14
6228.61188656978  1.199417E-14
6229.55890447438  1.196922E-14
6230.50592237898  1.205037E-14
6231.45294028358  1.212686E-14
6232.39995818818  1.201806E-14
6233.34697609278  1.199123E-14
6234.29399399738  1.199362E-14
6235.24101190199  1.212558E-14
6236.18802980659  1.223549E-14
6237.13504771119  1.236925E-14
6238.08206561579  1.211060E-14
6239.02908352039  1.229592E-14
6239.97610142499  1.215753E-14
6240.92311932959  1.177528E-14
6241.87013723419  1.208163E-14
6242.81715513879  1.233619E-14
6243.76417304339  1.207555E-14
6244.71119094799  1.215710E-14
6245.65820885259  1.192381E-14
6246.60522675719  1.185550E-14
6247.55224466179  1.191029E-14
6248.49926256639  1.221507E-14
6249.44628047099  1.220133E-14
6250.39329837559  1.197769E-14
6251.34031628019  1.161441E-14
6252.28733418479  1.164342E-14
6253.23435208939  1.197918E-14
6254.18136999399  1.208016E-14
6255.12838789859  1.182081E-14
6256.07540580319  1.150077E-14
6257.02242370779  1.166461E-14
6257.9694416124  1.187960E-14
6258.916459517  1.202440E-14
6259.8634774216  1.205852E-14
6260.8104953262  1.216647E-14
6261.7575132308  1.204546E-14
6262.7045311354  1.182092E-14
6263.65154904  1.186429E-14
6264.5985669446  1.179146E-14
6265.5455848492  1.191636E-14
6266.4926027538  1.203664E-14
6267.4396206584  1.225289E-14
6268.386638563  1.205632E-14
6269.3336564676  1.178399E-14
6270.2806743722  1.200979E-14
6271.2276922768  1.184258E-14
6272.1747101814  1.171514E-14
6273.121728086  1.194371E-14
6274.0687459906  1.195379E-14
6275.0157638952  1.212622E-14
6275.9627817998  1.183040E-14
6276.90979970441  1.157027E-14
6277.856817609  1.130620E-14
6278.80383551361  1.115724E-14
6279.75085341821  1.129781E-14
6280.69787132281  1.166416E-14
6281.64488922741  1.173435E-14
6282.59190713201  1.157894E-14
6283.53892503661  1.151959E-14
6284.48594294121  1.152060E-14
6285.43296084581  1.167396E-14
6286.37997875041  1.227734E-14
6287.32699665501  1.225427E-14
6288.27401455961  1.199110E-14
6289.22103246421  1.220030E-14
6290.16805036881  1.172516E-14
6291.11506827341  1.162755E-14
6292.06208617801  1.193411E-14
6293.00910408261  1.208011E-14
6293.95612198721  1.209347E-14
6294.90313989181  1.221325E-14
6295.85015779641  1.160025E-14
6296.79717570101  1.160096E-14
6297.74419360562  1.184324E-14
6298.69121151021  1.200822E-14
6299.63822941482  1.211909E-14
6300.58524731942  1.174986E-14
6301.53226522402  1.184737E-14
6302.47928312862  1.229315E-14
6303.42630103322  1.214244E-14
6304.37331893782  1.199166E-14
6305.32033684242  1.206180E-14
6306.26735474702  1.197856E-14
6307.21437265162  1.215907E-14
6308.16139055622  1.182776E-14
6309.10840846082  1.177837E-14
6310.05542636542  1.217078E-14
6311.00244427002  1.203317E-14
6311.94946217462  1.183636E-14
6312.89648007922  1.177971E-14
6313.84349798382  1.194218E-14
6314.79051588842  1.214983E-14
6315.73753379302  1.194639E-14
6316.68455169762  1.205523E-14
6317.63156960222  1.187364E-14
6318.57858750682  1.202804E-14
6319.52560541142  1.217916E-14
6320.47262331603  1.176603E-14
6321.41964122063  1.210861E-14
6322.36665912523  1.219941E-14
6323.31367702983  1.220143E-14
6324.26069493443  1.222785E-14
6325.20771283903  1.200001E-14
6326.15473074363  1.226730E-14
6327.10174864823  1.225465E-14
6328.04876655283  1.218619E-14
6328.99578445743  1.206782E-14
6329.94280236203  1.232677E-14
6330.88982026663  1.198603E-14
6331.83683817123  1.195089E-14
6332.78385607583  1.225251E-14
6333.73087398043  1.212738E-14
6334.67789188503  1.209175E-14
6335.62490978963  1.227702E-14
6336.57192769423  1.205025E-14
6337.51894559883  1.199408E-14
6338.46596350343  1.215997E-14
6339.41298140803  1.227279E-14
6340.35999931263  1.236686E-14
6341.30701721724  1.262582E-14
6342.25403512184  1.249324E-14
6343.20105302644  1.239460E-14
6344.14807093104  1.219058E-14
6345.09508883564  1.208877E-14
6346.04210674024  1.176485E-14
6346.98912464484  1.147218E-14
6347.93614254944  1.195083E-14
6348.88316045404  1.228534E-14
6349.83017835864  1.149877E-14
6350.77719626324  1.129681E-14
6351.72421416784  1.205161E-14
6352.67123207244  1.221487E-14
6353.61824997704  1.211288E-14
6354.56526788164  1.175957E-14
6355.51228578624  1.169376E-14
6356.45930369084  1.181372E-14
6357.40632159544  1.203179E-14
6358.35333950004  1.217957E-14
6359.30035740464  1.191217E-14
6360.24737530924  1.217917E-14
6361.19439321384  1.219903E-14
6362.14141111844  1.237293E-14
6363.08842902304  1.229794E-14
6364.03544692764  1.198239E-14
6364.98246483224  1.195376E-14
6365.92948273685  1.228675E-14
6366.87650064145  1.249346E-14
6367.82351854605  1.215487E-14
6368.77053645065  1.195366E-14
6369.71755435525  1.220700E-14
6370.66457225985  1.206348E-14
6371.61159016445  1.169144E-14
6372.55860806905  1.175481E-14
6373.50562597365  1.188539E-14
6374.45264387825  1.189150E-14
6375.39966178285  1.165287E-14
6376.34667968745  1.165423E-14
6377.29369759205  1.180982E-14
6378.24071549665  1.219215E-14
6379.18773340125  1.239217E-14
6380.13475130585  1.179369E-14
6381.08176921045  1.202629E-14
6382.02878711505  1.233561E-14
6382.97580501965  1.228236E-14
6383.92282292425  1.219041E-14
6384.86984082885  1.215997E-14
6385.81685873345  1.223531E-14
6386.76387663806  1.200943E-14
6387.71089454266  1.188838E-14
6388.65791244726  1.185664E-14
6389.60493035186  1.218617E-14
6390.55194825646  1.217721E-14
6391.49896616106  1.197078E-14
6392.44598406566  1.210825E-14
6393.39300197026  1.218592E-14
6394.34001987486  1.200762E-14
6395.28703777946  1.230477E-14
6396.23405568406  1.227460E-14
6397.18107358866  1.245803E-14
6398.12809149326  1.218866E-14
6399.07510939786  1.179541E-14
6400.02212730246  1.196352E-14
6400.96914520706  1.218873E-14
6401.91616311166  1.215785E-14
6402.86318101626  1.200325E-14
6403.81019892086  1.213017E-14
6404.75721682546  1.242408E-14
6405.70423473007  1.189391E-14
6406.65125263466  1.164099E-14
6407.59827053927  1.221591E-14
6408.54528844387  1.232806E-14
6409.49230634847  1.219571E-14
6410.43932425307  1.257236E-14
6411.38634215767  1.235733E-14
6412.33336006227  1.190192E-14
6413.28037796687  1.226336E-14
6414.22739587147  1.213951E-14
6415.17441377607  1.207099E-14
6416.12143168067  1.235275E-14
6417.06844958527  1.217138E-14
6418.01546748987  1.241360E-14
6418.96248539447  1.237344E-14
6419.90950329907  1.199611E-14
6420.85652120367  1.196060E-14
6421.80353910827  1.196568E-14
6422.75055701287  1.197203E-14
6423.69757491747  1.219493E-14
6424.64459282207  1.208336E-14
6425.59161072667  1.207620E-14
6426.53862863127  1.221565E-14
6427.48564653587  1.232717E-14
6428.43266444048  1.226043E-14
6429.37968234507  1.202520E-14
6430.32670024968  1.205301E-14
6431.27371815428  1.221625E-14
6432.22073605888  1.206754E-14
6433.16775396348  1.200196E-14
6434.11477186808  1.211591E-14
6435.06178977268  1.226793E-14
6436.00880767728  1.213567E-14
6436.95582558188  1.198846E-14
6437.90284348648  1.210563E-14
6438.84986139108  1.210516E-14
6439.79687929568  1.253248E-14
6440.74389720028  1.239077E-14
6441.69091510488  1.202404E-14
6442.63793300948  1.229845E-14
6443.58495091408  1.241317E-14
6444.53196881868  1.210376E-14
6445.47898672328  1.205481E-14
6446.42600462788  1.182037E-14
6447.37302253248  1.193241E-14
6448.32004043708  1.170265E-14
6449.26705834168  1.167633E-14
6450.21407624629  1.217872E-14
6451.16109415089  1.223346E-14
6452.10811205549  1.221461E-14
6453.05512996009  1.214731E-14
6454.00214786469  1.189661E-14
6454.94916576929  1.219078E-14
6455.89618367389  1.218109E-14
6456.84320157849  1.244956E-14
6457.79021948309  1.236517E-14
6458.73723738769  1.188099E-14
6459.68425529229  1.211391E-14
6460.63127319689  1.228359E-14
6461.57829110149  1.213389E-14
6462.52530900609  1.215797E-14
6463.47232691069  1.200335E-14
6464.41934481529  1.182956E-14
6465.36636271989  1.206087E-14
6466.31338062449  1.243700E-14
6467.26039852909  1.254650E-14
6468.20741643369  1.210780E-14
6469.15443433829  1.199803E-14
6470.1014522429  1.224508E-14
6471.04847014749  1.227049E-14
6471.99548805209  1.224494E-14
6472.9425059567  1.236437E-14
6473.8895238613  1.204850E-14
6474.8365417659  1.196714E-14
6475.7835596705  1.252268E-14
6476.7305775751  1.233964E-14
6477.6775954797  1.229899E-14
6478.6246133843  1.244468E-14
6479.5716312889  1.228469E-14
6480.5186491935  1.212163E-14
6481.4656670981  1.196553E-14
6482.4126850027  1.199883E-14
6483.3597029073  1.180366E-14
6484.3067208119  1.163410E-14
6485.2537387165  1.203761E-14
6486.2007566211  1.214666E-14
6487.1477745257  1.223136E-14
6488.0947924303  1.200008E-14
6489.0418103349  1.183135E-14
6489.9888282395  1.195922E-14
6490.9358461441  1.184781E-14
6491.8828640487  1.195880E-14
6492.82988195331  1.207975E-14
6493.77689985791  1.208231E-14
6494.72391776251  1.209221E-14
6495.67093566711  1.216306E-14
6496.61795357171  1.193716E-14
6497.56497147631  1.220312E-14
6498.51198938091  1.231889E-14
6499.45900728551  1.222869E-14
6500.40602519011  1.186124E-14
6501.35304309471  1.175825E-14
6502.30006099931  1.185482E-14
6503.24707890391  1.201567E-14
6504.19409680851  1.195315E-14
6505.14111471311  1.216180E-14
6506.08813261771  1.232449E-14
6507.03515052231  1.197277E-14
6507.98216842691  1.183498E-14
6508.92918633151  1.206483E-14
6509.87620423611  1.206209E-14
6510.82322214071  1.216431E-14
6511.77024004531  1.201686E-14
6512.71725794991  1.192420E-14
6513.66427585452  1.233323E-14
6514.61129375911  1.231703E-14
6515.55831166372  1.173494E-14
6516.50532956832  1.163821E-14
6517.45234747292  1.181650E-14
6518.39936537752  1.199953E-14
6519.34638328212  1.190449E-14
6520.29340118672  1.225494E-14
6521.24041909132  1.222877E-14
6522.18743699592  1.218089E-14
6523.13445490052  1.232484E-14
6524.08147280512  1.229718E-14
6525.02849070972  1.210071E-14
6525.97550861432  1.207856E-14
6526.92252651892  1.188408E-14
6527.86954442352  1.220432E-14
6528.81656232812  1.263347E-14
6529.76358023272  1.286291E-14
6530.71059813732  1.287522E-14
6531.65761604192  1.252673E-14
6532.60463394652  1.238232E-14
6533.55165185112  1.247851E-14
6534.49866975572  1.285231E-14
6535.44568766032  1.321321E-14
6536.39270556492  1.302840E-14
6537.33972346952  1.308602E-14
6538.28674137413  1.310332E-14
6539.23375927873  1.309277E-14
6540.18077718333  1.314059E-14
6541.12779508793  1.329371E-14
6542.07481299253  1.361045E-14
6543.02183089713  1.382742E-14
6543.96884880173  1.407384E-14
6544.91586670633  1.444268E-14
6545.86288461093  1.458137E-14
6546.80990251553  1.497172E-14
6547.75692042013  1.556955E-14
6548.70393832473  1.579267E-14
6549.65095622933  1.619365E-14
6550.59797413393  1.660723E-14
6551.54499203853  1.712142E-14
6552.49200994313  1.753148E-14
6553.43902784773  1.801131E-14
6554.38604575233  1.868423E-14
6555.33306365693  1.945218E-14
6556.28008156153  1.969637E-14
6557.22709946613  2.004952E-14
6558.17411737073  2.023973E-14
6559.12113527534  2.082636E-14
6560.06815317994  2.175031E-14
6561.01517108454  2.174024E-14
6561.96218898914  2.149567E-14
6562.90920689374  2.128891E-14
6563.85622479834  2.131054E-14
6564.80324270294  2.085390E-14
6565.75026060754  2.035264E-14
6566.69727851214  1.982632E-14
6567.64429641674  1.929869E-14
6568.59131432134  1.920176E-14
6569.53833222594  1.907692E-14
6570.48535013054  1.921399E-14
6571.43236803514  1.922461E-14
6572.37938593974  1.950286E-14
6573.32640384434  1.929197E-14
6574.27342174894  1.887734E-14
6575.22043965354  1.840904E-14
6576.16745755814  1.791125E-14
6577.11447546274  1.755198E-14
6578.06149336734  1.702649E-14
6579.00851127195  1.608562E-14
6579.95552917654  1.577920E-14
6580.90254708115  1.528676E-14
6581.84956498575  1.479572E-14
6582.79658289035  1.453071E-14
6583.74360079495  1.413248E-14
6584.69061869955  1.392719E-14
6585.63763660415  1.379846E-14
6586.58465450875  1.359273E-14
6587.53167241335  1.335420E-14
6588.47869031795  1.325017E-14
6589.42570822255  1.332446E-14
6590.37272612715  1.320567E-14
6591.31974403175  1.347260E-14
6592.26676193635  1.324528E-14
6593.21377984095  1.292972E-14
6594.16079774555  1.301457E-14
6595.10781565015  1.315985E-14
6596.05483355475  1.273175E-14
6597.00185145935  1.282835E-14
6597.94886936395  1.284467E-14
6598.89588726855  1.250821E-14
6599.84290517315  1.221562E-14
6600.78992307776  1.223814E-14
6601.73694098236  1.248423E-14
6602.68395888695  1.254169E-14
6603.63097679156  1.255739E-14
6604.57799469616  1.230609E-14
6605.52501260076  1.230108E-14
6606.47203050536  1.230388E-14
6607.41904840996  1.209330E-14
6608.36606631456  1.222234E-14
6609.31308421916  1.204869E-14
6610.26010212376  1.210253E-14
6611.20712002836  1.229269E-14
6612.15413793296  1.220284E-14
6613.10115583756  1.205752E-14
6614.04817374216  1.213636E-14
6614.99519164676  1.244143E-14
6615.94220955136  1.242365E-14
6616.88922745596  1.237933E-14
6617.83624536056  1.240499E-14
6618.78326326516  1.240143E-14
6619.73028116976  1.240403E-14
6620.67729907437  1.228252E-14
6621.62431697896  1.249245E-14
6622.57133488357  1.244763E-14
6623.51835278817  1.223078E-14
6624.46537069277  1.237116E-14
6625.41238859737  1.227856E-14
6626.35940650197  1.201949E-14
6627.30642440657  1.182629E-14
6628.25344231117  1.198686E-14
6629.20046021577  1.184040E-14
6630.14747812037  1.221368E-14
6631.09449602497  1.214593E-14
6632.04151392957  1.229997E-14
6632.98853183417  1.209384E-14
6633.93554973877  1.168188E-14
6634.88256764337  1.175092E-14
6635.82958554797  1.235924E-14
6636.77660345257  1.210969E-14
6637.72362135717  1.201008E-14
6638.67063926177  1.237653E-14
6639.61765716637  1.231471E-14
6640.56467507097  1.205560E-14
6641.51169297557  1.196263E-14
6642.45871088018  1.188195E-14
6643.40572878478  1.209221E-14
6644.35274668938  1.231633E-14
6645.29976459398  1.209396E-14
6646.24678249858  1.210685E-14
6647.19380040318  1.194453E-14
6648.14081830778  1.197322E-14
6649.08783621238  1.206171E-14
6650.03485411698  1.199132E-14
6650.98187202158  1.188592E-14
6651.92888992618  1.224376E-14
6652.87590783078  1.200844E-14
6653.82292573538  1.196658E-14
6654.76994363998  1.205776E-14
6655.71696154458  1.205326E-14
6656.66397944918  1.224480E-14
6657.61099735378  1.198982E-14
6658.55801525838  1.204476E-14
6659.50503316298  1.191206E-14
6660.45205106758  1.195683E-14
6661.39906897218  1.186841E-14
6662.34608687678  1.179764E-14
6663.29310478138  1.190298E-14
6664.24012268599  1.235127E-14
6665.18714059058  1.268543E-14
6666.13415849519  1.261958E-14
6667.08117639979  1.270187E-14
6668.02819430439  1.240161E-14
6668.97521220899  1.250444E-14
6669.92223011359  1.247582E-14
6670.86924801819  1.270587E-14
6671.81626592279  1.285239E-14
6672.76328382739  1.292663E-14
6673.71030173199  1.245686E-14
6674.65731963659  1.256338E-14
6675.60433754119  1.251868E-14
6676.55135544579  1.208545E-14
6677.49837335039  1.185804E-14
6678.44539125499  1.199553E-14
6679.39240915959  1.189466E-14
6680.33942706419  1.195484E-14
6681.28644496879  1.190582E-14
6682.23346287339  1.159866E-14
6683.18048077799  1.176306E-14
6684.12749868259  1.202536E-14
6685.0745165872  1.193599E-14
6686.0215344918  1.191298E-14
6686.9685523964  1.205714E-14
6687.915570301  1.225569E-14
6688.8625882056  1.235208E-14
6689.8096061102  1.260972E-14
6690.7566240148  1.261284E-14
6691.7036419194  1.234682E-14
6692.650659824  1.215934E-14
6693.5976777286  1.242570E-14
6694.5446956332  1.259416E-14
6695.4917135378  1.258222E-14
6696.4387314424  1.255307E-14
6697.385749347  1.223361E-14
6698.3327672516  1.213307E-14
6699.2797851562  1.194799E-14
6700.2268030608  1.162971E-14
6701.1738209654  1.193311E-14
6702.12083887  1.209802E-14
6703.0678567746  1.199329E-14
6704.0148746792  1.210815E-14
6704.9618925838  1.199558E-14
6705.9089104884  1.165447E-14
6706.855928393  1.147545E-14
6707.80294629761  1.159369E-14
6708.7499642022  1.176314E-14
6709.6969821068  1.177331E-14
6710.6440000114  1.212267E-14
6711.59101791601  1.192618E-14
6712.53803582061  1.159147E-14
6713.48505372521  1.186798E-14
6714.43207162981  1.204480E-14
6715.37908953441  1.200556E-14
6716.32610743901  1.182202E-14
6717.27312534361  1.153358E-14
6718.22014324821  1.166566E-14
6719.16716115281  1.190028E-14
6720.11417905741  1.173951E-14
6721.06119696201  1.181111E-14
6722.00821486661  1.183838E-14
6722.95523277121  1.163158E-14
6723.90225067581  1.202542E-14
6724.84926858041  1.217129E-14
6725.79628648501  1.193045E-14
6726.74330438961  1.188301E-14
6727.69032229421  1.175149E-14
6728.63734019881  1.133878E-14
6729.58435810341  1.140116E-14
6730.53137600802  1.182612E-14
6731.47839391262  1.216608E-14
6732.42541181722  1.196062E-14
6733.37242972182  1.174893E-14
6734.31944762642  1.172183E-14
6735.26646553102  1.175626E-14
6736.21348343562  1.167172E-14
6737.16050134022  1.171294E-14
6738.10751924482  1.182726E-14
6739.05453714942  1.174533E-14
6740.00155505402  1.156795E-14
6740.94857295862  1.153212E-14
6741.89559086322  1.179891E-14
6742.84260876782  1.157529E-14
6743.78962667242  1.148927E-14
6744.73664457702  1.190999E-14
6745.68366248162  1.186155E-14
6746.63068038622  1.160347E-14
6747.57769829082  1.146839E-14
6748.52471619542  1.165306E-14
6749.47173410002  1.182951E-14
6750.41875200462  1.204751E-14
6751.36576990923  1.167398E-14
6752.31278781382  1.145506E-14
6753.25980571843  1.162871E-14
6754.20682362303  1.145768E-14
6755.15384152763  1.134772E-14
6756.10085943223  1.166017E-14
6757.04787733683  1.190034E-14
6757.99489524143  1.191533E-14
6758.94191314603  1.175570E-14
6759.88893105063  1.158731E-14
6760.83594895523  1.196990E-14
6761.78296685983  1.178252E-14
6762.72998476443  1.140537E-14
6763.67700266903  1.152902E-14
6764.62402057363  1.142230E-14
6765.57103847823  1.162848E-14
6766.51805638283  1.189107E-14
6767.46507428743  1.160452E-14
6768.41209219203  1.178717E-14
6769.35911009663  1.186786E-14
6770.30612800123  1.166132E-14
6771.25314590583  1.158278E-14
6772.20016381043  1.131874E-14
6773.14718171504  1.200405E-14
6774.09419961964  1.224508E-14
6775.04121752424  1.193752E-14
6775.98823542884  1.223115E-14
6776.93525333344  1.165887E-14
6777.88227123804  1.136067E-14
6778.82928914264  1.153326E-14
6779.77630704724  1.153025E-14
6780.72332495184  1.202496E-14
6781.67034285644  1.209701E-14
6782.61736076104  1.130370E-14
6783.56437866564  1.155429E-14
6784.51139657024  1.132336E-14
6785.45841447484  1.178856E-14
6786.40543237944  1.162196E-14
6787.35245028404  1.135038E-14
6788.29946818864  1.142447E-14
6789.24648609324  1.139134E-14
6790.19350399784  1.123456E-14
6791.14052190244  1.165341E-14
6792.08753980704  1.178846E-14
6793.03455771164  1.144646E-14
6793.98157561625  1.140617E-14
6794.92859352085  1.135102E-14
6795.87561142544  1.164087E-14
6796.82262933005  1.157611E-14
6797.76964723465  1.168831E-14
6798.71666513925  1.148406E-14
6799.66368304385  1.137777E-14
6800.61070094845  1.151501E-14
6801.55771885305  1.181436E-14
6802.50473675765  1.187923E-14
6803.45175466225  1.150228E-14
6804.39877256685  1.158850E-14
6805.34579047145  1.097593E-14
6806.29280837605  1.125592E-14
6807.23982628065  1.155292E-14
6808.18684418525  1.145700E-14
6809.13386208985  1.158694E-14
6810.08087999445  1.151629E-14
6811.02789789905  1.173736E-14
6811.97491580365  1.140363E-14
6812.92193370825  1.124697E-14
6813.86895161285  1.157929E-14
6814.81596951745  1.139501E-14
6815.76298742205  1.134960E-14
6816.71000532666  1.098487E-14
6817.65702323126  1.119761E-14
6818.60404113586  1.138328E-14
6819.55105904046  1.090702E-14
6820.49807694506  1.104855E-14
6821.44509484966  1.132095E-14
6822.39211275426  1.129632E-14
6823.33913065886  1.105060E-14
6824.28614856346  1.129424E-14
6825.23316646806  1.121176E-14
6826.18018437266  1.110767E-14
6827.12720227726  1.123876E-14
6828.07422018186  1.151438E-14
6829.02123808646  1.164209E-14
6829.96825599106  1.140415E-14
6830.91527389566  1.124449E-14
6831.86229180026  1.127023E-14
6832.80930970486  1.112464E-14
6833.75632760946  1.100087E-14
6834.70334551406  1.111097E-14
6835.65036341866  1.152224E-14
6836.59738132326  1.169549E-14
6837.54439922786  1.116432E-14
6838.49141713247  1.102716E-14
6839.43843503707  1.098820E-14
6840.38545294167  1.119755E-14
6841.33247084627  1.139833E-14
6842.27948875087  1.095409E-14
6843.22650665547  1.099372E-14
6844.17352456007  1.129764E-14
6845.12054246467  1.136244E-14
6846.06756036927  1.119477E-14
6847.01457827387  1.118750E-14
6847.96159617847  1.075622E-14
6848.90861408307  1.067626E-14
6849.85563198767  1.115266E-14
6850.80264989227  1.118238E-14
6851.74966779687  1.138837E-14
6852.69668570147  1.144065E-14
6853.64370360607  1.117613E-14
6854.59072151067  1.102975E-14
6855.53773941527  1.130415E-14
6856.48475731987  1.131768E-14
6857.43177522447  1.136964E-14
6858.37879312907  1.116297E-14
6859.32581103368  1.118099E-14
6860.27282893828  1.084224E-14
6861.21984684288  1.071136E-14
6862.16686474748  1.095502E-14
6863.11388265208  1.098645E-14
6864.06090055668  1.020493E-14
6865.00791846128  1.001749E-14
6865.95493636588  9.512061E-15
6866.90195427048  8.975608E-15
6867.84897217508  8.559886E-15
6868.79599007968  7.966319E-15
6869.74300798428  7.692985E-15
6870.69002588888  7.784607E-15
6871.63704379348  8.385960E-15
6872.58406169808  8.024852E-15
6873.53107960268  8.242539E-15
6874.47809750728  8.521224E-15
6875.42511541188  8.795332E-15
6876.37213331648  9.292577E-15
6877.31915122108  9.519462E-15
6878.26616912568  9.859951E-15
6879.21318703028  1.013517E-14
6880.16020493488  1.029582E-14
6881.10722283949  1.058091E-14
6882.05424074409  1.029637E-14
6883.00125864869  1.035944E-14
6883.94827655329  1.036905E-14
6884.89529445789  1.029799E-14
6885.84231236249  1.002147E-14
6886.78933026709  9.791988E-15
6887.73634817169  9.674458E-15
6888.68336607629  9.699698E-15
6889.63038398089  9.744186E-15
6890.57740188549  9.643644E-15
6891.52441979009  9.688754E-15
6892.47143769469  9.827870E-15
6893.41845559929  1.003961E-14
6894.36547350389  9.781337E-15
6895.31249140849  9.699226E-15
6896.25950931309  9.934587E-15
6897.20652721769  1.009019E-14
6898.15354512229  9.972190E-15
6899.10056302689  9.939631E-15
6900.0475809315  1.011456E-14
6900.99459883609  1.003922E-14
6901.9416167407  9.767981E-15
6902.88863464529  9.977122E-15
6903.8356525499  1.022376E-14
6904.7826704545  1.013560E-14
6905.7296883591  1.022112E-14
6906.6767062637  1.019785E-14
6907.6237241683  1.029036E-14
6908.5707420729  1.051194E-14
6909.5177599775  1.060726E-14
6910.4647778821  1.022250E-14
6911.4117957867  1.026821E-14
6912.3588136913  1.036086E-14
6913.3058315959  1.077467E-14
6914.2528495005  1.090022E-14
6915.1998674051  1.084992E-14
6916.1468853097  1.071959E-14
6917.0939032143  1.049854E-14
6918.0409211189  1.037549E-14
6918.9879390235  1.053348E-14
6919.9349569281  1.045348E-14
6920.8819748327  1.015045E-14
6921.8289927373  1.036790E-14
6922.7760106419  1.041243E-14
6923.7230285465  1.069682E-14
6924.67004645111  1.084347E-14
6925.61706435571  1.037348E-14
6926.56408226031  1.046007E-14
6927.51110016491  1.066311E-14
6928.45811806951  1.062876E-14
6929.40513597411  1.089182E-14
6930.35215387871  1.123718E-14
6931.29917178331  1.103160E-14
6932.24618968791  1.055643E-14
6933.19320759251  1.064477E-14
6934.14022549711  1.096990E-14
6935.08724340171  1.097954E-14
6936.03426130631  1.091620E-14
6936.98127921091  1.097188E-14
6937.92829711551  1.080283E-14
6938.87531502011  1.037355E-14
6939.82233292471  1.022169E-14
6940.76935082931  1.065159E-14
6941.71636873391  1.060808E-14
6942.66338663851  1.082355E-14
6943.61040454311  1.061026E-14
6944.55742244771  1.042594E-14
6945.50444035232  1.036971E-14
6946.45145825692  1.070765E-14
6947.39847616152  1.107582E-14
6948.34549406612  1.108337E-14
6949.29251197072  1.089356E-14
6950.23952987532  1.097313E-14
6951.18654777992  1.066328E-14
6952.13356568452  1.067083E-14
6953.08058358912  1.092522E-14
6954.02760149372  1.079662E-14
6954.97461939832  1.083404E-14
6955.92163730292  1.062372E-14
6956.86865520752  1.064265E-14
6957.81567311212  1.080841E-14
6958.76269101672  1.057866E-14
6959.70970892132  1.088045E-14
6960.65672682592  1.062943E-14
6961.60374473052  1.079694E-14
6962.55076263512  1.048408E-14
6963.49778053972  1.073781E-14
6964.44479844432  1.048901E-14
6965.39181634892  1.071444E-14
6966.33883425353  1.077195E-14
6967.28585215813  1.039275E-14
6968.23287006273  1.078510E-14
6969.17988796733  1.086634E-14
6970.12690587193  1.077767E-14
6971.07392377653  1.070675E-14
6972.02094168113  1.082271E-14
6972.96795958573  1.117132E-14
6973.91497749033  1.101468E-14
6974.86199539493  1.087852E-14
6975.80901329953  1.113321E-14
6976.75603120413  1.073303E-14
6977.70304910873  1.073365E-14
6978.65006701333  1.079912E-14
6979.59708491793  1.098954E-14
6980.54410282253  1.089241E-14
6981.49112072713  1.084809E-14
6982.43813863173  1.071231E-14
6983.38515653633  1.070366E-14
6984.33217444093  1.073126E-14
6985.27919234553  1.052063E-14
6986.22621025013  1.085197E-14
6987.17322815473  1.104364E-14
6988.12024605934  1.083313E-14
6989.06726396394  1.054394E-14
6990.01428186854  1.055638E-14
6990.96129977314  1.082702E-14
6991.90831767774  1.091540E-14
6992.85533558234  1.060452E-14
6993.80235348694  1.054513E-14
6994.74937139154  1.067254E-14
6995.69638929614  1.076394E-14
6996.64340720074  1.062748E-14
6997.59042510534  1.057331E-14
6998.53744300994  1.065487E-14
6999.48446091454  1.069161E-14
7000.43147881914  1.044863E-14
7001.37849672374  1.067813E-14
7002.32551462834  1.087537E-14
7003.27253253294  1.079663E-14
7004.21955043754  1.085377E-14
7005.16656834214  1.068407E-14
7006.11358624674  1.083323E-14
7007.06060415134  1.103929E-14
7008.00762205595  1.040921E-14
7008.95463996054  1.068190E-14
7009.90165786515  1.105962E-14
7010.84867576975  1.080447E-14
7011.79569367435  1.040211E-14
7012.74271157895  1.027630E-14
7013.68972948355  1.071249E-14
7014.63674738815  1.058392E-14
7015.58376529275  1.041934E-14
7016.53078319735  1.042800E-14
7017.47780110195  1.059990E-14
7018.42481900655  1.082218E-14
7019.37183691115  1.085466E-14
7020.31885481575  1.054799E-14
7021.26587272035  1.060379E-14
7022.21289062495  1.036508E-14
