2.453965538684280124e+06 2.535194487126119967e+01
2.453965538811939768e+06 1.735808838031886481e+01
2.453965538962049875e+06 5.778416263448090007e+01
2.453965539092489984e+06 3.759396509737862857e+01
2.453965539239820093e+06 4.092854523356989915e+01
2.453965539367130026e+06 7.217310431814385652e+01
2.453965539494439960e+06 2.124081867591705119e+01
2.453965539621749893e+06 6.102738441079871023e+01
2.453965539749410003e+06 6.166689293007908645e+01
2.453965539887949824e+06 1.694697576078445067e+01
2.453965540015379898e+06 6.294590996859828635e+01
2.453965540142689832e+06 4.663844272709420125e+01
2.453965540270000231e+06 6.650888600457705024e+01
2.453965540408770088e+06 6.436196454698998082e+01
2.453965540536080021e+06 1.017732129245801644e+02
2.453965540663510095e+06 6.417924782720152166e+01
2.453965540790820029e+06 9.409911069329878330e+01
2.453965540918129962e+06 7.701509739264183452e+01
2.453965541045669932e+06 5.764712509460839129e+01
2.453965541173680220e+06 3.069640892516704156e+01
2.453965541311869863e+06 3.745692755750612690e+01
2.453965541438950226e+06 3.046801302546262846e+01
2.453965541566260159e+06 5.230266104070255295e+01
2.453965541693449952e+06 2.014451835714476502e+01
2.453965541820880026e+06 7.893362295048295607e+01
2.453965541948310100e+06 4.389769193022580396e+01
2.453965542075729929e+06 6.230640144931791724e+01
2.453965542203039862e+06 4.677548026696671002e+01
2.453965542341580149e+06 4.878536418468127778e+01
2.453965542468890082e+06 5.093228564222680887e+01
2.453965542596200015e+06 5.271377366023696709e+01
2.453965542723630089e+06 8.624229174218741889e+01
2.453965542850940023e+06 7.514225101479976843e+01
2.453965542978140060e+06 5.764712509460839129e+01
2.453965543105449993e+06 6.175825128995253976e+01
2.453965543232759926e+06 5.920021721287260164e+01
2.453965543360420037e+06 5.111500236201526803e+01
2.453965543487729970e+06 6.856444910224914224e+01
2.453965543615039904e+06 4.261867489166505862e+01
2.453965543753690086e+06 6.239775980923291598e+01
2.453965543880890124e+06 2.969146696630975413e+01
2.453965544008200057e+06 4.727795124637457747e+01
2.453965544135860167e+06 4.787178058569745076e+01
2.453965544263170101e+06 1.891118049854152261e+01
2.453965544401709922e+06 7.025457876030274917e+01
2.453965544529019855e+06 7.788300181166816571e+01
2.453965544657019898e+06 -2.453383075837566594e+03
2.453965544783640187e+06 4.732363042633208039e+01
2.453965544910950121e+06 3.791371935699804396e+01
2.453965545038380194e+06 4.252731653175006699e+01
2.453965545165690128e+06 3.028529630563262742e+01
2.453965545292890165e+06 5.262241530032196835e+01
2.453965545420549810e+06 7.025457876030274917e+01
2.453965545547860209e+06 5.243969858053350919e+01
2.453965545675170142e+06 2.507786979155774176e+01
2.453965545802480076e+06 4.563350076823692092e+01
2.453965545941019896e+06 1.090362025363271243e+02
2.453965546068329830e+06 5.691625821545457597e+01
2.453965546195640229e+06 7.020889958038678458e+01
2.453965546323069837e+06 4.293842915128448112e+01
2.453965546450379770e+06 2.900627926711342752e+01
2.453965546577690169e+06 2.558034077100715464e+01
2.453965546705000103e+06 2.183464801523992449e+01
2.453965546832540073e+06 2.128649785587455412e+01
2.453965546971079893e+06 2.754454550876422658e+01
2.453965547098509967e+06 1.534820446260429350e+01
2.453965547225819901e+06 5.234834022061850334e+01
2.453965547353129834e+06 5.997676327198393409e+01
2.453965547480550129e+06 5.257673612036446542e+01
2.453965547608329915e+06 8.496327470350204081e+00
2.453965547735290136e+06 4.974462696358106228e+01
2.453965547873829957e+06 3.622358969890289160e+01
2.453965548001139890e+06 6.440764372678130734e+00
2.453965548129150178e+06 3.124455908457396092e+01
2.453965548255760223e+06 2.516922815147274406e+01
2.453965548383189831e+06 1.754080510010732041e+01
2.453965548510500230e+06 3.288900956271161391e+01
2.453965548637699801e+06 4.577053830810942259e+01
2.453965548765120097e+06 4.001496163462761757e+01
2.453965548892439809e+06 6.130145949046062270e+01
2.453965549019979779e+06 2.096674359621359685e+01
2.453965549147290178e+06 7.171631251873503921e+00
2.453965549274600111e+06 4.764338468595149578e+01
2.453965549401910044e+06 7.217310431831004180e+00
2.453965549540449865e+06 6.806197812296589156e+00
2.453965549667879939e+06 4.202484555217600892e+00
2.453965549795070197e+06 3.065072974525108762e+01
2.453965549922499806e+06 1.352103726467817779e+01
2.453965550049810205e+06 4.079150769373895002e+01
2.453965550177120138e+06 1.859142623892210722e+01
2.453965550304430071e+06 2.667664108973789894e+01
2.453965550431630109e+06 3.065072974525108762e+01
2.453965550558940042e+06 1.607907134175811947e+01
2.453965550686600152e+06 -2.315934423371662731e+01
2.453965550813910086e+06 1.498277102302737873e+01
2.453965550941220019e+06 3.421370578118831673e+01
2.453965551079870202e+06 -1.178522842662551895e+01
2.453965551207069773e+06 3.640630641869134365e+01
2.453965551334499847e+06 3.805075689682900020e+01
2.453965551461809780e+06 4.070014933382394418e+01
2.453965551589699928e+06 4.933351434412974079e+00
2.453965551716200076e+06 6.851876992229163932e+01
2.453965551843740046e+06 1.772352181989577957e+01
2.453965551982509904e+06 7.308668791712769064e+01
2.453965552109819837e+06 2.562601995092311213e+01
2.453965552237129770e+06 3.224950104343124480e+01
2.453965552364789881e+06 4.659276354717825086e+01
2.453965552492099814e+06 3.617791051898693411e+01
2.453965552630749997e+06 1.776920099985327894e+01
2.453965552758070175e+06 -7.262989611746959007e+00
2.453965552885259967e+06 2.594577421058406941e+01
2.453965553012569901e+06 4.869400582476627193e+01
2.453965553139999975e+06 2.900627926711342752e+01
2.453965553267309908e+06 -6.029651753143716597e+00
2.453965553394619841e+06 -2.110378113608609496e+01
2.453965553521929774e+06 5.741872919486244342e+01
2.453965553649479989e+06 1.306424546518626251e+01
2.453965553788010031e+06 8.564846240286453849e+01
2.453965553915319964e+06 3.206678432364278564e+01
2.453965554042750038e+06 4.485695470912559557e+01
2.453965554169950075e+06 2.832109156787555548e+01
2.453965554297369905e+06 8.130894030777443504e+01
2.453965554424569942e+06 1.315560382505971937e+01
2.453965554552000016e+06 3.850754869632091726e+01
2.453965554690760095e+06 8.546574568307607933e+01
2.453965554818079807e+06 6.577801912538168949e+01
2.453965554945500102e+06 2.672232026969539831e+01
2.453965555073279887e+06 4.746066796616303662e+01
2.453965555200359784e+06 4.348657931069138982e+01
2.453965555327670183e+06 6.600641502512765157e+01
2.453965555466319900e+06 7.148791661890598448e+01
2.453965555593519937e+06 1.094016359759455810e+02
2.453965555720940232e+06 5.330760299955984038e+01
2.453965555848139804e+06 9.035341793753156026e+01
2.453965555975569878e+06 9.670282395033622436e+01
2.453965556102879811e+06 3.046801302546262846e+01
2.453965556230070069e+06 6.235208062927541306e+01
2.453965556357619818e+06 8.066943178849406593e+01
2.453965556496270001e+06 9.889542458783925838e+01
2.453965556623700075e+06 7.189902923844040572e+01
2.453965556750889868e+06 1.508783313688808505e+02
2.453965556878549978e+06 8.985094695808213316e+01
2.453965557005859911e+06 1.151572126493858406e+02
2.453965557133169845e+06 8.172005292730885628e+01
2.453965557271820027e+06 4.860264746489281862e+01
2.453965557399140205e+06 6.486443552643940791e+01
2.453965557526450139e+06 6.723975288373088688e+01
2.453965557653760072e+06 5.166315252142217673e+01
2.453965557781070005e+06 9.094724727685444066e+01
2.453965557908149902e+06 4.937919352400415107e+01
2.453965558035689872e+06 6.312862668838674551e+01
2.453965558162999805e+06 8.925711761875926697e+01
2.453965558290310204e+06 1.323325843099162569e+02
2.453965558417509776e+06 8.313610750570055075e+01
2.453965558545859996e+06 9.355096053389188171e+01
2.453965558672360145e+06 5.888046295321164081e+01
2.453965558799790218e+06 7.450274249551939931e+01
2.453965558938439935e+06 3.325444300228852512e+01
2.453965559065749869e+06 1.117769533332370600e+02
2.453965559192949906e+06 1.635314642146157738e+01
2.453965559320259839e+06 6.372245602775115714e+01
2.453965559447689913e+06 6.431628536707403043e+01
2.453965559586230200e+06 3.585815625932597328e+01
2.453965559713880066e+06 9.537812773181798320e+01
2.453965559841199778e+06 6.509283142618535578e+01
2.453965559968510177e+06 8.496327470362666645e+01
2.453965560095820110e+06 5.065821056256489641e+01
2.453965560223360080e+06 -3.074208810512454093e+01
2.453965560350670014e+06 -4.997302286332702437e+01
2.453965560489320196e+06 6.605209420508515450e+01
2.453965560616639908e+06 1.644450478137657878e+00
2.453965560743830167e+06 -1.534820446260429350e+01
2.453965560871259775e+06 4.997302286332702437e+01
2.453965560998450033e+06 2.169761047540896826e+01
2.453965561125759967e+06 2.699639534939885621e+01
2.453965561253190041e+06 5.266809448027947127e+01
2.453965561380620115e+06 5.426686577845961779e+01
2.453965561508050188e+06 5.979404655219547493e+01
2.453965561646580230e+06 5.001870204328452729e+01
2.453965561773890164e+06 5.728169165503148719e+01
2.453965561901209876e+06 4.147669539297682206e+01
2.453965562029330060e+06 1.676425904099599506e+01
2.453965562155830208e+06 2.941739188664784166e+01
2.453965562283250038e+06 3.672606067835229737e+01
2.453965562410570215e+06 7.308668791538280862e-01
2.453965562537760008e+06 4.490263388908309850e+01
2.453965562665190082e+06 6.152985539020658479e+01
2.453965562827450223e+06 5.093228564222680887e+01
2.453965562965990044e+06 5.504341183757095024e+01
2.453965563093420118e+06 4.038039507420452878e+01
2.453965563220730051e+06 -9.821023688868447010e+00
2.453965563348039985e+06 1.872846377883615521e+00
2.453965563486809842e+06 2.731614960901826805e+01
2.453965563614469953e+06 2.302230669388566753e+01
2.453965563753120136e+06 4.015199917445857380e+01
2.453965563880430069e+06 6.216936390948696101e+01
2.453965564007630106e+06 5.335328217947579788e+01
2.453965564135290217e+06 5.687057903549707305e+01
2.453965564262600150e+06 -1.872846377883615521e+00
2.453965564389910083e+06 6.408788946732806835e+01
2.453965564528440125e+06 5.572859953693345858e+00
2.453965564655759837e+06 -5.344464053939079662e+01
2.453965564784459770e+06 2.343341931342008166e+01
2.453965564910380170e+06 5.417550741854462615e+01
2.453965565038039815e+06 5.435822413820844190e+00
2.453965565176569857e+06 9.638306969079991404e+00
2.453965565303890035e+06 -1.352103726467817779e+01
2.453965565431309864e+06 6.618913174491611073e+01
2.453965565558390226e+06 2.640256601007598647e+01
2.453965565685930196e+06 2.571737831083811088e+01
2.453965565847849939e+06 2.087538523634013998e+01
2.453965565975159872e+06 6.477307716652440206e+01
2.453965566102589946e+06 2.251983571447779653e+01
2.453965566229899880e+06 -3.759396509737862857e+01
2.453965566357209813e+06 1.690129658082695130e+01
2.453965566484520212e+06 -2.384453193295449580e+01
2.453965566611830145e+06 2.475811553193832637e+01
2.453965566739149857e+06 2.224576063477433863e+01
2.453965566869350150e+06 2.457083089413376001e+03
2.453965567005230114e+06 6.755950714339184060e+01
2.453965567132649943e+06 -1.653586314125003653e+01
2.453965567271419801e+06 -9.729665328953446490e+00
2.453965567398730200e+06 -3.138159662440491360e+01
2.453965567526159808e+06 -3.869026541610937642e+01
2.453965567653589882e+06 -1.932229311807593675e+01
2.453965567792360205e+06 2.420996537248986336e+00
2.453965567919670139e+06 -9.135835989838300142e-01
2.453965568046980072e+06 1.091732400759918953e+01
2.453965568174169865e+06 -2.836677074783305841e+01
2.453965568301599938e+06 -3.878162377602437516e+01
2.453965568428909872e+06 -4.028903671428953004e+01
2.453965568556219805e+06 -5.892614213316914373e+01
2.453965568683530204e+06 -2.946307106660534458e+01
2.453965568810729776e+06 -1.256177448573684607e+01
2.453965568938040175e+06 -6.491011470639689662e+01
2.453965569065580145e+06 4.732363042633208039e+01
2.453965569204350002e+06 -6.121010113058717117e+00
2.453965569331659935e+06 -4.111126195344144696e-01
2.453965569458969869e+06 -3.937545311534724846e+01
2.453965569586290047e+06 4.015199917445857380e+01
2.453965569713369943e+06 -1.644450478137657878e+00
2.453965569840789773e+06 1.932229311807593675e+01
2.453965569968219846e+06 -3.960384901509320343e+01
2.453965570095529780e+06 -6.166689293016218265e+00
2.453965570222959854e+06 6.303726832847174499e+00
2.453965570352930110e+06 -4.554214240836346050e+01
2.453965570488919970e+06 1.342967890476317727e+01
2.453965570616229903e+06 1.845438869909115098e+01
2.453965570743539836e+06 8.953119269842117589e+00
2.453965570871199947e+06 -3.060505056529358558e+00
2.453965570998509880e+06 -1.534820446260429350e+01
2.453965571137050167e+06 -2.982850450618225580e+01
2.453965571264479775e+06 -6.358541848787865547e+01
2.453965571392020211e+06 -3.215814268351623895e+01
2.453965571519330144e+06 -3.197542596372778334e+01
2.453965571657869965e+06 -3.613223133902943118e+01
2.453965571785179898e+06 -6.851876992212544870e+00
2.453965571912609972e+06 -2.357045685325103790e+01
2.453965572039800230e+06 -2.192600637503029137e+00
2.453965572167229839e+06 1.242473694590589162e+01
2.453965572294539772e+06 -4.225324145208815452e+01
2.453965572422780097e+06 -1.639882560141908030e+01
2.453965572549399920e+06 -2.640256601007598647e+01
2.453965572688050102e+06 1.630746724150407800e+01
2.453965572815360036e+06 -2.973714614626725705e+01
2.453965572942669969e+06 -1.110004072742919057e+01
2.453965573069870006e+06 -8.176573210730788688e+00
2.453965573197179940e+06 1.205930350632897685e+01
2.453965573324489873e+06 -7.495953429496975673e+01
2.453965573451799806e+06 -2.781862058846768448e+01
2.453965573579229880e+06 -2.937171270669034229e+01
2.453965573706420138e+06 -3.005690040592821433e+01
2.453965573834079783e+06 -6.710271534389993064e+01
2.453965573972620070e+06 -4.065447015390799379e+01
2.453965574088700116e+06 -4.051743261403548502e+01
2.453965574227360077e+06 1.968772655765285151e+01
2.453965574354670011e+06 -3.425938496106272435e+00
2.453965574481979944e+06 9.821023688868447010e+00
2.453965574609170202e+06 -2.425564455248891349e+01
2.453965574748060200e+06 -1.210498268628647800e+01
2.453965574875480030e+06 -4.677548026696671002e+01
2.453965575002680067e+06 -4.449152126954867725e+01
2.453965575130110141e+06 -7.208174595827040321e+01
2.453965575257420074e+06 -5.655082477587765766e+01
2.453965575384730007e+06 -3.421370578118831673e+01
2.453965575511930045e+06 5.116068154201431462e+00
2.453965575639349874e+06 -3.243221776321970395e+01
2.453965575766549911e+06 -6.760518632330780520e+01
2.453965575894900132e+06 -1.412857035797583478e+02
2.453965576021519955e+06 -3.019393794575917056e+01
2.453965576148829889e+06 -9.350528135393437879e+01
2.453965576287480071e+06 -2.708775370927231307e+01
2.453965576414790004e+06 -4.855696828493531569e+01
2.453965576541990042e+06 1.036917384823381916e+01
2.453965576669179834e+06 8.222252390688289836e+00
2.453965576796730049e+06 -3.179270924393932773e+01
2.453965576924039982e+06 -2.503219061160023884e+01
2.453965577051229775e+06 -3.837051115648996102e+01
2.453965577178540174e+06 -4.019767835441607673e+01
2.453965577306199819e+06 1.854574705896460785e+01
2.453965577444740105e+06 -6.522986896601631202e+01
2.453965577571940143e+06 -4.828289320523186490e+01
2.453965577699710149e+06 -8.542006650307703453e+00
2.453965577838249970e+06 -3.028529630563262742e+01
2.453965577965669800e+06 -1.964204737757071717e+00
2.453965578092869837e+06 -4.435448372967617559e+01
2.453965578220179770e+06 -3.097048400487049946e+01
2.453965578347609844e+06 -1.270337994359263547e+02
2.453965578475149814e+06 -4.828289320523186490e+01
2.453965578602460213e+06 -2.420996537253141057e+01
2.453965578729659785e+06 -2.165193129545146533e+01
2.453965578857080080e+06 -3.284333038275411809e+01
2.453965578995740041e+06 -9.081020973702347021e+01
2.453965579123049974e+06 -7.454842167543533549e+01
2.453965579250240233e+06 -2.923467516698401880e+00
2.453965579378129914e+06 -3.622358969890289160e+01
2.453965579504869878e+06 -2.009883917718726565e+01
2.453965579632290173e+06 -5.755576673473493798e+01
2.453965579759839922e+06 4.065447015386644658e+00
2.453965579887149855e+06 2.955442942647879789e+01
2.453965580025679898e+06 -4.604461338777133506e+01
2.453965580153000075e+06 -4.289274997136851653e+01
2.453965580280419905e+06 2.101242277629573163e+00
2.453965580419190228e+06 -3.553840199970655789e+01
2.453965580546500161e+06 2.978282532622475642e+01
2.453965580673810095e+06 -3.343715972207698428e+01
2.453965580801240169e+06 -5.920021721287260164e+01
2.453965580940010026e+06 -1.205930350632897685e+01
2.453965581067319959e+06 -2.283958997409720837e+01
2.453965581194859929e+06 -4.339522095077639108e+01
2.453965581333629787e+06 5.892614213312759475e+00
2.453965581461519934e+06 1.274449120556684889e+01
2.453965581588140223e+06 -4.298410833124196984e+01
2.453965581715450156e+06 -3.197542596372778334e+01
