NOAO/IRAF V2.12.2-EXPORT lemoen@lemoen-desktop Wed 13:16:56 10-Oct-2007
Sensitivity function for aperture 1:
Fitting function is spline3 of order 3 with 50 points and RMS of 0.0162.
       Image Airmass  Points   Shift RMS Fit   Dev 1   Dev 2   Dev 3
        EG21   1.296      50  0.0000  0.0160  0.0000  0.0025 -0.0022

  Lambda     Fit     Avg   Resid  SD Avg     N     Ext    Dext
 4000.00  38.352  38.318 -0.0334  0.0000     1  0.3891  0.0000
 4050.00  38.447  38.453  0.0056  0.0000     1  0.3761  0.0000
 4100.00  38.536  38.525 -0.0112  0.0000     1  0.3613  0.0000
 4150.00  38.619  38.668  0.0491  0.0000     1  0.3455  0.0000
 4200.00  38.697  38.731  0.0347  0.0000     1  0.3288  0.0000
 4250.00  38.768  38.784  0.0152  0.0000     1  0.3115  0.0000
 4300.00  38.835  38.832 -0.0032  0.0000     1  0.3011  0.0000
 4350.00  38.897  38.860 -0.0364  0.0000     1  0.2918  0.0000
 4400.00  38.954  38.944 -0.0097  0.0000     1  0.2823  0.0000
 4450.00  39.007  38.983 -0.0242  0.0000     1  0.2727  0.0000
 4500.00  39.056  39.043 -0.0127  0.0000     1  0.2630  0.0000
 4550.00  39.101  39.104  0.0028  0.0000     1  0.2531  0.0000
 4600.00  39.144  39.151  0.0078  0.0000     1  0.2452  0.0000
 4650.00  39.183  39.194  0.0117  0.0000     1  0.2385  0.0000
 4700.00  39.219  39.228  0.0093  0.0000     1  0.2317  0.0000
 4750.00  39.253  39.248 -0.0050  0.0000     1  0.2248  0.0000
 5200.00  39.502  39.472 -0.0292  0.0000     1  0.1752  0.0000
 5250.00  39.526  39.514 -0.0111  0.0000     1  0.1711  0.0000
 5300.00  39.549  39.546 -0.0026  0.0000     1  0.1666  0.0000
 5350.00  39.572  39.586  0.0140  0.0000     1  0.1616  0.0000
 5400.00  39.594  39.615  0.0210  0.0000     1  0.1561  0.0000
 5450.00  39.616  39.632  0.0159  0.0000     1  0.1503  0.0000
 5500.00  39.637  39.645  0.0078  0.0000     1  0.1445  0.0000
 5550.00  39.658  39.659  0.0006  0.0000     1  0.1402  0.0000
 5600.00  39.679  39.678 -0.0006  0.0000     1  0.1410  0.0000
 5650.00  39.699  39.688 -0.0107  0.0000     1  0.1450  0.0000
 5700.00  39.718  39.706 -0.0120  0.0000     1  0.1502  0.0000
 5750.00  39.738  39.752  0.0144  0.0000     1  0.1553  0.0000
 5800.00  39.757  39.756 -0.0010  0.0000     1  0.1589  0.0000
 5850.00  39.775  39.781  0.0052  0.0000     1  0.1600  0.0000
 5900.00  39.794  39.803  0.0097  0.0000     1  0.1588  0.0000
 5950.00  39.812  39.830  0.0184  0.0000     1  0.1565  0.0000
 6100.00  39.865  39.847 -0.0172  0.0000     1  0.1459  0.0000
 6150.00  39.882  39.863 -0.0186  0.0000     1  0.1407  0.0000
 6200.00  39.898  39.883 -0.0148  0.0000     1  0.1354  0.0000
 6250.00  39.914  39.907 -0.0080  0.0000     1  0.1300  0.0000
 6300.00  39.930  39.923 -0.0075  0.0000     1  0.1246  0.0000
 6350.00  39.946  39.943 -0.0027  0.0000     1  0.1193  0.0000
 6400.00  39.960  39.962  0.0015  0.0000     1  0.1139  0.0000
 6450.00  39.975  39.978  0.0031  0.0000     1  0.1085  0.0000
 6500.00  39.988  39.994  0.0059  0.0000     1  0.1030  0.0000
 6550.00  40.001  39.994 -0.0070  0.0000     1  0.0975  0.0000
 6600.00  40.014  40.028  0.0142  0.0000     1  0.0920  0.0000
 6650.00  40.025  40.032  0.0071  0.0000     1  0.0863  0.0000
 6700.00  40.036  40.063  0.0269  0.0000     1  0.0806  0.0000
 6750.00  40.046  40.042 -0.0035  0.0000     1  0.0750  0.0000
 6800.00  40.055  40.052 -0.0026  0.0000     1  0.0705  0.0000
 6850.00  40.063  40.046 -0.0171  0.0000     1  0.0695  0.0000
 6900.00  40.070  40.074  0.0036  0.0000     1  0.0692  0.0000
 6950.00  40.077  40.073 -0.0035  0.0000     1  0.0690  0.0000

