1.3256559	0.0048	12.2221
1.3257254	-0.0002	12.2221
1.3257948	-0.0032	12.2221
1.3258643	-0.0095	12.2221
1.3259337	-0.0068	12.2221
1.3260031	-0.0042	12.222
1.3260726	-0.0015	12.222
1.326142	-0.001	12.2219
1.3262115	-0.0008	12.2218
1.3262809	0.0014	12.2217
1.3263504	0.0066	12.2216
1.3264198	0.0047	12.2215
1.3264893	-0.0047	12.2214
1.3265587	0.0038	12.2212
1.3266281	-0.0072	12.221
1.3266976	-0.0088	12.2209
1.326767	-0.0065	12.2207
1.3268365	-0.0069	12.2205
1.3269059	-0.0091	12.2202
1.3269754	0.0049	12.22
1.3270448	-0.0032	12.2197
1.3271143	-0.0029	12.2195
1.3271837	-0.0139	12.2192
1.3272531	-0.0062	12.2189
1.3273226	0.0039	12.2186
1.327392	0.002	12.2183
1.3274615	-0.0111	12.218
1.3275309	-0.0063	12.2177
1.3276004	-0.0014	12.2173
1.3276698	-0.0008	12.217
1.3277393	-0.0048	12.2166
1.3278087	-0.0107	12.2162
1.3278781	-0.0003	12.2158
1.3279476	0.0005	12.2155
1.328017	0.0026	12.215
1.3280865	-0.0021	12.2146
1.3281559	0.0057	12.2142
1.3282254	-0.0068	12.2138
1.3282948	-0.0078	12.2133
1.3283643	0.0061	12.2129
1.3284337	-0.0	12.2124
1.3285031	0.0088	12.2119
1.3285726	0.0033	12.2115
1.328642	0.009	12.211
1.3287115	0.0169	12.2105
1.3287809	0.0079	12.21
1.3288504	0.0035	12.2095
1.3289198	0.0111	12.209
1.3289893	0.0086	12.2084
1.3290587	0.0188	12.2079
1.3291281	0.0051	12.2074
1.3291976	0.0017	12.2068
1.329267	0.0078	12.2063
1.3293365	0.0138	12.2057
1.3294059	0.0076	12.2052
1.3294754	0.0136	12.2046
1.3295448	0.0136	12.204
1.3296143	0.0055	12.2034
1.3296837	0.0058	12.2029
1.3297531	0.0004	12.2023
1.3298226	0.0139	12.2017
1.329892	0.0149	12.2011
1.3299615	0.0132	12.2005
1.3300309	0.0171	12.1999
1.3301004	0.0212	12.1992
1.3301698	0.014	12.1986
1.3302393	0.0168	12.198
1.3303087	0.0205	12.1974
1.3303781	0.0072	12.1968
1.3304476	0.0063	12.1961
1.330517	-0.0019	12.1955
1.3305865	0.0051	12.1949
1.3306559	-0.0005	12.1942
1.3307254	0.0039	12.1936
1.3307948	0.0052	12.193
1.3308643	-0.0043	12.1923
1.3309337	0.0065	12.1917
1.3310031	0.0074	12.191
1.3310726	-0.0016	12.1904
1.331142	0.0064	12.1898
1.3312115	0.0069	12.1891
1.3312809	0.018	12.1885
1.3313504	0.0065	12.1878
1.3314198	-0.0005	12.1872
1.3314893	0.0054	12.1865
1.3315587	-0.0012	12.1859
1.3316281	-0.0028	12.1852
1.3316976	0.0029	12.1846
1.331767	-0.0012	12.1839
1.3318365	-0.0065	12.1833
1.3319059	-0.0129	12.1826
1.3319754	-0.0026	12.182
1.3320448	0.0039	12.1814
1.3321143	0.0093	12.1807
1.3321837	0.0059	12.1801
1.3322531	0.0053	12.1795
1.3323226	0.0012	12.1788
1.332392	0.0092	12.1782
1.3324615	0.0043	12.1776
1.3325309	0.0024	12.1769
1.3326004	0.0064	12.1763
1.3326698	-0.0084	12.1757
1.3327393	0.007	12.1751
1.3328087	0.0082	12.1745
1.3328781	-0.0023	12.1739
1.3329476	-0.0009	12.1733
1.333017	0.0023	12.1727
1.3330865	0.0101	12.1721
1.3331559	0.0048	12.1715
1.3332254	0.0044	12.1709
1.3332948	0.0041	12.1704
1.3333643	0.0043	12.1698
1.3334337	-0.0059	12.1692
1.3335031	-0.0035	12.1687
1.3335726	-0.0018	12.1681
1.333642	0.0002	12.1676
1.3337115	-0.0022	12.167
1.3337809	-0.0088	12.1665
1.3338504	-0.0158	12.166
1.3339198	-0.0062	12.1655
1.3339893	-0.0088	12.1649
1.3340587	-0.0188	12.1644
1.3341281	-0.0189	12.1639
1.3341976	-0.0221	12.1635
1.334267	-0.0237	12.163
1.3343365	-0.0219	12.1625
1.3344059	-0.0097	12.162
1.3344754	-0.0094	12.1616
1.3345448	-0.0067	12.1611
1.3346143	0.0022	12.1607
1.3346837	-0.0039	12.1602
1.3347531	0.0002	12.1598
1.3348226	0.0074	12.1594
1.334892	0.001	12.159
1.3349615	0.0002	12.1585
1.3350309	0.0037	12.1581
1.3351004	-0.0092	12.1577
1.3351698	-0.012	12.1574
1.3352393	-0.0078	12.157
1.3353087	-0.0068	12.1566
1.3353781	-0.0113	12.1562
1.3354476	-0.0089	12.1559
1.335517	-0.0027	12.1555
1.3355865	0.0014	12.1552
1.3356559	-0.0012	12.1548
1.3357254	-0.0042	12.1545
1.3357948	-0.0086	12.1541
1.3358643	-0.0103	12.1538
1.3359337	-0.0125	12.1535
1.3360031	-0.0048	12.1532
1.3360726	0.001	12.1529
1.336142	-0.0057	12.1526
1.3362115	-0.0086	12.1523
1.3362809	-0.0064	12.152
1.3363504	-0.0046	12.1517
1.3364198	0.0009	12.1514
1.3364893	0.001	12.1511
1.3365587	-0.0045	12.1509
1.3366281	-0.0092	12.1506
1.3366976	-0.0052	12.1503
1.336767	-0.0076	12.1501
1.3368365	0.0007	12.1498
1.3369059	-0.0103	12.1496
1.3369754	0.0159	12.1494
1.3370448	0.0146	12.1491
1.3371143	0.0099	12.1489
1.3371837	0.0076	12.1487
1.3372531	0.0078	12.1485
1.3373226	0.0118	12.1483
1.337392	0.0111	12.148
1.3374615	0.0052	12.1478
1.3375309	0.0094	12.1476
1.3376004	0.0119	12.1475
1.3376698	-0.0042	12.1473
1.3377393	0.0106	12.1471
1.3378087	0.0088	12.1469
1.3378781	0.0051	12.1467
1.3379476	-0.0052	12.1466
1.338017	0.005	12.1464
1.3380865	0.0088	12.1462
1.3381559	-0.0022	12.1461
1.3382254	0.0118	12.1459
1.3382948	0.0233	12.1458
1.3383643	0.0342	12.1456
1.3384337	0.0291	12.1455
1.3385031	0.013	12.1453
1.3385726	0.0229	12.1452
1.338642	0.0202	12.1451
1.3387115	0.0209	12.145
1.3387809	0.0111	12.1448
1.3388504	0.023	12.1447
1.3389198	0.0168	12.1446
1.3389893	0.0138	12.1445
1.3390587	0.0027	12.1444
1.3391281	0.0121	12.1443
1.3391976	0.0149	12.1442
1.339267	0.0121	12.1441
1.3393365	0.0083	12.144
1.3394059	0.0124	12.1439
1.3394754	0.0102	12.1438
1.3395448	0.0078	12.1437
1.3396143	0.0002	12.1436
1.3396837	0.0085	12.1436
1.3397531	0.0065	12.1435
1.3398226	0.0163	12.1434
1.339892	0.0016	12.1433
1.3399615	0.0081	12.1433
1.3400309	0.0025	12.1432
1.3401004	-0.0118	12.1431
1.3401698	-0.0136	12.1431
1.3402393	-0.0051	12.143
1.3403087	-0.003	12.143
1.3403781	-0.0065	12.1429
1.3404476	-0.0092	12.1429
1.340517	-0.0057	12.1428
1.3405865	-0.0023	12.1428
1.3406559	-0.0002	12.1427
1.3407254	-0.0054	12.1427
1.3407948	-0.0019	12.1426
1.3408643	-0.005	12.1426
1.3409337	-0.0083	12.1426
1.3410031	-0.0096	12.1425
1.3410726	0.0024	12.1425
1.341142	-0.0135	12.1425
1.3412115	-0.0114	12.1424
1.3412809	-0.0148	12.1424
1.3413504	-0.0099	12.1424
1.3414198	-0.0141	12.1423
1.3414893	-0.0209	12.1423
1.3415587	-0.0217	12.1423
1.3416281	-0.0201	12.1423
1.3416976	-0.0177	12.1423
1.341767	-0.0155	12.1422
1.3418365	-0.0181	12.1422
1.3419059	-0.012	12.1422
1.3419754	-0.0113	12.1422
1.3420448	-0.0184	12.1422
1.3421143	-0.0044	12.1422
1.3421837	-0.0188	12.1422
1.3422531	-0.0195	12.1421
1.3423226	-0.0248	12.1421
1.342392	-0.0273	12.1421
1.3424615	-0.0307	12.1421
1.3425309	-0.0299	12.1421
1.3426004	-0.0257	12.1421
1.3426698	-0.0167	12.1421
1.3427393	-0.013	12.1421
1.3428087	-0.0092	12.1421
1.3428781	-0.0134	12.1421
1.3429476	-0.0072	12.1421
1.343017	-0.0102	12.142
1.3430865	-0.0051	12.142
1.3431559	-0.0144	12.142
1.3432254	-0.0063	12.142
1.3432948	0.006	12.142
1.3433643	-0.0157	12.142
1.3434337	-0.012	12.142
1.3435031	-0.0105	12.142
1.3435726	-0.0052	12.142
1.343642	-0.0246	12.142
1.3437115	-0.0193	12.142
1.3437809	-0.0189	12.142
1.3438504	-0.0153	12.142
1.3439198	-0.0244	12.1419
1.3439893	-0.0243	12.1419
1.3440587	-0.0174	12.1419
1.3441281	-0.0098	12.1419
1.3441976	-0.0156	12.1419
1.344267	-0.0094	12.1419
1.3443365	-0.0067	12.1419
1.3444059	0.0019	12.1419
1.3444754	0.0077	12.1418
1.3445448	-0.0018	12.1418
1.3446143	-0.0054	12.1418
1.3446837	-0.0138	12.1418
1.3447531	-0.0053	12.1418
1.3448226	-0.0119	12.1417
1.344892	0.0021	12.1417
1.3449615	-0.0035	12.1417
1.3450309	-0.0082	12.1417
1.3451004	-0.022	12.1416
1.3451698	-0.0029	12.1416
1.3452393	0.0037	12.1416
1.3453087	-0.0024	12.1415
1.3453781	-0.0066	12.1415
1.3454476	-0.0049	12.1415
1.345517	0.01	12.1414
1.3455865	0.0044	12.1414
1.3456559	-0.0011	12.1414
1.3457254	0.0129	12.1413
1.3457948	0.017	12.1413
1.3458643	0.0077	12.1412
1.3459337	0.003	12.1412
1.3460031	0.0134	12.1411
1.3460726	0.0044	12.1411
1.346142	0.0032	12.141
1.3462115	-0.0081	12.141
1.3462809	0.0019	12.1409
1.3463504	-0.0004	12.1409
1.3464198	0.002	12.1408
1.3464893	-0.0008	12.1407
1.3465587	0.0021	12.1407
1.3466281	-0.0027	12.1406
1.3466976	0.0025	12.1406
1.346767	-0.0024	12.1405
1.3468365	0.0027	12.1405
1.3469059	0.0094	12.1404
1.3469754	0.0066	12.1403
1.3470448	0.0112	12.1403
1.3471143	0.0096	12.1402
1.3471837	0.0156	12.1401
1.3472531	0.0122	12.1401
1.3473226	0.0093	12.14
1.347392	0.0069	12.14
1.3474615	0.0149	12.1399
1.3475309	0.0191	12.1398
1.3476004	0.02	12.1398
1.3476698	0.0167	12.1397
1.3477393	0.0105	12.1396
1.3478087	0.0174	12.1396
1.3478781	0.0159	12.1395
1.3479476	0.0134	12.1394
1.348017	0.0201	12.1394
1.3480865	0.0161	12.1393
1.3481559	0.0046	12.1392
1.3482254	0.025	12.1392
1.3482948	0.016	12.1391
1.3483643	0.0049	12.1391
1.3484337	0.0181	12.139
1.3485031	0.0217	12.1389
1.3485726	0.0157	12.1389
1.348642	0.0267	12.1388
1.3487115	0.0191	12.1387
1.3487809	0.018	12.1387
1.3488504	0.0235	12.1386
1.3489198	0.0167	12.1386
1.3489893	0.0156	12.1385
1.3490587	0.0212	12.1385
1.3491281	0.0125	12.1384
1.3491976	0.0118	12.1383
1.349267	0.008	12.1383
1.3493365	0.0092	12.1382
1.3494059	0.0012	12.1382
1.3494754	0.0042	12.1381
1.3495448	0.0159	12.1381
1.3496143	0.0019	12.138
1.3496837	0.0084	12.138
1.3497531	0.0104	12.1379
1.3498226	0.0107	12.1379
1.349892	0.0081	12.1379
1.3499615	0.0076	12.1378
1.3500309	-0.0035	12.1378
1.3501004	0.0072	12.1377
1.3501698	0.0157	12.1377
1.3502393	0.0135	12.1377
1.3503087	0.0007	12.1376
1.3503781	0.0007	12.1376
1.3504476	0.0041	12.1376
1.350517	0.0061	12.1376
1.3505865	-0.0019	12.1375
1.3506559	0.0066	12.1375
1.3507254	0.0018	12.1375
1.3507948	-0.0064	12.1375
1.3508643	-0.0198	12.1375
1.3509337	-0.0094	12.1374
1.3510031	-0.0145	12.1374
1.3510726	-0.0242	12.1374
1.351142	-0.0137	12.1374
1.3512115	-0.0056	12.1374
1.3512809	0.0019	12.1374
1.3513504	-0.0072	12.1374
1.3514198	-0.0115	12.1374
1.3514893	0.0046	12.1374
1.3515587	-0.0034	12.1374
1.3516281	0.009	12.1374
1.3516976	0.0001	12.1374
1.351767	0.002	12.1375
1.3518365	0.0046	12.1375
1.3519059	0.0043	12.1375
1.3519754	0.0042	12.1375
1.3520448	0.0019	12.1376
1.3521143	0.0073	12.1376
1.3521837	-0.0011	12.1376
1.3522531	-0.0019	12.1377
1.3523226	0.0053	12.1377
1.352392	0.0026	12.1377
1.3524615	-0.0048	12.1378
1.3525309	-0.005	12.1378
1.3526004	0.0026	12.1379
1.3526698	-0.0095	12.1379
1.3527393	-0.0055	12.138
1.3528087	-0.0022	12.1381
1.3528781	-0.0116	12.1381
1.3529476	-0.0118	12.1382
1.353017	-0.0005	12.1383
1.3530865	-0.0054	12.1384
1.3531559	-0.0066	12.1385
1.3532254	0.0033	12.1385
1.3532948	-0.0078	12.1386
1.3533643	-0.0093	12.1387
1.3534337	-0.0093	12.1388
1.3535031	-0.006	12.1389
1.3535726	-0.0038	12.139
1.353642	-0.0018	12.1391
1.3537115	-0.0197	12.1393
1.3537809	-0.0042	12.1394
1.3538504	-0.0134	12.1395
1.3539198	-0.015	12.1396
1.3539893	-0.013	12.1398
1.3540587	-0.007	12.1399
1.3541281	-0.0071	12.14
1.3541976	-0.0046	12.1402
1.354267	0.0032	12.1403
1.3543365	-0.0025	12.1405
1.3544059	-0.0069	12.1406
1.3544754	-0.0072	12.1408
1.3545448	-0.0109	12.141
1.3546143	-0.0073	12.1412
1.3546837	0.0079	12.1413
1.3547531	0.0014	12.1415
1.3548226	-0.002	12.1417
1.354892	-0.0077	12.1419
1.3549615	-0.0095	12.1421
1.3550309	-0.0045	12.1423
1.3551004	-0.0075	12.1425
1.3551698	-0.012	12.1427
1.3552393	-0.0174	12.1429
1.3553087	-0.0058	12.1432
1.3553781	-0.0099	12.1434
1.3554476	-0.0094	12.1436
1.355517	-0.0257	12.1439
1.3555865	-0.0077	12.1441
1.3556559	-0.0068	12.1444
1.3557254	-0.03	12.1446
1.3557948	-0.026	12.1449
1.3558643	-0.0214	12.1452
1.3559337	-0.0239	12.1454
1.3560031	-0.0215	12.1457
1.3560726	-0.0243	12.146
1.356142	-0.0232	12.1463
1.3562115	-0.0205	12.1466
1.3562809	-0.0185	12.1469
1.3563504	-0.0249	12.1472
1.3564198	-0.0252	12.1475
1.3564893	-0.0095	12.1479
1.3565587	-0.017	12.1482
1.3566281	-0.0204	12.1485
1.3566976	-0.0177	12.1489
1.356767	-0.0144	12.1492
1.3568365	-0.0101	12.1496
1.3569059	-0.0017	12.1499
1.3569754	0.0031	12.1503
1.3570448	0.0095	12.1507
1.3571143	-0.0024	12.151
1.3571837	-0.0046	12.1514
1.3572531	-0.0024	12.1518
1.3573226	-0.0053	12.1522
1.357392	-0.0034	12.1526
1.3574615	-0.0052	12.153
1.3575309	-0.0024	12.1534
1.3576004	-0.0017	12.1539
1.3576698	0.0056	12.1543
1.3577393	0.0043	12.1547
1.3578087	0.0128	12.1551
1.3578781	0.0067	12.1556
1.3579476	0.0067	12.156
1.358017	0.003	12.1565
1.3580865	0.0028	12.1569
1.3581559	-0.0098	12.1574
1.3582254	-0.0052	12.1578
1.3582948	-0.0084	12.1583
1.3583643	-0.0141	12.1588
1.3584337	-0.011	12.1593
1.3585031	-0.0218	12.1598
1.3585726	-0.0164	12.1602
1.358642	-0.0078	12.1607
1.3587115	-0.0004	12.1612
1.3587809	-0.004	12.1617
1.3588504	-0.0053	12.1622
1.3589198	-0.0035	12.1628
1.3589893	-0.0058	12.1633
1.3590587	-0.0132	12.1638
1.3591281	-0.0094	12.1643
1.3591976	-0.0112	12.1649
1.359267	-0.0002	12.1654
1.3593365	-0.0078	12.1659
1.3594059	-0.0235	12.1665
1.3594754	-0.0119	12.167
1.3595448	-0.0182	12.1676
1.3596143	-0.0143	12.1681
1.3596837	-0.0258	12.1687
1.3597531	-0.0051	12.1692
1.3598226	-0.0126	12.1698
1.359892	-0.0203	12.1704
1.3599615	-0.0057	12.171
1.3600309	0.006	12.1715
1.3601004	-0.0026	12.1721
1.3601698	-0.0125	12.1727
1.3602393	-0.008	12.1733
1.3603087	0.0098	12.1739
1.3603781	0.0005	12.1745
1.3604476	-0.011	12.1751
1.360517	-0.0016	12.1757
1.3605865	-0.0117	12.1763
1.3606559	0.0015	12.1769
1.3607254	-0.0092	12.1775
1.3607948	0.0003	12.1781
1.3608643	0.0031	12.1787
1.3609337	0.0044	12.1794
1.3610031	0.0037	12.18
1.3610726	0.0122	12.1806
1.361142	0.0097	12.1812
1.3612115	0.0052	12.1819
1.3612809	0.0023	12.1825
1.3613504	0.0122	12.1831
1.3614198	-0.0048	12.1838
1.3614893	0.0003	12.1844
1.3615587	-0.0077	12.1851
1.3616281	-0.006	12.1857
1.3616976	0.0045	12.1864
1.361767	0.0004	12.187
1.3618365	0.0008	12.1877
1.3619059	0.0047	12.1884
1.3619754	0.0212	12.189
1.3620448	0.0219	12.1897
1.3621143	0.0154	12.1903
1.3621837	0.0178	12.191
1.3622531	0.0222	12.1917
1.3623226	0.0212	12.1924
1.362392	0.0228	12.193
1.3624615	0.0166	12.1937
1.3625309	0.0265	12.1944
1.3626004	0.0175	12.1951
1.3626698	0.0187	12.1957
1.3627393	0.0204	12.1964
1.3628087	0.0284	12.1971
1.3628781	0.0299	12.1978
1.3629476	0.0211	12.1985
1.363017	0.0162	12.1992
1.3630865	0.0193	12.1999
1.3631559	0.009	12.2006
1.3632254	0.0071	12.2013
1.3632948	0.0258	12.2019
1.3633643	0.0249	12.2026
1.3634337	0.0179	12.2033
1.3635031	0.0066	12.204
1.3635726	0.0271	12.2047
1.363642	0.0257	12.2054
1.3637115	0.0247	12.2061
1.3637809	0.0259	12.2068
1.3638504	0.0182	12.2076
1.3639198	0.0235	12.2083
1.3639893	0.0155	12.209
1.3640587	0.0138	12.2097
1.3641281	0.019	12.2104
1.3641976	0.0173	12.2111
1.364267	0.0239	12.2118
1.3643365	0.0234	12.2125
1.3644059	0.0141	12.2132
1.3644754	0.024	12.2139
1.3645448	0.0043	12.2146
1.3646143	0.0076	12.2153
1.3646837	0.0165	12.2161
1.3647531	0.0074	12.2168
1.3648226	0.0152	12.2175
1.364892	0.0111	12.2182
1.3649615	0.0222	12.2189
1.3650309	0.0108	12.2196
1.3651004	0.0112	12.2203
1.3651698	0.0071	12.221
1.3652393	0.0069	12.2217
1.3653087	0.0106	12.2225
1.3653781	0.0006	12.2232
1.3654476	0.0057	12.2239
1.365517	-0.0056	12.2246
1.3655865	-0.0024	12.2253
1.3656559	-0.0038	12.226
1.3657254	-0.0013	12.2267
1.3657948	-0.0099	12.2274
1.3658643	0.0006	12.2281
1.3659337	-0.0048	12.2288
1.3660031	-0.0057	12.2296
1.3660726	0.0	12.2303
1.366142	0.0075	12.231
1.3662115	0.0062	12.2317
1.3662809	0.0096	12.2324
1.3663504	0.0115	12.2331
1.3664198	0.0113	12.2338
1.3664893	0.0104	12.2345
1.3665587	0.01	12.2352
1.3666281	0.0008	12.2359
1.3666976	-0.0049	12.2366
1.366767	-0.0151	12.2373
1.3668365	-0.0148	12.238
1.3669059	-0.0001	12.2387
1.3669754	-0.009	12.2394
1.3670448	-0.0148	12.2401
1.3671143	-0.0194	12.2407
1.3671837	-0.0149	12.2414
1.3672531	-0.013	12.2421
1.3673226	-0.0087	12.2428
1.367392	-0.0093	12.2435
1.3674615	0.0027	12.2442
1.3675309	-0.0122	12.2448
1.3676004	-0.0226	12.2455
1.3676698	-0.0065	12.2462
1.3677393	-0.0102	12.2469
1.3678087	-0.0008	12.2475
1.3678781	-0.0126	12.2482
1.3679476	-0.0169	12.2489
1.368017	-0.0164	12.2496
1.3680865	-0.0218	12.2502
1.3681559	-0.0246	12.2509
1.3682254	-0.0192	12.2515
1.3682948	-0.0175	12.2522
1.3683643	-0.0225	12.2528
1.3684337	-0.0172	12.2535
1.3685031	-0.0096	12.2541
1.3685726	-0.0078	12.2548
1.368642	-0.0237	12.2554
1.3687115	-0.0251	12.2561
1.3687809	-0.0082	12.2567
1.3688504	-0.0101	12.2574
1.3689198	-0.011	12.258
1.3689893	-0.01	12.2586
1.3690587	-0.0065	12.2592
1.3691281	-0.0072	12.2599
1.3691976	-0.004	12.2605
1.369267	-0.0071	12.2611
1.3693365	-0.0017	12.2617
1.3694059	0.0017	12.2623
1.3694754	-0.0195	12.2629
1.3695448	-0.0049	12.2635
1.3696143	-0.0135	12.2641
1.3696837	-0.0059	12.2647
1.3697531	-0.0165	12.2653
1.3698226	-0.0126	12.2659
1.369892	-0.0007	12.2665
1.3699615	-0.0012	12.2671
1.3700309	-0.0076	12.2676
1.3701004	-0.0019	12.2682
1.3701698	0.0001	12.2688
1.3702393	-0.0051	12.2693
1.3703087	-0.0074	12.2699
1.3703781	-0.0019	12.2705
1.3704476	0.0016	12.271
1.370517	-0.0092	12.2716
1.3705865	-0.0035	12.2721
1.3706559	0.0008	12.2726
1.3707254	-0.005	12.2732
1.3707948	-0.0043	12.2737
1.3708643	-0.0057	12.2742
1.3709337	-0.0073	12.2747
1.3710031	0.0018	12.2752
1.3710726	0.0052	12.2757
1.371142	0.006	12.2763
1.3712115	0.0162	12.2767
1.3712809	0.0114	12.2772
1.3713504	0.0084	12.2777
1.3714198	0.0031	12.2782
1.3714893	0.0086	12.2787
1.3715587	0.005	12.2792
1.3716281	0.0124	12.2796
1.3716976	0.0017	12.2801
1.371767	0.0065	12.2805
1.3718365	0.0103	12.281
1.3719059	0.0063	12.2814
1.3719754	0.0006	12.2819
1.3720448	0.0047	12.2823
1.3721143	0.0034	12.2827
1.3721837	-0.0031	12.2831
1.3722531	-0.0021	12.2836
1.3723226	0.0065	12.284
1.372392	0.0088	12.2844
1.3724615	-0.0033	12.2848
1.3725309	-0.0107	12.2852
1.3726004	0.005	12.2855
1.3726698	-0.0109	12.2859
1.3727393	-0.009	12.2863
1.3728087	-0.013	12.2866
1.3728781	0.0005	12.287
1.3729476	-0.0034	12.2874
1.373017	-0.0067	12.2877
1.3730865	-0.0092	12.288
1.3731559	-0.0032	12.2884
1.3732254	-0.0064	12.2887
1.3732948	-0.0041	12.289
1.3733643	0.0004	12.2893
1.3734337	-0.0005	12.2896
1.3735031	0.0115	12.2899
1.3735726	0.0019	12.2902
1.373642	-0.0007	12.2905
1.3737115	-0.0006	12.2907
1.3737809	0.0026	12.291
1.3738504	-0.0038	12.2913
1.3739198	0.0004	12.2915
1.3739893	0.0037	12.2918
1.3740587	-0.001	12.292
1.3741281	0.01	12.2923
1.3741976	0.011	12.2925
1.374267	0.0142	12.2927
1.3743365	0.0142	12.293
1.3744059	0.0102	12.2932
1.3744754	0.0111	12.2934
1.3745448	0.0186	12.2936
1.3746143	0.0195	12.2938
1.3746837	0.0151	12.294
1.3747531	0.0169	12.2942
1.3748226	0.0175	12.2944
1.374892	0.0156	12.2946
1.3749615	0.0192	12.2948
1.3750309	0.0032	12.295
1.3751004	0.0123	12.2952
1.3751698	0.0151	12.2954
1.3752393	0.015	12.2955
1.3753087	0.0066	12.2957
1.3753781	0.0083	12.2959
1.3754476	0.0144	12.2961
1.375517	0.0055	12.2962
1.3755865	0.0176	12.2964
1.3756559	-0.0033	12.2966
1.3757254	0.0097	12.2967
1.3757948	0.005	12.2969
1.3758643	0.0007	12.2971
1.3759337	0.0014	12.2973
1.3760031	0.0075	12.2974
1.3760726	0.0077	12.2976
1.376142	-0.0016	12.2978
1.3762115	0.0042	12.2979
1.3762809	0.0102	12.2981
1.3763504	0.0039	12.2983
1.3764198	-0.0022	12.2984
1.3764893	0.004	12.2986
1.3765587	0.0092	12.2988
1.3766281	0.0023	12.299
1.3766976	0.0076	12.2991
1.376767	0.0099	12.2993
1.3768365	0.0112	12.2995
1.3769059	0.0028	12.2997
1.3769754	0.005	12.2999
1.3770448	0.0141	12.3001
1.3771143	0.0077	12.3002
1.3771837	0.0049	12.3004
1.3772531	-0.0027	12.3006
1.3773226	-0.0004	12.3008
1.377392	0.0042	12.301
1.3774615	-0.0101	12.3013
1.3775309	0.0022	12.3015
1.3776004	-0.0072	12.3017
1.3776698	0.0082	12.3019
1.3777393	0.0069	12.3021
1.3778087	-0.001	12.3024
1.3778781	0.0079	12.3026
1.3779476	0.0188	12.3028
1.378017	-0.0053	12.3031
1.3780865	0.0023	12.3033
1.3781559	0.0068	12.3036
1.3782254	0.0138	12.3039
1.3782948	0.0121	12.3041
1.3783643	0.0015	12.3044
1.3784337	0.0045	12.3047
1.3785031	0.0065	12.305
1.3785726	-0.0053	12.3053
1.378642	0.0018	12.3056
1.3787115	0.0023	12.3059
1.3787809	-0.0008	12.3062
1.3788504	-0.0073	12.3065
1.3789198	-0.0021	12.3069
1.3789893	-0.0079	12.3072
1.3790587	-0.0051	12.3076
1.3791281	-0.0045	12.3079
1.3791976	0.004	12.3083
1.379267	0.0108	12.3087
1.3793365	0.0132	12.309
1.3794059	0.0052	12.3094
1.3794754	0.0031	12.3098
1.3795448	-0.0022	12.3102
1.3796143	0.0047	12.3106
1.3796837	-0.0017	12.311
1.3797531	-0.0048	12.3114
1.3798226	-0.0042	12.3119
1.379892	-0.0047	12.3123
1.3799615	-0.0121	12.3127
1.3800309	-0.0112	12.3131
1.3801004	-0.0128	12.3136
1.3801698	-0.0121	12.314
1.3802393	-0.0275	12.3144
1.3803087	-0.0233	12.3149
1.3803781	-0.0148	12.3153
1.3804476	-0.0119	12.3158
1.380517	-0.0068	12.3162
1.3805865	-0.0112	12.3166
1.3806559	-0.0179	12.3171
1.3807254	-0.0137	12.3175
1.3807948	-0.0133	12.3179
1.3808643	-0.0133	12.3184
1.3809337	-0.0174	12.3188
1.3810031	-0.0204	12.3192
1.3810726	-0.0221	12.3197
1.381142	-0.0118	12.3201
1.3812115	-0.0108	12.3205
1.3812809	-0.0069	12.3209
1.3813504	-0.0137	12.3213
1.3814198	-0.0084	12.3217
1.3814893	-0.0044	12.3221
1.3815587	-0.0076	12.3225
1.3816281	-0.0087	12.3229
1.3816976	-0.0084	12.3233
1.381767	-0.0031	12.3237
1.3818365	-0.0062	12.324
1.3819059	-0.0155	12.3244
1.3819754	-0.0083	12.3248
1.3820448	0.0048	12.3251
1.3821143	-0.0016	12.3254
1.3821837	-0.0085	12.3258
1.3822531	0.0051	12.3261
1.3823226	0.0028	12.3264
1.382392	0.0098	12.3267
1.3824615	-0.0011	12.327
1.3825309	0.0114	12.3272
1.3826004	0.0038	12.3275
1.3826698	0.0095	12.3278
1.3827393	0.0059	12.328
1.3828087	0.0092	12.3282
1.3828781	0.0183	12.3284
1.3829476	0.0172	12.3286
1.3830865	0.0145	12.329
1.3831559	0.0244	12.3291
1.3832254	0.0194	12.3293
1.3832948	0.0196	12.3294
1.3833643	0.0173	12.3295
1.3834337	0.0261	12.3296
1.3835031	0.0278	12.3297
1.3835726	0.0236	12.3297
1.383642	0.0194	12.3298
1.3837115	0.0309	12.3298
1.3837809	0.0322	12.3298
1.3838504	0.0332	12.3298
1.3839198	0.023	12.3298
1.3839893	0.0182	12.3297
1.3840587	0.023	12.3296
1.3841281	0.011	12.3296
1.3841976	0.019	12.3294
1.384267	0.0154	12.3293
1.3843365	0.0282	12.3291
1.3844059	0.0127	12.329
1.3844754	0.0197	12.3288
1.3845448	0.0196	12.3285
1.3846143	0.0236	12.3283
1.3846837	0.0196	12.328
1.3847531	0.0093	12.3277
1.3848226	0.0225	12.3274
1.384892	0.0159	12.3271
1.3849615	0.0192	12.3267
1.3850309	0.0142	12.3263
1.3851004	0.0192	12.3259
1.3851698	0.0122	12.3255
1.3852393	0.0134	12.3251
1.3853087	0.0095	12.3246
1.3853781	0.0289	12.3241
1.3854476	0.0192	12.3236
1.385517	0.0195	12.3231
1.3855865	0.0204	12.3225
1.3856559	0.0073	12.322
1.3857254	0.0062	12.3214
1.3857948	0.0104	12.3208
1.3859337	0.0055	12.3196
1.3860031	-0.0	12.3189
1.3860726	-0.007	12.3183
1.386142	-0.004	12.3176
1.3862115	-0.0021	12.3169
1.3862809	-0.0045	12.3163
1.3863504	-0.0081	12.3155
1.3864198	-0.0145	12.3148
1.3864893	-0.0099	12.3141
1.3865587	-0.0097	12.3134
1.3866281	-0.011	12.3126
1.3866976	-0.0149	12.3119
1.386767	-0.003	12.3111
1.3868365	-0.0105	12.3104
1.3869059	-0.0126	12.3096
1.3869754	-0.0225	12.3088
1.3870448	-0.0282	12.308
1.3871143	-0.0275	12.3072
1.3871837	-0.0309	12.3064
1.3872531	-0.0263	12.3056
1.3873226	-0.0271	12.3048
1.387392	-0.0331	12.304
1.3874615	-0.029	12.3032
1.3875309	-0.0378	12.3024
1.3876004	-0.0291	12.3016
1.3876698	-0.0308	12.3007
1.3877393	-0.0293	12.2999
1.3878087	-0.0198	12.2991
1.3878781	-0.0179	12.2983
1.3879476	-0.0368	12.2975
1.388017	-0.0299	12.2967
1.3880865	-0.0309	12.2958
1.3881559	-0.0302	12.295
1.3882254	-0.0264	12.2942
1.3882948	-0.0234	12.2934
1.3883643	-0.0201	12.2926
1.3884337	-0.0135	12.2918
1.3885726	-0.0241	12.2903
1.388642	-0.0119	12.2895
1.3887115	-0.0138	12.2887
1.3887809	-0.0214	12.288
1.3888504	-0.0224	12.2872
1.3889198	-0.0151	12.2865
1.3889893	-0.0153	12.2857
1.3890587	-0.0143	12.285
1.3891281	-0.0114	12.2843
1.3891976	-0.0054	12.2836
1.389267	-0.0171	12.2829
1.3893365	-0.0177	12.2822
1.3894059	-0.016	12.2815
1.3894754	-0.0141	12.2809
1.3895448	-0.0126	12.2802
1.3896143	-0.0186	12.2796
1.3896837	-0.0004	12.279
1.3897531	-0.0071	12.2784
1.3898226	-0.0172	12.2778
1.389892	-0.0032	12.2773
1.3899615	-0.0016	12.2767
1.3900309	0.0058	12.2762
1.3901004	-0.0027	12.2757
1.3901698	0.0071	12.2752
1.3902393	0.013	12.2747
1.3903087	0.0042	12.2743
1.3903781	0.0067	12.2738
1.3904476	0.0153	12.2734
1.390517	0.0226	12.273
1.3905865	0.0142	12.2727
1.3906559	0.0092	12.2723
1.3907254	0.0153	12.272
1.3907948	0.0105	12.2717
1.3908643	0.0054	12.2714
1.3909337	0.0125	12.2712
1.3910031	0.0109	12.2709
1.3910726	-0.0023	12.2707
1.391142	0.0095	12.2705
1.3912115	-0.0021	12.2703
1.3912809	0.002	12.2702
1.3913504	-0.0051	12.27
1.3914198	-0.0009	12.2699
1.3914893	-0.0033	12.2698
1.3915587	0.0037	12.2697
1.3916281	0.0086	12.2696
1.3916976	0.0162	12.2696
1.391767	0.009	12.2696
1.3918365	0.0071	12.2696
1.3919059	0.0336	12.2696
1.3919754	0.0113	12.2696
1.3920448	0.0225	12.2697
1.3921143	0.0062	12.2697
1.3921837	0.0004	12.2698
1.3922531	-0.0048	12.2699
1.3923226	-0.0079	12.27
1.392392	-0.0012	12.2702
1.3924615	-0.0052	12.2703
1.3925309	-0.0078	12.2705
1.3926004	-0.0057	12.2707
1.3926698	-0.003	12.2709
1.3927393	-0.0054	12.2711
1.3928087	-0.0064	12.2713
1.3928781	-0.0055	12.2716
1.3929476	-0.0064	12.2718
1.393017	-0.0026	12.2721
1.3930865	0.0021	12.2724
1.3931559	-0.0063	12.2727
1.3932254	0.0059	12.2731
1.3932948	-0.0113	12.2734
1.3933643	0.0009	12.2738
1.3934337	-0.0002	12.2741
1.3935031	0.0018	12.2745
1.3935726	-0.0044	12.2749
1.393642	-0.0046	12.2754
1.3937115	-0.0055	12.2758
1.3937809	0.001	12.2762
1.3938504	-0.0064	12.2767
1.3939893	-0.0034	12.2776
1.3940587	-0.0099	12.2781
1.3941281	-0.0085	12.2787
1.3941976	-0.0051	12.2792
1.394267	-0.0036	12.2797
1.3943365	-0.0044	12.2803
1.3944059	0.0042	12.2808
1.3944754	-0.0047	12.2814
1.3945448	0.0022	12.282
1.3946143	0.0014	12.2826
1.3946837	0.0029	12.2832
1.3947531	-0.0018	12.2838
1.3948226	-0.0048	12.2845
1.394892	-0.012	12.2851
1.3950309	-0.0142	12.2864
1.3951004	-0.0131	12.2871
1.3951698	-0.0133	12.2878
1.3952393	-0.0172	12.2885
1.3953087	-0.0172	12.2892
1.3953781	-0.0237	12.2899
1.3954476	-0.0182	12.2906
1.395517	-0.0163	12.2914
1.3955865	-0.0033	12.2921
1.3956559	-0.0068	12.2929
1.3957254	-0.0109	12.2937
1.3957948	-0.01	12.2944
1.3958643	-0.01	12.2952
1.3959337	0.0014	12.296
1.3960031	-0.0058	12.2968
1.3960726	0.0038	12.2976
1.396142	-0.0085	12.2984
1.3962115	-0.0136	12.2993
1.3962809	-0.0206	12.3001
1.3963504	-0.0059	12.3009
1.3964198	-0.011	12.3018
1.3964893	-0.0208	12.3026
1.3965587	-0.0075	12.3035
1.3966281	-0.0104	12.3044
1.3966976	-0.0129	12.3053
1.396767	-0.0196	12.3062
1.3968365	-0.0008	12.3071
1.3969059	-0.0087	12.308
1.3969754	-0.0096	12.3089
1.3970448	-0.012	12.3099
1.3971143	-0.008	12.3108
1.3971837	-0.0026	12.3118
1.3972531	-0.0156	12.3128
1.3973226	-0.0061	12.3138
1.397392	-0.007	12.3148
1.3974615	-0.0073	12.3158
1.3976004	-0.0127	12.318
1.3976698	-0.0042	12.319
1.3977393	-0.0027	12.3201
1.3978087	-0.0256	12.3212
1.3978781	0.0046	12.3224
1.3979476	-0.0011	12.3235
1.398017	-0.0035	12.3247
1.3980865	-0.0037	12.3259
1.3981559	0.0002	12.3271
1.3982254	-0.0024	12.3283
1.3982948	0.0035	12.3296
1.3983643	0.0056	12.3308
1.3984337	0.0095	12.3321
1.3985031	0.0116	12.3334
1.3985726	0.015	12.3348
1.398642	0.0169	12.3361
1.3987115	0.0154	12.3375
1.3987809	0.0154	12.3389
1.3988504	0.0138	12.3403
1.3989198	0.0086	12.3418
1.3989893	0.002	12.3433
1.3990587	0.0093	12.3448
1.3991281	0.0025	12.3463
1.3991976	0.0028	12.3478
1.399267	0.0065	12.3494
1.3993365	0.0117	12.351
1.3994059	0.0174	12.3527
1.3994754	0.0165	12.3543
1.3995448	0.0104	12.356
1.3996143	0.0178	12.3577
1.3996837	0.015	12.3595
1.3997531	0.0087	12.3613
1.3998226	0.0088	12.3631
1.399892	0.0003	12.3649
1.3999615	0.0044	12.3668
1.4000309	0.0043	12.3687
1.4001004	0.0093	12.3706
1.4001698	0.0146	12.3726
1.4002393	0.0027	12.3746
1.4003087	0.0118	12.3766
1.4003781	-0.0049	12.3787
1.4004476	0.0013	12.3808
1.400517	-0.0009	12.3829
1.4005865	0.002	12.3851
1.4006559	-0.0003	12.3873
1.4007254	0.0085	12.3896
1.4007948	-0.0017	12.3918
1.4008643	-0.0042	12.3942
1.4009337	0.0024	12.3965
1.4010031	-0.0036	12.3989
1.4010726	0.007	12.4013
1.401142	-0.0008	12.4038
1.4012115	0.0075	12.4063
1.4012809	-0.0087	12.4089
1.4013504	-0.0044	12.4115
1.4014198	-0.006	12.4141
1.4014893	-0.005	12.4168
1.4015587	-0.0017	12.4196
1.4016281	-0.0053	12.4224
1.4016976	0.0015	12.4252
1.401767	0.0049	12.4282
1.4018365	-0.0044	12.4312
1.4019059	-0.0063	12.4342
1.4019754	-0.0012	12.4374
1.4020448	0.0015	12.4406
1.4021143	0.0	12.4439
1.4021837	-0.0123	12.4473
1.4022531	0.0027	12.4507
1.4023226	-0.0012	12.4543
1.402392	-0.0049	12.4579
1.4024615	-0.0029	12.4617
1.4025309	-0.0099	12.4655
1.4026004	0.0002	12.4694
1.4026698	-0.0031	12.4734
1.4027393	-0.0095	12.4776
1.4028087	-0.0105	12.4818
1.4028781	-0.0098	12.4861
1.4029476	-0.0083	12.4905
1.403017	-0.0173	12.4949
1.4030865	-0.032	12.4995
1.4031559	-0.0155	12.5042
1.4032254	-0.0223	12.5089
1.4032948	-0.0278	12.5138
1.4033643	-0.0235	12.5187
1.4034337	-0.0185	12.5237
1.4035031	-0.022	12.5288
1.4035726	-0.0271	12.534
1.403642	-0.0232	12.5392
1.4037115	-0.0143	12.5445
1.4037809	-0.0212	12.5499
1.4038504	-0.0164	12.5554
1.4039198	-0.0242	12.561
1.4039893	-0.0145	12.5666
1.4040587	-0.0168	12.5723
1.4041281	-0.0248	12.5781
1.4041976	-0.0181	12.5839
1.404267	-0.0057	12.5898
1.4043365	-0.013	12.5958
1.4044059	-0.0157	12.6018
1.4044754	-0.0054	12.608
1.4045448	-0.0087	12.6141
1.4046143	-0.007	12.6204
1.4046837	-0.0132	12.6267
1.4047531	-0.0011	12.633
1.4048226	-0.0032	12.6394
1.404892	-0.004	12.6459
1.4049615	-0.0203	12.6524
1.4050309	-0.0121	12.659
1.4051004	-0.004	12.6657
1.4051698	-0.0204	12.6724
1.4052393	-0.0241	12.6791
1.4053087	-0.0189	12.6859
1.4053781	-0.007	12.6928
1.4054476	-0.0033	12.6997
1.405517	-0.0088	12.7066
1.4055865	-0.0058	12.7136
1.4056559	-0.0108	12.7206
1.4057254	-0.0161	12.7277
1.4057948	-0.0103	12.7348
1.4058643	-0.0028	12.742
1.4059337	-0.0094	12.7492
1.4060031	-0.0099	12.7564
1.4060726	-0.0083	12.7637
1.406142	0.0017	12.771
1.4062115	-0.0022	12.7784
1.4062809	-0.0172	12.7858
1.4063504	-0.0102	12.7932
1.4064198	0.0091	12.8006
1.4064893	0.0173	12.8081
1.4065587	0.0012	12.8156
1.4066281	-0.0086	12.8231
1.4066976	0.0137	12.8307
1.406767	0.0105	12.8383
1.4068365	0.0016	12.8459
1.4069059	-0.0118	12.8535
1.4069754	-0.0005	12.8612
1.4070448	0.0001	12.8689
1.4071143	-0.0133	12.8766
1.4071837	-0.0022	12.8843
1.4072531	0.0118	12.892
1.4073226	0.0042	12.8998
1.407392	-0.0031	12.9075
1.4074615	0.0109	12.9153
1.4075309	0.019	12.9231
1.4076004	0.0156	12.9309
1.4077393	0.0127	12.9466
1.4078087	0.0146	12.9544
1.4078781	0.0067	12.9622
1.4079476	-0.0095	12.9701
1.408017	0.0083	12.9779
1.4080865	0.0119	12.9857
1.4081559	0.0123	12.9936
1.4082254	-0.0031	13.0014
1.4082948	0.0105	13.0093
1.4083643	0.0114	13.0171
1.4084337	0.0122	13.025
1.4085031	0.0105	13.0328
1.4085726	0.0079	13.0406
1.408642	0.0286	13.0484
1.4087115	0.0282	13.0562
1.4087809	0.0196	13.0639
1.4088504	-0.0013	13.0717
1.4089198	0.0187	13.0794
1.4089893	-0.0012	13.087
1.4090587	-0.0082	13.0946
1.4091281	-0.0029	13.1022
1.4091976	-0.0104	13.1098
1.409267	0.0107	13.1172
1.4093365	0.009	13.1247
1.4094059	-0.0025	13.1321
1.4094754	0.013	13.1394
1.4095448	-0.0087	13.1467
1.4096143	-0.0092	13.1539
1.4096837	-0.003	13.161
1.4097531	0.0032	13.168
1.4099615	-0.0002	13.1888
1.4100309	-0.0004	13.1955
1.4101004	0.0154	13.2022
1.4101698	-0.0117	13.2087
1.4102393	0.0033	13.2152
1.4103087	-0.0008	13.2216
1.4104476	0.0033	13.234
1.410517	-0.0149	13.2401
1.4105865	-0.0054	13.246
1.4106559	-0.0185	13.2518
1.4107254	0.0011	13.2575
1.4107948	-0.004	13.2631
1.4108643	0.0108	13.2686
1.4109337	-0.0056	13.2739
1.4110031	0.0018	13.2791
1.4110726	-0.003	13.2842
1.411142	-0.003	13.2891
1.4112115	0.007	13.2939
1.4112809	0.0005	13.2985
1.4113504	0.0136	13.303
1.4114198	0.0163	13.3074
1.4114893	0.0113	13.3116
1.4115587	-0.01	13.3156
1.4116281	0.0118	13.3195
1.4116976	0.0248	13.3232
1.411767	0.0161	13.3268
1.4118365	0.006	13.3302
1.4119059	0.0129	13.3335
1.4119754	0.0158	13.3366
1.4120448	0.0107	13.3395
1.4121143	0.0147	13.3423
1.4121837	0.0144	13.3449
1.4122531	0.0167	13.3474
1.4123226	0.0125	13.3497
1.412392	0.0277	13.3518
1.4124615	0.0203	13.3538
1.4125309	0.02	13.3556
1.4126004	0.0248	13.3572
1.4126698	0.0073	13.3587
1.4127393	0.0142	13.36
1.4128087	0.0177	13.3611
1.4128781	0.0245	13.3621
1.4129476	0.029	13.3628
1.413017	0.014	13.3635
1.4130865	0.0321	13.3639
1.4131559	0.0346	13.3642
1.4132254	0.0201	13.3643
1.4132948	0.0316	13.3642
1.4133643	0.0296	13.3639
1.4135031	0.0289	13.3629
1.4135726	-0.0021	13.3621
1.413642	0.0262	13.3611
1.4137115	0.0101	13.3599
1.4137809	0.0118	13.3586
1.4138504	0.0137	13.357
1.4139198	0.0214	13.3553
1.4139893	0.0165	13.3534
1.4140587	0.029	13.3513
1.4141281	0.0208	13.3491
1.4141976	-0.0122	13.3466
1.414267	0.0386	13.3439
1.4143365	0.0121	13.3411
1.4144059	0.0149	13.3381
1.4144754	0.0361	13.3349
1.4145448	0.0303	13.3315
1.4146143	0.028	13.3279
1.4146837	0.0116	13.3242
1.4147531	0.0195	13.3203
1.4148226	0.0133	13.3163
1.414892	0.0128	13.3121
1.4149615	-0.003	13.3077
1.4150309	0.0218	13.3032
1.4151004	0.0057	13.2986
1.4151698	0.0028	13.2938
1.4152393	-0.011	13.2889
1.4153087	0.0088	13.2838
1.4153781	0.0142	13.2787
1.4154476	0.003	13.2733
1.415517	-0.0052	13.2679
1.4155865	0.0167	13.2624
1.4156559	0.007	13.2567
1.4157254	-0.005	13.2509
1.4157948	-0.0039	13.2451
1.4158643	-0.0034	13.2391
1.4159337	-0.0073	13.233
1.4160031	0.0033	13.2269
1.4160726	-0.0193	13.2206
1.416142	-0.0139	13.2143
1.4162115	-0.0037	13.2078
1.4162809	-0.0183	13.2013
1.4163504	-0.0274	13.1947
1.4164893	0.0041	13.1814
1.4165587	-0.0036	13.1746
1.4166281	-0.0256	13.1678
1.4166976	0.0057	13.1609
1.416767	0.0078	13.1539
1.4168365	-0.017	13.1469
1.4169059	-0.0015	13.1399
1.4169754	0.0061	13.1328
1.4170448	0.0026	13.1257
1.4171143	0.0	13.1186
1.4171837	-0.0016	13.1114
1.4172531	-0.0011	13.1042
1.4173226	0.0087	13.097
1.417392	-0.0064	13.0898
1.4176004	0.0106	13.068
1.4176698	0.0093	13.0607
1.4177393	0.0068	13.0534
1.4178087	0.0162	13.0461
1.4178781	0.0079	13.0388
1.4179476	0.005	13.0315
1.418017	-0.0033	13.0242
1.4181559	-0.0008	13.0096
1.4182254	-0.0068	13.0023
1.4182948	-0.0091	12.995
1.4183643	-0.0123	12.9877
1.4184337	-0.0039	12.9804
1.4185031	0.0028	12.9732
1.4185726	0.004	12.9659
1.418642	0.0009	12.9587
1.4187115	0.0114	12.9515
1.4187809	-0.002	12.9443
1.4188504	-0.0018	12.9372
1.4189198	0.0086	12.93
1.4189893	0.0103	12.9229
1.4190587	-0.0074	12.9159
1.4191281	0.0004	12.9089
1.4191976	0.0082	12.9018
1.419267	0.0049	12.8949
1.4193365	0.0041	12.888
1.4194059	-0.0137	12.8811
1.4194754	-0.0088	12.8743
1.4195448	-0.0094	12.8675
1.4196143	-0.0037	12.8607
1.4196837	0.0016	12.854
1.4197531	0.0082	12.8474
1.4198226	0.0033	12.8408
1.419892	-0.0121	12.8343
1.4199615	-0.0087	12.8278
1.4200309	0.0082	12.8214
1.4201004	-0.0078	12.815
1.4201698	-0.0004	12.8088
1.4202393	0.006	12.8025
1.4203087	0.0025	12.7964
1.4203781	0.0081	12.7903
1.4204476	-0.0014	12.7843
1.420517	0.0048	12.7783
1.4205865	0.0114	12.7724
1.4206559	0.008	12.7666
1.4207254	0.0056	12.7609
1.4207948	0.0022	12.7552
1.4208643	0.0069	12.7495
1.4209337	-0.0028	12.744
1.4210031	-0.0088	12.7385
1.4210726	0.0025	12.733
1.421142	-0.0139	12.7277
1.4212115	-0.0039	12.7224
1.4212809	-0.0057	12.7171
1.4213504	-0.0048	12.7119
1.4214198	-0.0107	12.7068
1.4214893	-0.0151	12.7017
1.4215587	-0.0083	12.6967
1.4216281	-0.0082	12.6917
1.4216976	-0.0048	12.6868
1.421767	-0.0014	12.682
1.4218365	-0.0046	12.6772
1.4219059	0.0049	12.6725
1.4219754	-0.0004	12.6678
1.4220448	0.0041	12.6632
1.4221143	0.0038	12.6586
1.4221837	-0.0011	12.6542
1.4222531	-0.0044	12.6497
1.4223226	-0.0069	12.6453
1.422392	-0.0085	12.641
1.4224615	-0.0074	12.6367
1.4226004	-0.0162	12.6283
1.4226698	-0.0125	12.6242
1.4228087	-0.0124	12.6161
1.4228781	-0.0145	12.6121
1.4229476	-0.0224	12.6082
1.423017	0.0012	12.6043
1.4230865	-0.0066	12.6005
1.4231559	-0.0177	12.5967
1.4232254	-0.0086	12.593
1.4232948	-0.0076	12.5893
1.4233643	-0.0085	12.5857
1.4234337	-0.0054	12.5821
1.4235031	-0.0052	12.5786
1.4235726	-0.0062	12.5751
1.423642	-0.0107	12.5716
1.4237115	-0.0073	12.5682
1.4237809	-0.001	12.5649
1.4238504	0.002	12.5616
1.4239198	-0.004	12.5583
1.4239893	0.0018	12.5551
1.4240587	0.0052	12.5519
1.4241281	0.0073	12.5488
1.4241976	-0.0068	12.5457
1.424267	0.0011	12.5426
1.4243365	0.0036	12.5396
1.4244059	0.0132	12.5367
1.4244754	0.0171	12.5337
1.4245448	0.0049	12.5308
1.4246143	0.0201	12.528
1.4246837	-0.0027	12.5252
1.4247531	0.0063	12.5224
1.4248226	-0.0046	12.5197
1.424892	-0.0061	12.517
1.4249615	0.0084	12.5143
1.4250309	0.0113	12.5117
1.4251004	0.0096	12.5091
1.4251698	0.0171	12.5066
1.4252393	0.0168	12.5041
1.4253087	0.0151	12.5016
1.4253781	0.0175	12.4992
1.4254476	0.0158	12.4968
1.425517	0.0191	12.4944
1.4255865	0.0199	12.492
1.4256559	0.018	12.4897
1.4257254	0.017	12.4875
1.4257948	0.0172	12.4852
1.4258643	-0.0007	12.483
1.4259337	-0.0005	12.4808
1.4260031	-0.0104	12.4787
1.4260726	-0.0097	12.4766
1.426142	0.0002	12.4745
1.4262115	-0.0054	12.4724
1.4262809	0.0048	12.4704
1.4263504	0.0	12.4684
1.4264198	0.0028	12.4664
1.4264893	0.0032	12.4645
1.4265587	0.0033	12.4625
1.4266281	0.0026	12.4606
1.4266976	0.002	12.4588
1.426767	0.0011	12.4569
1.4268365	-0.0058	12.4551
1.4269059	-0.0003	12.4533
1.4269754	-0.008	12.4516
1.4270448	-0.0049	12.4498
1.4271143	-0.0014	12.4481
1.4271837	0.0003	12.4464
1.4272531	-0.0018	12.4447
1.4273226	0.001	12.4431
1.427392	0.0011	12.4415
1.4274615	0.0119	12.4399
1.4275309	0.0019	12.4383
1.4276004	0.0062	12.4367
1.4276698	0.0041	12.4352
1.4277393	0.0064	12.4337
1.4278087	0.0016	12.4322
1.4278781	-0.0068	12.4308
1.4279476	0.0008	12.4293
1.428017	0.0001	12.4279
1.4280865	0.0114	12.4265
1.4281559	0.005	12.4252
1.4282254	0.0044	12.4238
1.4282948	0.01	12.4225
1.4283643	0.0089	12.4212
1.4284337	0.0129	12.4199
1.4285031	0.0112	12.4186
1.4285726	0.0083	12.4174
1.428642	0.0186	12.4161
1.4287115	0.0248	12.4149
1.4287809	0.0263	12.4138
1.4288504	0.023	12.4126
1.4289198	0.0202	12.4115
1.4289893	0.0109	12.4103
1.4290587	0.0166	12.4092
1.4291281	0.0151	12.4082
1.4291976	0.0202	12.4071
1.429267	0.0135	12.406
1.4293365	0.0122	12.405
1.4294059	0.0066	12.404
1.4294754	0.0141	12.403
1.4295448	0.0169	12.4021
1.4296143	0.0112	12.4011
1.4296837	0.0005	12.4002
1.4297531	0.0152	12.3993
1.4298226	0.0055	12.3984
1.429892	0.0094	12.3975
1.4299615	-0.0057	12.3966
1.4300309	-0.0059	12.3958
1.4301004	0.0009	12.395
1.4301698	-0.0053	12.3942
1.4302393	-0.0041	12.3934
1.4303087	-0.0106	12.3926
1.4303781	0.0073	12.3918
1.4304476	0.0028	12.3911
1.430517	-0.01	12.3904
1.4305865	-0.0095	12.3897
1.4306559	-0.0068	12.389
1.4307254	-0.0021	12.3883
1.4307948	-0.0184	12.3876
1.4308643	-0.019	12.387
1.4309337	-0.01	12.3864
1.4310031	-0.0155	12.3858
1.4310726	-0.0207	12.3852
1.431142	-0.0287	12.3846
1.4312115	-0.0183	12.384
1.4312809	-0.0239	12.3834
1.4313504	-0.02	12.3829
1.4314198	-0.0242	12.3824
1.4314893	-0.0114	12.3819
1.4315587	-0.0089	12.3814
1.4316281	-0.0103	12.3809
1.4316976	-0.0131	12.3804
1.431767	-0.0099	12.38
1.4318365	-0.0025	12.3795
1.4319059	-0.0022	12.3791
1.4319754	-0.0002	12.3787
1.4320448	0.0034	12.3783
1.4321143	-0.002	12.3779
1.4321837	-0.0026	12.3775
1.4322531	-0.002	12.3771
1.4323226	-0.014	12.3768
1.432392	-0.0131	12.3764
1.4324615	-0.013	12.3761
1.4325309	-0.016	12.3758
1.4326004	-0.0216	12.3755
1.4326698	-0.0197	12.3752
1.4327393	-0.0223	12.3749
1.4328087	-0.0098	12.3746
1.4328781	-0.0151	12.3744
1.4329476	-0.0067	12.3741
1.433017	-0.0099	12.3739
1.4330865	0.0008	12.3736
1.4331559	-0.0113	12.3734
1.4332254	0.0008	12.3732
1.4332948	-0.0095	12.373
1.4333643	-0.0068	12.3728
1.4334337	-0.0062	12.3726
1.4335031	-0.0123	12.3724
1.4335726	-0.0015	12.3723
1.433642	-0.0076	12.3721
1.4337115	-0.0084	12.372
1.4337809	-0.007	12.3718
1.4338504	-0.0088	12.3717
1.4339198	0.0039	12.3716
1.4339893	0.0035	12.3715
1.4340587	0.0098	12.3714
1.4341281	-0.0019	12.3713
1.4341976	0.0139	12.3712
1.434267	0.012	12.3711
1.4343365	0.0125	12.371
1.4344059	0.0052	12.371
1.4344754	0.0138	12.3709
1.4345448	0.0093	12.3709
1.4346143	0.0071	12.3708
1.4346837	0.0029	12.3708
1.4347531	0.0201	12.3707
1.4348226	0.0241	12.3707
1.434892	0.0164	12.3707
1.4349615	0.0199	12.3707
1.4350309	0.0144	12.3707
1.4351004	0.0207	12.3707
1.4351698	0.0229	12.3707
1.4352393	0.0183	12.3707
1.4353087	0.0204	12.3707
1.4353781	0.0189	12.3707
1.4354476	0.0203	12.3708
1.435517	0.0147	12.3708
1.4355865	0.0126	12.3708
1.4356559	-0.0007	12.3709
1.4357254	0.004	12.3709
1.4357948	-0.0069	12.3709
1.4358643	0.0026	12.371
1.4359337	0.0019	12.371
1.4360031	0.0028	12.3711
1.4360726	-0.0086	12.3712
1.436142	-0.0139	12.3712
1.4362115	0.0014	12.3713
1.4363504	-0.0086	12.3714
1.4364198	-0.0101	12.3715
1.4364893	-0.0077	12.3716
1.4365587	-0.0011	12.3717
1.4366281	-0.0069	12.3717
1.4366976	-0.0184	12.3718
1.436767	-0.0199	12.3719
1.4368365	-0.0059	12.372
1.4369754	-0.0041	12.3722
1.4371143	0.0042	12.3724
1.4372531	-0.0001	12.3726
1.4373226	-0.0048	12.3726
1.437392	-0.0043	12.3727
1.4374615	-0.0105	12.3728
1.4376004	-0.0176	12.373
1.4376698	-0.0007	12.3731
1.4377393	-0.0111	12.3732
1.4378087	-0.0289	12.3733
1.4378781	-0.0159	12.3734
1.4379476	-0.0158	12.3735
1.438017	-0.006	12.3736
1.4380865	-0.0005	12.3737
1.4381559	-0.0023	12.3738
1.4382254	0.0004	12.3738
1.4382948	0.0043	12.3739
1.4383643	-0.0031	12.374
1.4384337	-0.001	12.3741
1.4385031	0.0067	12.3742
1.438642	0.0014	12.3743
1.4387115	-0.001	12.3744
1.4387809	-0.0042	12.3744
1.4388504	-0.0163	12.3745
1.4389198	0.005	12.3746
1.4389893	0.0035	12.3746
1.4390587	0.0064	12.3747
1.4391281	0.0153	12.3747
1.439267	0.0206	12.3748
1.4393365	0.0206	12.3748
1.4394059	0.0176	12.3749
1.4394754	0.0106	12.3749
1.4395448	0.0228	12.3749
1.4396143	0.0327	12.3749
1.4397531	0.0147	12.375
1.4398226	0.0145	12.375
1.439892	0.0277	12.375
1.4400309	0.0053	12.3749
1.4401004	0.0137	12.3749
1.4402393	0.0009	12.3749
1.4403087	0.0004	12.3748
1.4403781	0.0008	12.3748
1.4404476	0.0081	12.3747
1.440517	-0.0134	12.3747
1.4407254	0.0132	12.3744
1.4407948	0.0091	12.3744
1.4408643	0.0073	12.3743
1.4409337	0.0139	12.3741
1.4410031	0.0109	12.374
1.4410726	0.0052	12.3739
1.441142	-0.0082	12.3738
1.4412115	-0.0002	12.3736
1.4413504	0.0065	12.3733
1.4414198	0.0129	12.3732
1.4414893	-0.0127	12.373
1.4415587	-0.0056	12.3728
1.4416281	-0.009	12.3726
1.4416976	0.0017	12.3724
1.441767	-0.0014	12.3722
1.4418365	0.0111	12.372
1.4419754	-0.0256	12.3715
1.4421143	-0.0001	12.371
1.4421837	-0.0018	12.3707
1.4422531	0.0029	12.3704
1.4423226	-0.0028	12.3701
1.442392	-0.0036	12.3699
1.4424615	-0.0074	12.3695
1.4425309	-0.0142	12.3692
1.4426004	-0.0029	12.3689
1.4426698	0.0001	12.3686
1.4427393	-0.0105	12.3682
1.4428087	-0.0072	12.3679
1.4428781	-0.0144	12.3675
1.443017	-0.0033	12.3668
1.4430865	0.0032	12.3664
1.4431559	-0.0137	12.366
1.4432254	-0.0094	12.3656
1.4432948	-0.0092	12.3652
1.4433643	-0.0229	12.3648
1.4434337	-0.012	12.3644
1.4435031	-0.0093	12.364
1.4435726	-0.0238	12.3636
1.4437115	0.0071	12.3627
1.4437809	-0.0087	12.3623
1.4438504	-0.0065	12.3618
1.4439198	-0.008	12.3613
1.4439893	-0.0046	12.3609
1.4440587	-0.0049	12.3604
1.4441976	0.0034	12.3595
1.444267	0.0158	12.359
1.4443365	0.0016	12.3585
1.4444059	0.0055	12.358
1.4444754	0.0007	12.3575
1.4445448	-0.0067	12.357
1.4446143	-0.0024	12.3565
1.4446837	-0.0114	12.356
1.4448226	-0.0134	12.3549
1.444892	-0.0123	12.3544
1.4449615	0.0023	12.3539
1.4450309	0.0011	12.3533
1.4451004	0.0005	12.3528
1.4451698	-0.0022	12.3523
1.4453087	0.0066	12.3512
1.4453781	0.0066	12.3506
1.4454476	-0.0038	12.3501
1.445517	-0.0024	12.3495
1.4456559	0.003	12.3484
1.4457254	0.0079	12.3478
1.4457948	-0.0023	12.3473
1.4458643	-0.0005	12.3467
1.4459337	0.0018	12.3461
1.4460031	0.0001	12.3455
1.4460726	0.0039	12.345
1.446142	0.0076	12.3444
1.4462115	0.0188	12.3438
1.4462809	0.0039	12.3432
1.4463504	0.0179	12.3427
1.4464198	0.011	12.3421
1.4464893	0.0098	12.3415
1.4465587	0.0138	12.3409
1.4466281	0.0025	12.3403
1.4466976	0.0149	12.3397
1.446767	0.0145	12.3392
1.4468365	0.0093	12.3386
1.4469059	-0.0077	12.338
1.4469754	0.0173	12.3374
1.4470448	0.0066	12.3368
1.4471143	0.0062	12.3362
1.4471837	0.0063	12.3356
1.4472531	0.006	12.3351
1.4473226	0.0028	12.3345
1.447392	0.0021	12.3339
1.4475309	0.0145	12.3327
1.4476004	0.0047	12.3322
1.4478087	0.0051	12.3304
1.4478781	-0.0011	12.3298
1.4479476	-0.001	12.3293
1.448017	-0.0005	12.3287
1.4480865	-0.0065	12.3281
1.4481559	-0.0029	12.3276
1.4482254	-0.0056	12.327
1.4482948	0.009	12.3264
1.4483643	0.0058	12.3259
1.4484337	0.0034	12.3253
1.4485031	0.002	12.3248
1.4485726	0.0031	12.3242
1.448642	-0.0024	12.3237
1.4487115	0.0047	12.3231
1.4487809	-0.007	12.3226
1.4488504	0.0059	12.3221
1.4489198	0.0014	12.3215
1.4489893	-0.0087	12.321
1.4490587	-0.0039	12.3205
1.4491281	-0.0013	12.3199
1.4491976	-0.0051	12.3194
1.449267	-0.0069	12.3189
1.4493365	-0.007	12.3184
1.4494059	-0.0102	12.3179
1.4494754	-0.0074	12.3174
1.4495448	0.0003	12.3169
1.4496143	-0.0088	12.3164
1.4496837	-0.0057	12.3159
1.4497531	-0.0114	12.3154
1.4498226	0.003	12.315
1.449892	-0.002	12.3145
1.4499615	0.0025	12.314
1.4500309	0.0034	12.3136
1.4501004	-0.0006	12.3131
1.4501698	-0.0023	12.3127
1.4502393	0.0029	12.3122
1.4503087	0.0084	12.3118
1.4503781	0.0008	12.3114
1.4504476	0.0043	12.311
1.450517	0.0056	12.3106
1.4505865	0.013	12.3101
1.4506559	0.006	12.3097
1.4507254	0.0011	12.3094
1.4507948	-0.0095	12.309
1.4508643	0.0049	12.3086
1.4509337	0.0077	12.3082
1.4510031	0.0039	12.3079
1.4510726	0.0046	12.3075
1.451142	0.001	12.3072
1.4512115	0.003	12.3068
1.4512809	0.004	12.3065
1.4513504	-0.0005	12.3062
1.4514198	0.002	12.3058
1.4514893	0.0031	12.3055
1.4515587	-0.0091	12.3052
1.4516281	-0.0005	12.305
1.4516976	-0.0097	12.3047
1.451767	-0.0137	12.3044
1.4518365	-0.0217	12.3041
1.4519059	0.0035	12.3039
1.4519754	-0.007	12.3036
1.4521143	-0.0192	12.3032
1.4521837	-0.0096	12.303
1.4522531	-0.0108	12.3028
1.4523226	-0.0232	12.3026
1.452392	-0.0205	12.3024
1.4524615	-0.0189	12.3022
1.4525309	-0.0195	12.3021
1.4526004	-0.0144	12.3019
1.4526698	-0.0186	12.3018
1.4527393	-0.0241	12.3016
1.4528087	-0.0052	12.3015
1.4528781	-0.0118	12.3014
1.4529476	-0.0146	12.3013
1.453017	0.0026	12.3012
1.4530865	-0.0025	12.3011
1.4531559	-0.0102	12.3011
1.4532254	-0.002	12.301
1.4532948	0.0026	12.301
1.4533643	-0.0051	12.301
1.4534337	-0.0072	12.301
1.4535031	-0.0162	12.301
1.4535726	-0.0175	12.301
1.453642	-0.01	12.301
1.4537115	-0.0259	12.301
1.4537809	-0.0307	12.3011
1.4538504	-0.0072	12.3011
1.4539198	-0.0014	12.3012
1.4539893	-0.0046	12.3013
1.4540587	-0.0031	12.3014
1.4541281	0.0149	12.3015
1.4541976	0.0129	12.3016
1.454267	-0.0007	12.3018
1.4543365	-0.005	12.3019
1.4544059	-0.0022	12.3021
1.4544754	-0.0044	12.3022
1.4545448	-0.0038	12.3024
1.4546143	-0.0056	12.3026
1.4546837	-0.0071	12.3028
1.4547531	-0.0126	12.303
1.4548226	-0.013	12.3032
1.454892	-0.016	12.3034
1.4549615	-0.0151	12.3036
1.4550309	-0.0076	12.3038
1.4551004	-0.0111	12.304
1.4551698	-0.0084	12.3043
1.4552393	0.0014	12.3045
1.4553087	-0.0012	12.3048
1.4553781	-0.0003	12.305
1.4554476	-0.0018	12.3053
1.455517	0.0107	12.3055
1.4555865	0.0167	12.3058
1.4556559	0.0038	12.306
1.4557254	0.0186	12.3063
1.4557948	0.0123	12.3066
1.4558643	0.0133	12.3068
1.4559337	0.0138	12.3071
1.4560031	0.0017	12.3074
1.4560726	0.0051	12.3077
1.456142	-0.0023	12.3079
1.4562115	-0.0056	12.3082
1.4562809	-0.0063	12.3085
1.4563504	-0.0198	12.3087
1.4564198	-0.0001	12.309
1.4564893	0.0032	12.3093
1.4565587	0.0111	12.3095
1.4566281	0.0125	12.3098
1.4566976	0.0114	12.31
1.456767	0.0163	12.3103
1.4568365	0.0245	12.3105
1.4569059	0.0209	12.3108
1.4569754	0.0244	12.311
1.4571143	0.0163	12.3115
1.4571837	0.0139	12.3117
1.4572531	0.0151	12.3119
1.4573226	0.0085	12.3121
1.457392	0.007	12.3123
1.4574615	-0.002	12.3125
1.4575309	0.0004	12.3127
1.4576004	0.0016	12.3128
1.4576698	0.0181	12.313
1.4577393	0.0115	12.3132
1.4578087	0.0223	12.3133
1.4578781	0.0163	12.3134
1.4579476	0.0179	12.3136
1.458017	0.0142	12.3137
1.4581559	-0.0029	12.3139
1.4582254	0.006	12.314
1.4582948	-0.0003	12.314
1.4583643	-0.0015	12.3141
1.4584337	0.0061	12.3141
1.4585031	0.0036	12.3141
1.4585726	0.0023	12.3141
1.458642	0.0018	12.3141
1.4587115	-0.0025	12.3141
1.4587809	0.0125	12.3141
1.4588504	0.0015	12.314
1.4589198	0.0015	12.314
1.4589893	0.0084	12.3139
1.4591281	0.0046	12.3137
1.4591976	0.0026	12.3135
1.459267	0.014	12.3134
1.4593365	0.009	12.3132
1.4594059	0.0037	12.313
1.4594754	0.0025	12.3128
1.4595448	0.0057	12.3126
1.4596143	0.0132	12.3123
1.4596837	-0.0064	12.312
1.4597531	0.0007	12.3117
1.4598226	0.0061	12.3114
1.459892	0.0136	12.3111
1.4599615	0.0159	12.3107
1.4600309	0.0167	12.3104
1.4601004	0.0174	12.31
1.4601698	0.0066	12.3096
1.4602393	0.0093	12.3091
1.4603087	-0.0019	12.3087
1.4603781	0.0025	12.3082
1.4604476	0.0129	12.3078
1.460517	0.0053	12.3073
1.4605865	-0.0022	12.3068
1.4606559	0.0164	12.3063
1.4607254	-0.0054	12.3057
1.4607948	0.0003	12.3052
1.4608643	-0.0009	12.3046
1.4609337	-0.0099	12.3041
1.4610031	-0.0035	12.3035
1.4610726	-0.0062	12.3029
1.461142	0.0039	12.3023
1.4612115	-0.0119	12.3017
1.4612809	0.011	12.3011
1.4613504	0.0005	12.3004
1.4614198	0.0071	12.2998
1.4614893	0.007	12.2991
1.4615587	0.0059	12.2985
1.4616281	0.0081	12.2978
1.4616976	0.0098	12.2971
1.461767	0.014	12.2964
1.4618365	0.0073	12.2957
1.4619059	0.0029	12.295
1.4619754	-0.0119	12.2943
1.4621837	-0.0078	12.2922
1.4622531	-0.0175	12.2915
1.4623226	0.0013	12.2907
1.462392	-0.0028	12.29
1.4624615	0.0106	12.2893
1.4625309	-0.0025	12.2886
1.4626004	0.0017	12.2878
1.4626698	-0.0001	12.2871
1.4627393	-0.0014	12.2864
1.4628087	-0.0015	12.2856
1.4628781	0.0072	12.2849
1.4629476	0.009	12.2841
1.463017	0.0069	12.2834
1.4630865	-0.0111	12.2827
1.4631559	-0.0026	12.2819
1.4632254	-0.0168	12.2812
1.4632948	-0.0046	12.2805
1.4633643	-0.006	12.2798
1.4634337	-0.0066	12.279
1.4635031	0.0053	12.2783
1.4635726	-0.0158	12.2776
1.463642	-0.0095	12.2769
1.4637115	-0.0056	12.2762
1.4637809	-0.0045	12.2755
1.4638504	-0.0182	12.2748
1.4639198	-0.0146	12.2742
1.4639893	0.0013	12.2735
1.4640587	0.0022	12.2728
1.4641281	-0.0091	12.2722
1.4641976	-0.0113	12.2715
1.464267	-0.0084	12.2709
1.4643365	-0.0148	12.2702
1.4644059	-0.0243	12.2696
1.4644754	-0.0232	12.269
1.4645448	-0.0273	12.2684
1.4646143	-0.0271	12.2678
1.4646837	-0.0391	12.2673
1.4647531	-0.0285	12.2667
1.4648226	-0.021	12.2662
1.464892	-0.0317	12.2656
1.4649615	-0.0305	12.2651
1.4650309	-0.0238	12.2646
1.4651004	-0.0153	12.2641
1.4651698	-0.0114	12.2636
1.4652393	-0.0181	12.2632
1.4653087	-0.0131	12.2627
1.4653781	-0.0037	12.2623
1.4654476	-0.0134	12.2619
1.465517	-0.0161	12.2615
1.4655865	-0.0093	12.2611
1.4656559	-0.0067	12.2607
1.4657254	-0.0001	12.2604
1.4657948	-0.0109	12.2601
1.4658643	-0.0049	12.2597
1.4659337	-0.011	12.2594
1.4660031	0.0024	12.2592
1.4660726	-0.0082	12.2589
1.466142	-0.0069	12.2586
1.4662115	0.001	12.2584
1.4662809	0.0016	12.2582
1.4663504	0.0018	12.258
1.4664198	0.0078	12.2578
1.4664893	-0.0009	12.2576
1.4665587	0.0023	12.2574
1.4666281	-0.0014	12.2572
1.4666976	0.0036	12.2571
1.466767	0.008	12.257
1.4668365	-0.0024	12.2568
1.4669059	0.008	12.2567
1.4669754	0.017	12.2566
1.4670448	0.0187	12.2565
1.4671143	0.0093	12.2564
1.4671837	0.0045	12.2564
1.4672531	0.0003	12.2563
1.4673226	0.0163	12.2563
1.467392	0.0219	12.2562
1.4674615	0.0098	12.2562
1.4675309	0.0101	12.2562
1.4676004	0.0018	12.2562
1.4676698	0.002	12.2562
1.4677393	-0.006	12.2562
1.4678087	0.009	12.2562
1.4678781	0.0136	12.2562
1.4679476	0.0026	12.2562
1.468017	0.0146	12.2563
1.4680865	0.0122	12.2563
1.4681559	0.0008	12.2563
1.4682254	0.0105	12.2564
1.4682948	0.0036	12.2565
1.4683643	-0.0005	12.2565
1.4685031	-0.0087	12.2567
1.4685726	0.0004	12.2567
1.468642	0.0039	12.2568
1.4687115	0.0014	12.2569
1.4687809	0.0066	12.257
1.4688504	0.0178	12.2571
1.4689198	0.015	12.2572
1.4689893	0.02	12.2573
1.4690587	0.0251	12.2574
1.4691281	0.0143	12.2575
1.4691976	0.0234	12.2576
1.469267	0.0221	12.2578
1.4693365	0.0232	12.2579
1.4694059	0.013	12.258
1.4694754	0.0027	12.2581
1.4695448	0.0164	12.2582
1.4696143	0.0101	12.2583
1.4696837	0.009	12.2585
1.4697531	0.008	12.2586
1.4698226	-0.0071	12.2587
1.4699615	-0.0016	12.259
1.4700309	-0.0009	12.2591
1.4701004	0.0042	12.2592
1.4701698	-0.0028	12.2593
1.4702393	-0.0103	12.2594
1.4703087	-0.0168	12.2595
1.4703781	-0.0054	12.2596
1.4704476	-0.0019	12.2598
1.470517	-0.009	12.2599
1.4705865	-0.0075	12.26
1.4706559	-0.0093	12.2601
1.4707254	-0.0232	12.2602
1.4707948	-0.0108	12.2602
1.4708643	-0.0069	12.2603
1.4709337	-0.0082	12.2604
1.4710031	0.0009	12.2605
1.4710726	-0.0057	12.2606
1.471142	-0.0059	12.2606
1.4712115	-0.0086	12.2607
1.4712809	-0.0048	12.2607
1.4713504	0.0047	12.2608
1.4714198	0.0085	12.2608
1.4714893	0.0073	12.2609
1.4715587	0.0011	12.2609
1.4716281	-0.003	12.2609
1.4716976	0.01	12.261
1.471767	0.0102	12.261
1.4718365	-0.008	12.261
1.4719059	-0.0093	12.261
1.4719754	0.001	12.261
1.4720448	-0.0092	12.261
1.4721143	-0.021	12.261
1.4721837	-0.0109	12.261
1.4722531	-0.0178	12.261
1.4723226	-0.0005	12.2609
1.472392	-0.0087	12.2609
1.4724615	-0.0008	12.2609
1.4725309	-0.0091	12.2608
1.4726004	-0.0063	12.2608
1.4726698	-0.004	12.2607
1.4727393	0.0004	12.2607
1.4728087	0.0026	12.2606
1.4728781	0.0049	12.2605
1.4729476	0.0076	12.2605
1.473017	0.0051	12.2604
1.4730865	0.0027	12.2603
1.4731559	0.0111	12.2602
1.4732254	0.0091	12.2602
1.4732948	0.0139	12.2601
1.4733643	0.0224	12.26
1.4734337	0.0199	12.2599
1.4735031	0.0228	12.2598
1.4735726	0.0064	12.2596
1.473642	0.0093	12.2595
1.4737115	0.0116	12.2594
1.4737809	0.0139	12.2593
1.4738504	0.0058	12.2591
1.4739198	0.0202	12.259
1.4739893	0.0099	12.2589
1.4740587	0.0034	12.2587
1.4741281	0.0172	12.2586
1.4741976	0.0087	12.2584
1.474267	0.0036	12.2583
1.4743365	0.0034	12.2581
1.4744059	0.0158	12.258
1.4744754	0.004	12.2578
1.4745448	0.0071	12.2576
1.4746143	0.0152	12.2574
1.4746837	0.0063	12.2573
1.4747531	0.0115	12.2571
1.4748226	0.0164	12.2569
1.474892	0.005	12.2567
1.4749615	0.0258	12.2565
1.4750309	0.0124	12.2563
1.4751004	0.0024	12.2561
1.4751698	0.0029	12.2559
1.4752393	0.0131	12.2557
1.4753087	0.0043	12.2555
1.4753781	0.0095	12.2553
1.4754476	-0.0023	12.255
1.475517	-0.0095	12.2548
1.4755865	-0.0031	12.2546
1.4756559	-0.01	12.2544
1.4757254	0.002	12.2541
1.4757948	-0.007	12.2539
1.4758643	-0.0017	12.2536
1.4759337	0.0043	12.2534
1.4760031	0.0123	12.2531
1.4760726	0.0092	12.2529
1.476142	-0.0045	12.2526
1.4762115	-0.0096	12.2524
1.4762809	-0.0171	12.2521
1.4763504	-0.0085	12.2519
1.4764198	-0.0193	12.2516
1.4764893	-0.0176	12.2513
1.4765587	-0.0168	12.251
1.4766281	-0.0134	12.2508
1.4766976	-0.0096	12.2505
1.476767	-0.0108	12.2502
1.4768365	-0.0077	12.2499
1.4769059	-0.018	12.2496
1.4769754	-0.0181	12.2493
1.4770448	-0.0098	12.249
1.4771143	-0.0107	12.2487
1.4771837	-0.0101	12.2484
1.4772531	-0.0026	12.2481
1.4773226	0.0039	12.2478
1.477392	0.0027	12.2475
1.4774615	0.0072	12.2472
1.4775309	-0.0034	12.2469
1.4776004	0.0041	12.2466
1.4776698	0.0055	12.2463
1.4777393	0.0069	12.2459
1.4778087	0.0124	12.2456
1.4778781	0.0047	12.2453
1.4779476	0.0014	12.245
1.478017	-0.0093	12.2446
1.4780865	-0.0017	12.2443
1.4781559	-0.0073	12.244
1.4782254	-0.0128	12.2436
1.4782948	-0.0071	12.2433
1.4783643	0.0075	12.2429
1.4784337	-0.0008	12.2426
1.4785031	-0.0004	12.2423
1.4785726	-0.0003	12.2419
1.478642	0.0081	12.2416
1.4787115	0.0025	12.2412
1.4787809	-0.0028	12.2408
1.4788504	0.0007	12.2405
1.4789198	0.0001	12.2401
1.4789893	-0.0144	12.2398
1.4790587	-0.0084	12.2394
1.4791281	-0.0059	12.239
1.4791976	-0.0013	12.2387
1.479267	-0.0088	12.2383
1.4793365	-0.0131	12.2379
1.4794059	-0.0097	12.2376
1.4794754	-0.0052	12.2372
1.4795448	-0.0173	12.2368
1.4796143	-0.0086	12.2364
1.4796837	-0.0016	12.2361
1.4797531	-0.0068	12.2357
1.4798226	-0.0026	12.2353
1.479892	-0.0015	12.2349
1.4799615	0.0013	12.2345
1.4800309	0.0016	12.2342
1.4801004	0.0091	12.2338
1.4801698	-0.0014	12.2334
1.4802393	-0.0013	12.233
1.4803087	-0.0136	12.2326
1.4803781	-0.0092	12.2322
1.4804476	-0.0094	12.2318
1.480517	0.0065	12.2314
1.4805865	0.0088	12.231
1.4806559	0.0105	12.2306
1.4807254	0.0137	12.2302
1.4807948	0.0088	12.2298
1.4808643	0.0019	12.2294
1.4809337	0.0098	12.229
1.4810031	0.0083	12.2286
1.4810726	0.0049	12.2282
1.481142	-0.0025	12.2278
1.4812115	0.0057	12.2274
1.4812809	0.0099	12.227
1.4813504	0.0089	12.2266
1.4814198	-0.0069	12.2262
1.4814893	0.0012	12.2258
1.4815587	-0.0017	12.2254
1.4816281	0.0057	12.225
1.4816976	0.014	12.2246
1.481767	0.0027	12.2242
1.4818365	0.0022	12.2238
1.4819059	0.0101	12.2234
1.4819754	0.0092	12.223
1.4820448	0.0044	12.2226
1.4821143	0.0065	12.2221
1.4821837	0.0053	12.2217
1.4822531	0.0026	12.2213
1.4823226	0.0041	12.2209
1.482392	0.0074	12.2205
1.4824615	-0.0004	12.2201
1.4825309	0.0095	12.2197
1.4826004	0.0023	12.2193
1.4826698	0.0063	12.2188
1.4827393	0.0029	12.2184
1.4828087	0.0068	12.218
1.4828781	0.0106	12.2176
1.4829476	0.0093	12.2172
1.483017	0.0026	12.2168
1.4830865	-0.004	12.2164
1.4831559	0.0122	12.216
1.4832254	0.004	12.2156
1.4832948	0.0115	12.2152
1.4833643	0.007	12.2148
1.4834337	0.0012	12.2144
1.4835031	0.0093	12.214
1.4835726	-0.0106	12.2136
1.483642	-0.0019	12.2132
1.4837115	0.0078	12.2128
1.4837809	-0.0069	12.2125
1.4838504	-0.0089	12.2121
1.4839198	-0.0096	12.2117
1.4839893	-0.0051	12.2113
1.4840587	-0.004	12.211
1.4841281	-0.0096	12.2106
1.4841976	-0.0066	12.2102
1.484267	-0.0039	12.2099
1.4843365	-0.0041	12.2095
1.4844059	0.0045	12.2092
1.4844754	0.003	12.2089
1.4845448	0.0087	12.2085
1.4846143	-0.0108	12.2082
1.4846837	-0.0137	12.2079
1.4847531	-0.0109	12.2076
1.4848226	-0.0182	12.2072
1.484892	0.0186	12.2069
1.4849615	0.0032	12.2066
1.4850309	-0.0133	12.2063
1.4851004	-0.0142	12.2061
1.4851698	-0.0171	12.2058
1.4852393	-0.0155	12.2055
1.4853087	-0.0096	12.2052
1.4853781	-0.0097	12.205
1.4854476	-0.0026	12.2047
1.485517	-0.0019	12.2045
1.4855865	-0.0048	12.2043
1.4856559	0.0048	12.204
1.4857254	0.0138	12.2038
1.4857948	0.0052	12.2036
1.4858643	0.0027	12.2034
1.4859337	0.0087	12.2032
1.4860031	0.0101	12.203
1.4860726	0.0014	12.2029
1.486142	0.0089	12.2027
1.4862115	0.0099	12.2026
1.4862809	0.0028	12.2024
1.4863504	0.0029	12.2023
1.4864198	0.0075	12.2022
1.4864893	0.0046	12.2021
1.4865587	0.0122	12.202
1.4866281	0.0029	12.2019
1.4866976	0.0086	12.2018
1.486767	0.0036	12.2017
1.4868365	0.0092	12.2017
1.4869059	0.0181	12.2016
1.4869754	0.0165	12.2016
1.4870448	0.0143	12.2016
1.4871143	0.0135	12.2016
1.4871837	-0.0182	12.2016
1.4872531	0.0024	12.2016
1.4873226	-0.0092	12.2016
1.487392	-0.0083	12.2016
1.4874615	-0.0085	12.2017
1.4875309	-0.0054	12.2018
1.4876004	0.0043	12.2019
1.4876698	-0.0083	12.2019
1.4877393	-0.0042	12.2021
1.4878087	-0.0021	12.2022
1.4878781	0.0049	12.2023
1.4879476	0.0005	12.2025
1.488017	-0.0162	12.2026
1.4880865	0.0005	12.2028
1.4881559	-0.0066	12.203
1.4882254	-0.0097	12.2032
1.4882948	-0.0049	12.2034
1.4883643	-0.0129	12.2037
1.4884337	-0.015	12.2039
1.4885031	-0.0127	12.2042
1.4885726	-0.0127	12.2045
1.488642	0.0004	12.2047
1.4887115	-0.0066	12.205
1.4887809	-0.0122	12.2053
1.4888504	-0.013	12.2057
1.4889198	-0.0136	12.206
1.4889893	-0.005	12.2063
1.4890587	-0.0034	12.2067
1.4891281	-0.0124	12.207
1.4891976	-0.0127	12.2074
1.489267	-0.0045	12.2078
1.4893365	-0.0028	12.2081
1.4894059	-0.0094	12.2085
1.4894754	-0.0057	12.2089
1.4895448	-0.0142	12.2093
1.4896143	-0.009	12.2097
1.4896837	-0.0092	12.2101
1.4897531	-0.0144	12.2105
1.4898226	-0.0055	12.2109
1.489892	-0.0124	12.2114
1.4899615	-0.0116	12.2118
1.4900309	-0.0055	12.2122
1.4901004	-0.0015	12.2126
1.4901698	-0.0043	12.2131
1.4902393	-0.0101	12.2135
1.4903087	-0.015	12.2139
1.4903781	-0.0102	12.2144
1.4904476	-0.0053	12.2148
1.490517	-0.0226	12.2152
1.4905865	-0.0071	12.2157
1.4906559	-0.0009	12.2161
1.4907254	-0.0088	12.2166
1.4907948	-0.0157	12.217
1.4908643	-0.015	12.2174
1.4909337	-0.0058	12.2178
1.4910031	-0.0198	12.2183
1.4910726	-0.0185	12.2187
1.491142	-0.016	12.2191
1.4912115	-0.0109	12.2195
1.4912809	-0.0244	12.2199
1.4913504	-0.0321	12.2203
1.4914198	-0.0168	12.2207
1.4914893	-0.0249	12.2211
1.4915587	-0.0224	12.2215
1.4916281	-0.0235	12.2219
1.4916976	-0.0215	12.2222
1.491767	-0.0236	12.2226
1.4918365	-0.0188	12.223
1.4919059	-0.0161	12.2233
1.4919754	-0.0169	12.2236
1.4920448	-0.008	12.224
1.4921143	-0.0109	12.2243
1.4921837	-0.0177	12.2246
1.4922531	-0.0148	12.2249
1.4923226	-0.0116	12.2252
1.492392	-0.005	12.2254
1.4924615	-0.0047	12.2257
1.4925309	-0.009	12.2259
1.4926004	-0.0054	12.2262
1.4926698	-0.0121	12.2264
1.4927393	-0.0	12.2266
1.4928087	0.0007	12.2268
1.4928781	-0.012	12.227
1.4929476	-0.008	12.2272
1.493017	-0.0035	12.2273
1.4930865	-0.0005	12.2274
1.4931559	0.0086	12.2276
1.4932254	0.0094	12.2277
1.4932948	-0.0016	12.2277
1.4933643	0.0032	12.2278
1.4934337	0.008	12.2279
1.4935031	0.0055	12.2279
1.4935726	0.0097	12.2279
1.493642	0.024	12.2279
1.4937115	0.0131	12.2279
1.4937809	0.0082	12.2278
1.4938504	0.0207	12.2277
1.4939198	0.0102	12.2276
1.4939893	0.0217	12.2275
1.4940587	0.0129	12.2274
1.4941281	0.0156	12.2273
1.4941976	0.0031	12.2271
1.494267	0.0118	12.2269
1.4943365	0.0042	12.2267
1.4944059	0.0052	12.2265
1.4944754	0.0131	12.2263
1.4945448	0.0105	12.226
1.4946143	0.0026	12.2258
1.4946837	0.0113	12.2255
1.4947531	0.0076	12.2252
1.4948226	0.0103	12.2249
1.494892	0.0136	12.2245
1.4949615	0.0149	12.2242
1.4950309	0.0186	12.2238
1.4951004	0.01	12.2234
1.4951698	0.008	12.223
1.4952393	0.0171	12.2226
1.4953087	0.0213	12.2222
1.4953781	0.0246	12.2218
1.4954476	0.023	12.2213
1.495517	0.0256	12.2209
1.4955865	0.0251	12.2204
1.4956559	0.0321	12.2199
1.4957254	0.0182	12.2194
1.4957948	0.0136	12.2189
1.4958643	0.0166	12.2183
1.4959337	0.014	12.2178
1.4960031	0.0081	12.2172
1.4960726	0.016	12.2167
1.496142	0.0345	12.2161
1.4962115	0.0333	12.2155
1.4962809	0.0223	12.2149
1.4963504	0.0315	12.2143
1.4964198	0.0362	12.2137
1.4964893	0.0255	12.2131
1.4965587	0.0282	12.2124
1.4966281	0.0281	12.2118
1.4966976	0.0207	12.2111
1.496767	0.027	12.2104
1.4968365	0.01	12.2098
1.4969059	0.0046	12.2091
1.4969754	0.0283	12.2084
1.4970448	0.0129	12.2077
1.4971143	0.0137	12.207
1.4971837	0.0166	12.2062
1.4972531	0.0212	12.2055
1.4973226	0.0222	12.2048
1.497392	0.0264	12.204
1.4974615	0.0312	12.2033
1.4975309	0.0339	12.2025
1.4976004	0.0224	12.2018
1.4976698	0.0145	12.201
1.4977393	0.0124	12.2002
1.4978087	0.0241	12.1994
1.4978781	0.0247	12.1987
1.4979476	0.0185	12.1979
1.498017	0.0213	12.1971
1.4980865	0.018	12.1963
1.4981559	0.0126	12.1955
1.4982254	0.0063	12.1947
1.4982948	0.0017	12.1938
1.4983643	0.0076	12.193
1.4984337	0.0051	12.1922
1.4985031	-0.0014	12.1914
1.4985726	0.0033	12.1906
1.498642	0.002	12.1897
1.4987115	-0.0043	12.1889
1.4987809	-0.0123	12.1881
1.4988504	-0.0007	12.1872
1.4989198	0.0012	12.1864
1.4989893	0.0009	12.1856
1.4990587	-0.0033	12.1847
1.4991281	-0.0097	12.1839
1.4991976	0.0053	12.1831
1.499267	-0.0075	12.1822
1.4993365	-0.0014	12.1814
1.4994059	-0.0036	12.1805
1.4994754	0.0011	12.1797
1.4995448	0.0037	12.1789
1.4996143	-0.008	12.178
1.4996837	-0.0019	12.1772
1.4997531	-0.0001	12.1763
1.4998226	-0.0052	12.1755
1.499892	-0.0177	12.1747
1.4999615	-0.0137	12.1738
1.5000309	0.0005	12.173
1.5001004	-0.0082	12.1722
1.5001698	-0.0046	12.1714
1.5002393	-0.0005	12.1705
1.5003087	-0.007	12.1697
1.5003781	-0.004	12.1689
1.5004476	-0.0099	12.1681
1.500517	-0.0102	12.1673
1.5005865	-0.004	12.1665
1.5006559	-0.0047	12.1657
1.5007254	-0.0059	12.1649
1.5007948	-0.0203	12.1641
1.5008643	-0.0055	12.1633
1.5009337	-0.0165	12.1625
1.5010031	-0.0124	12.1618
1.5010726	-0.0117	12.161
1.501142	-0.0127	12.1603
1.5012115	-0.0114	12.1595
1.5012809	-0.0171	12.1588
1.5013504	-0.0157	12.158
1.5014198	-0.0131	12.1573
1.5014893	-0.0071	12.1566
1.5015587	-0.009	12.1558
1.5016281	-0.0066	12.1551
1.5016976	-0.0077	12.1544
1.501767	-0.0165	12.1537
1.5018365	-0.0157	12.153
1.5019059	-0.0193	12.1524
1.5019754	-0.0194	12.1517
1.5020448	-0.0277	12.1511
1.5021143	-0.0217	12.1504
1.5021837	-0.0166	12.1498
1.5022531	-0.0211	12.1491
1.5023226	-0.0227	12.1485
1.502392	-0.0199	12.1479
1.5024615	-0.0114	12.1473
1.5025309	-0.0056	12.1467
1.5026004	-0.0064	12.1462
1.5026698	-0.0155	12.1456
1.5027393	-0.013	12.1451
1.5028087	-0.0025	12.1445
1.5028781	-0.0035	12.144
1.5029476	-0.0104	12.1435
1.503017	-0.0135	12.143
1.5030865	-0.0074	12.1425
1.5031559	-0.0102	12.142
1.5032254	-0.018	12.1416
1.5032948	-0.0106	12.1411
1.5033643	-0.0096	12.1407
1.5034337	-0.0162	12.1403
1.5035031	-0.0156	12.1399
1.5035726	-0.0066	12.1395
1.503642	-0.0138	12.1391
1.5037115	-0.0255	12.1387
1.5037809	-0.0268	12.1384
1.5038504	-0.0299	12.1381
1.5039198	-0.0212	12.1378
1.5039893	-0.0164	12.1375
1.5040587	-0.0125	12.1372
1.5041281	-0.0216	12.1369
1.5041976	-0.0188	12.1367
1.504267	-0.0254	12.1364
1.5043365	-0.0234	12.1362
1.5044059	-0.0214	12.136
1.5044463	-0.0158	12.1359
1.5045157	-0.0004	12.1358
1.5045852	-0.009	12.1356
1.5046546	-0.0159	12.1355
1.5047241	-0.0028	12.1354
1.5047935	-0.0035	12.1353
1.5048629	-0.0093	12.1352
1.5049324	-0.0031	12.1352
1.5050018	-0.0089	12.1352
1.5050713	-0.0118	12.1351
1.5051407	-0.011	12.1352
1.5052102	-0.0002	12.1352
1.5052796	0.003	12.1352
1.5053491	-0.0119	12.1353
1.5054185	-0.0098	12.1354
1.5054879	-0.0083	12.1355
1.5055574	0.0049	12.1356
1.5056268	-0.004	12.1357
1.5056963	-0.0062	12.1359
1.5057657	-0.001	12.136
1.5058352	0.005	12.1362
1.5059046	0.0003	12.1364
1.5059741	-0.0028	12.1366
1.5060435	0.0057	12.1369
1.5061129	-0.0011	12.1371
1.5061824	0.005	12.1374
1.5062518	0.0012	12.1377
1.5063213	0.0112	12.1379
1.5063907	0.0124	12.1382
1.5064602	0.0108	12.1386
1.5065296	-0.0037	12.1389
1.5065991	0.0024	12.1392
1.5066685	0.0017	12.1396
1.5067379	0.0001	12.14
1.5068074	0.0025	12.1404
1.5068768	0.0026	12.1407
1.5069463	0.0084	12.1412
1.5070157	0.003	12.1416
1.5070852	0.0087	12.142
1.5071546	0.0089	12.1424
1.5072241	0.0074	12.1429
1.5072935	0.0062	12.1433
1.5073629	0.0128	12.1438
1.5074324	0.0074	12.1443
1.5075018	0.011	12.1448
1.5075713	0.0039	12.1453
1.5076407	0.0152	12.1458
1.5077102	0.0074	12.1463
1.5077796	0.0087	12.1468
1.5078491	0.0115	12.1474
1.5079185	0.0125	12.1479
1.5079879	0.0125	12.1485
1.5080574	0.0192	12.149
1.5081268	0.0139	12.1496
1.5081963	0.004	12.1502
1.5082657	0.008	12.1507
1.5083352	0.007	12.1513
1.5084046	0.0076	12.1519
1.5084741	0.0043	12.1525
1.5085435	0.009	12.1531
1.5086129	0.0043	12.1537
1.5086824	0.004	12.1543
1.5087518	0.0018	12.1549
1.5088213	0.0159	12.1556
1.5088907	0.0067	12.1562
1.5089602	0.0001	12.1568
1.5090296	0.0064	12.1574
1.5090991	-0.0054	12.1581
1.5091685	0.0047	12.1587
1.5092379	-0.0038	12.1593
1.5093074	0.0138	12.16
1.5093768	0.0041	12.1606
1.5094463	0.0072	12.1613
1.5095157	0.0009	12.1619
1.5095852	0.0084	12.1626
1.5096546	-0.0011	12.1632
1.5097241	0.0002	12.1639
1.5097935	-0.0002	12.1645
1.5098629	-0.008	12.1652
1.5099324	-0.0096	12.1658
1.5100018	0.0006	12.1665
1.5100713	0.0045	12.1671
1.5101407	0.0015	12.1678
1.5102102	-0.0092	12.1684
1.5102796	-0.0074	12.169
1.5103491	0.0044	12.1697
1.5104185	0.0033	12.1703
1.5104879	-0.001	12.171
1.5105574	0.0037	12.1716
1.5106268	-0.0022	12.1722
1.5106963	0.0066	12.1728
1.5107657	0.0071	12.1735
1.5108352	-0.003	12.1741
1.5109046	-0.002	12.1747
1.5109741	0.003	12.1753
1.5110435	-0.0004	12.176
1.5111129	-0.0047	12.1766
1.5111824	0.0031	12.1772
1.5112518	0.0002	12.1778
1.5113213	-0.0029	12.1784
1.5113907	-0.0024	12.179
1.5114602	-0.0038	12.1796
1.5115296	-0.0049	12.1802
1.5115991	-0.0033	12.1808
1.5116685	-0.0027	12.1814
1.5117379	-0.0028	12.182
1.5118074	0.0056	12.1826
1.5118768	0.0095	12.1832
1.5119463	0.0103	12.1838
1.5120157	0.0052	12.1844
1.5120852	0.0002	12.1849
1.5121546	0.0112	12.1855
1.5122241	0.0121	12.1861
1.5122935	-0.0002	12.1867
1.5123629	0.0075	12.1873
1.5124324	0.0076	12.1879
1.5125018	-0.0011	12.1885
1.5125713	-0.0023	12.189
1.5126407	-0.0011	12.1896
1.5127102	0.001	12.1902
1.5127796	-0.0018	12.1908
1.5128491	-0.0054	12.1914
1.5129185	0.0021	12.192
1.5129879	0.0138	12.1925
1.5130574	-0.0088	12.1931
1.5131268	-0.002	12.1937
1.5131963	0.0029	12.1943
1.5132657	0.012	12.1949
1.5133352	0.0085	12.1954
1.5134046	0.009	12.196
1.5134741	0.0124	12.1966
1.5135435	0.0154	12.1972
1.5136129	0.0037	12.1978
1.5136824	0.0043	12.1984
1.5137518	0.0031	12.1989
1.5138213	0.0044	12.1995
1.5138907	-0.0062	12.2001
1.5139602	0.0082	12.2007
1.5140296	0.0118	12.2013
1.5140991	0.011	12.2019
1.5141685	0.0125	12.2025
1.5142379	0.0048	12.203
1.5143074	0.014	12.2036
1.5143768	0.0136	12.2042
1.5144463	0.0205	12.2048
1.5145157	0.013	12.2054
1.5145852	0.0142	12.206
1.5146546	0.0165	12.2066
1.5147241	0.0035	12.2072
1.5147935	0.0028	12.2078
1.5148629	0.0099	12.2084
1.5149324	0.0027	12.2091
1.5150018	-0.0015	12.2097
1.5150713	0.0077	12.2103
1.5151407	-0.0034	12.2109
1.5152102	0.0007	12.2115
1.5152796	-0.0132	12.2121
1.5153491	0.0058	12.2128
1.5154185	-0.0076	12.2134
1.5154879	-0.0181	12.214
1.5155574	-0.0255	12.2146
1.5156268	-0.0114	12.2153
1.5156963	-0.0073	12.2159
1.5157657	-0.0147	12.2165
1.5158352	-0.0156	12.2172
1.5159046	-0.0103	12.2178
1.5159741	-0.0054	12.2185
1.5160435	-0.009	12.2191
1.5161129	-0.0132	12.2198
1.5161824	-0.0157	12.2204
1.5162518	-0.0139	12.2211
1.5163213	-0.0174	12.2218
1.5163907	-0.0191	12.2224
1.5164602	-0.0071	12.2231
1.5165296	-0.0109	12.2238
1.5165991	-0.0147	12.2245
1.5166685	-0.0201	12.2252
1.5167379	-0.0286	12.2258
1.5168074	-0.0167	12.2265
1.5168768	-0.0188	12.2272
1.5169463	-0.0198	12.2279
1.5170157	-0.015	12.2286
1.5170852	-0.0096	12.2293
1.5171546	-0.0214	12.23
1.5172241	-0.0208	12.2307
1.5172935	-0.0187	12.2314
1.5173629	-0.0177	12.2321
1.5174324	-0.0169	12.2328
1.5175018	-0.0134	12.2335
1.5175713	-0.0152	12.2343
1.5176407	-0.0112	12.235
1.5177102	-0.0175	12.2357
1.5177796	-0.009	12.2364
1.5178491	-0.0124	12.2371
1.5179185	-0.0056	12.2378
1.5179879	-0.0082	12.2386
1.5180574	-0.0135	12.2393
1.5181268	0.0014	12.24
1.5181963	0.0028	12.2407
1.5182657	-0.0143	12.2415
1.5183352	-0.0249	12.2422
1.5184046	-0.0142	12.2429
1.5184741	-0.0106	12.2437
1.5185435	-0.0045	12.2444
1.5186129	-0.0061	12.2451
1.5186824	0.0005	12.2459
1.5187518	-0.0054	12.2466
1.5188213	-0.0033	12.2473
1.5188907	-0.0111	12.2481
1.5189602	-0.0099	12.2488
1.5190296	-0.0064	12.2495
1.5190991	-0.0133	12.2503
1.5191685	-0.0138	12.251
1.5192379	-0.0038	12.2517
1.5193074	-0.009	12.2525
1.5193768	-0.0085	12.2532
1.5194463	-0.0102	12.2539
1.5195157	-0.0021	12.2547
1.5195852	0.0041	12.2554
1.5196546	-0.0024	12.2561
1.5197241	0.0012	12.2568
1.5197935	-0.0005	12.2576
1.5198629	0.0083	12.2583
1.5199324	0.0097	12.259
1.5200018	0.0021	12.2598
1.5200713	-0.0013	12.2605
1.5201407	-0.0041	12.2612
1.5202102	-0.0004	12.2619
1.5202796	-0.0034	12.2627
1.5203491	-0.0164	12.2634
1.5204185	-0.0177	12.2641
1.5204879	-0.0105	12.2648
1.5205574	-0.0044	12.2655
1.5206268	-0.005	12.2662
1.5206963	-0.0151	12.2669
1.5207657	-0.0214	12.2677
1.5208352	-0.0044	12.2684
1.5209046	0.0052	12.2691
1.5209741	0.0211	12.2698
1.5210435	0.0066	12.2705
1.5211129	-0.0008	12.2712
1.5211824	-0.0076	12.2719
1.5212518	0.0023	12.2726
1.5213213	0.0082	12.2733
1.5213907	0.012	12.2739
1.5214602	0.0072	12.2746
1.5215296	0.0052	12.2753
1.5215991	-0.002	12.276
1.5216685	0.0136	12.2767
1.5217379	0.0077	12.2773
1.5218074	0.0189	12.278
1.5218768	0.0129	12.2787
1.5219463	0.0273	12.2793
1.5220157	0.0185	12.28
1.5220852	0.0239	12.2806
1.5221546	0.0217	12.2813
1.5222241	0.0243	12.2819
1.5222935	0.0236	12.2826
1.5223629	0.0237	12.2832
1.5224324	0.0121	12.2839
1.5225018	0.0318	12.2845
1.5225713	0.0337	12.2851
1.5226407	0.0178	12.2858
1.5227102	0.0162	12.2864
1.5227796	0.0209	12.287
1.5228491	0.0083	12.2876
1.5229185	0.0169	12.2882
1.5229879	0.0138	12.2888
1.5230574	0.0104	12.2894
1.5231268	0.0182	12.29
1.5231963	0.0133	12.2906
1.5232657	0.0132	12.2912
1.5233352	0.0085	12.2917
1.5234046	0.0133	12.2923
1.5234741	0.0188	12.2929
1.5235435	0.0127	12.2934
1.5236129	0.006	12.294
1.5236824	0.0123	12.2945
1.5237518	0.0121	12.2951
1.5238213	0.0199	12.2956
1.5238907	0.002	12.2962
1.5239602	0.0024	12.2967
1.5240296	0.0077	12.2972
1.5240991	-0.0012	12.2977
1.5241685	-0.0068	12.2982
1.5242379	0.0015	12.2987
1.5243074	0.0042	12.2992
1.5243768	0.0114	12.2997
1.5244463	0.0008	12.3002
1.5245157	0.0218	12.3007
1.5245852	0.0079	12.3012
1.5246546	0.0133	12.3016
1.5247241	0.0168	12.3021
1.5247935	0.0244	12.3025
1.5248629	0.0099	12.303
1.5249324	0.0059	12.3034
1.5250018	0.0147	12.3038
1.5250713	0.0293	12.3043
1.5251407	0.0082	12.3047
1.5252102	0.0214	12.3051
1.5252796	0.0092	12.3055
1.5253491	0.0167	12.3059
1.5254185	0.0128	12.3063
1.5254879	0.0059	12.3066
1.5255574	0.0097	12.307
1.5256268	0.0127	12.3074
1.5256963	-0.0023	12.3077
1.5257657	-0.0047	12.3081
1.5258352	-0.0055	12.3084
1.5259046	-0.0036	12.3087
1.5259741	-0.0067	12.309
1.5260435	-0.0144	12.3094
1.5261129	0.0041	12.3097
1.5261824	0.0022	12.31
1.5262518	-0.0119	12.3102
1.5263213	-0.0115	12.3105
1.5263907	-0.0097	12.3108
1.5264602	-0.0132	12.3111
1.5265296	-0.0159	12.3113
1.5265991	-0.0219	12.3115
1.5266685	-0.0068	12.3118
1.5267379	-0.0271	12.312
1.5268074	-0.0255	12.3122
1.5268768	-0.011	12.3124
1.5269463	-0.0148	12.3126
1.5270157	-0.0098	12.3128
1.5270852	-0.0171	12.313
1.5271546	-0.0025	12.3131
1.5272241	-0.0135	12.3133
1.5272935	-0.013	12.3134
1.5273629	-0.0202	12.3136
1.5274324	-0.0119	12.3137
1.5275018	-0.0086	12.3138
1.5275713	-0.0011	12.3139
1.5276407	-0.0142	12.314
1.5277102	-0.0155	12.3141
1.5277796	-0.0141	12.3142
1.5278491	-0.0131	12.3143
1.5279185	-0.007	12.3143
1.5279879	0.0105	12.3144
1.5280574	-0.0022	12.3144
1.5281268	-0.0004	12.3145
1.5281963	0.0005	12.3145
1.5282657	-0.0077	12.3145
1.5283352	0.006	12.3145
1.5284046	0.0065	12.3145
1.5284741	0.0031	12.3145
1.5285435	0.0158	12.3145
1.5286129	0.0094	12.3144
1.5286824	0.0017	12.3144
1.5287518	-0.0071	12.3144
1.5288213	0.0067	12.3143
1.5288907	0.0163	12.3143
1.5289602	0.0022	12.3142
1.5290296	0.0111	12.3141
1.5290991	0.0036	12.3141
1.5291685	0.0093	12.314
1.5292379	0.0181	12.3139
1.5293074	0.0204	12.3138
1.5293768	0.0204	12.3137
1.5294463	0.02	12.3136
1.5295157	0.0227	12.3135
1.5295852	0.0128	12.3134
1.5296546	0.0191	12.3132
1.5297241	0.0142	12.3131
1.5297935	-0.0055	12.313
1.5298629	-0.0009	12.3128
1.5299324	0.004	12.3127
1.5300018	0.0144	12.3125
1.5300713	0.0019	12.3124
1.5301407	0.0054	12.3122
1.5302102	0.0079	12.3121
1.5302796	0.0065	12.3119
1.5303491	0.0024	12.3117
1.5304185	0.013	12.3115
1.5304879	0.0077	12.3114
1.5305574	0.0041	12.3112
1.5306268	0.0087	12.311
1.5306963	0.0103	12.3108
1.5307657	0.0073	12.3106
1.5308352	0.0072	12.3104
1.5309046	0.0053	12.3102
1.5309741	-0.0069	12.31
1.5310435	0.009	12.3098
1.5311129	0.0108	12.3096
1.5311824	0.0042	12.3094
1.5312518	0.0065	12.3092
1.5313213	0.014	12.3089
1.5313907	0.0023	12.3087
1.5314602	-0.0012	12.3085
1.5315296	-0.0084	12.3083
1.5315991	-0.0035	12.3081
1.5316685	-0.0044	12.3078
1.5317379	-0.0072	12.3076
1.5318074	0.0058	12.3074
1.5318768	0.0011	12.3071
1.5319463	-0.0071	12.3069
1.5320157	-0.0113	12.3067
1.5320852	-0.0153	12.3065
1.5321546	-0.0071	12.3062
1.5322241	-0.0167	12.306
1.5322935	-0.0087	12.3058
1.5323629	-0.013	12.3055
1.5324324	0.0043	12.3053
1.5325018	-0.0093	12.3051
1.5325713	-0.0224	12.3048
1.5326407	-0.0133	12.3046
1.5327102	-0.0057	12.3044
1.5327796	-0.0099	12.3041
1.5328491	-0.0147	12.3039
1.5329185	-0.0122	12.3037
1.5329879	-0.011	12.3034
1.5330574	-0.024	12.3032
1.5331268	-0.0055	12.303
1.5331963	-0.0098	12.3028
1.5332657	0.0118	12.3026
1.5333352	-0.0038	12.3023
1.5334046	-0.0196	12.3021
1.5334741	-0.0052	12.3019
1.5335435	-0.0109	12.3017
1.5336129	0.0031	12.3015
1.5336824	-0.0032	12.3013
1.5337518	0.0049	12.3011
1.5338213	0.0047	12.3009
1.5338907	-0.002	12.3007
1.5339602	-0.0002	12.3005
1.5340296	0.0054	12.3003
1.5340991	0.0188	12.3001
1.5341685	0.0125	12.2999
1.5342379	0.0143	12.2997
1.5343074	0.0125	12.2996
1.5343768	0.0167	12.2994
1.5344463	0.0071	12.2992
1.5345157	0.0066	12.299
1.5345852	0.0026	12.2989
1.5346546	-0.0004	12.2987
1.5347241	0.0003	12.2986
1.5347935	-0.0112	12.2984
1.5348629	-0.0121	12.2983
1.5349324	-0.0152	12.2982
1.5350018	-0.0186	12.298
1.5350713	-0.022	12.2979
1.5351407	-0.0073	12.2978
1.5352102	-0.0212	12.2977
1.5352796	-0.0171	12.2976
1.5353491	-0.0296	12.2975
1.5354185	-0.0147	12.2974
1.5354879	-0.0172	12.2973
1.5355574	-0.0113	12.2972
1.5356268	-0.0203	12.2971
1.5356963	-0.0137	12.297
1.5357657	-0.0188	12.297
1.5358352	-0.0069	12.2969
1.5359046	-0.0089	12.2969
1.5359741	-0.0056	12.2968
1.5360435	0.0109	12.2968
1.5361129	0.0076	12.2968
1.5361824	0.0021	12.2968
1.5362518	0.0063	12.2967
1.5363213	0.0052	12.2967
1.5363907	0.0059	12.2967
1.5364602	-0.0009	12.2968
1.5365296	0.0143	12.2968
1.5365991	-0.005	12.2968
1.5366685	-0.0066	12.2969
1.5367379	-0.013	12.2969
1.5368074	-0.0069	12.297
1.5368768	0.0005	12.297
1.5369463	0.008	12.2971
1.5370157	0.0025	12.2972
1.5370852	-0.0069	12.2973
1.5371546	-0.0015	12.2974
1.5372241	-0.0046	12.2975
1.5372935	0.0049	12.2976
1.5373629	-0.0035	12.2978
1.5374324	-0.0008	12.2979
1.5375018	-0.0126	12.2981
1.5375713	-0.0042	12.2982
1.5376407	0.0128	12.2984
1.5377102	0.0167	12.2986
1.5377796	-0.0125	12.2988
1.5378491	-0.0005	12.299
1.5379185	0.0055	12.2992
1.5379879	0.0039	12.2995
1.5380574	-0.003	12.2997
1.5381268	0.0034	12.3
1.5381963	0.0049	12.3002
1.5382657	0.0068	12.3005
1.5383352	0.0077	12.3008
1.5384046	-0.0049	12.3011
1.5384741	-0.0119	12.3014
1.5385435	-0.0061	12.3018
1.5386129	-0.0119	12.3021
1.5386824	-0.0138	12.3025
1.5387518	-0.0131	12.3028
1.5388213	-0.0246	12.3032
1.5388907	-0.0118	12.3036
1.5389602	-0.0146	12.304
1.5390296	-0.015	12.3044
1.5390991	-0.0113	12.3048
1.5391685	-0.0114	12.3053
1.5392379	-0.0182	12.3057
1.5393074	-0.0036	12.3062
1.5393768	-0.0024	12.3066
1.5394463	-0.0113	12.3071
1.5395157	-0.0015	12.3076
1.5395852	0.0024	12.3081
1.5396546	0.0019	12.3086
1.5397241	-0.0101	12.3091
1.5397935	-0.0096	12.3096
1.5398629	0.0045	12.3101
1.5399324	-0.0028	12.3106
1.5400018	0.0043	12.3112
1.5400713	-0.0072	12.3117
1.5401407	0.0082	12.3122
1.5402102	-0.0051	12.3128
1.5402796	0.0007	12.3133
1.5403491	0.0046	12.3139
1.5404185	0.0019	12.3144
1.5404879	-0.0088	12.315
1.5405574	-0.0019	12.3155
1.5406268	0.0033	12.3161
1.5406963	0.0148	12.3166
1.5407657	0.019	12.3172
1.5408352	0.0198	12.3177
1.5409046	0.0164	12.3183
1.5409741	0.0153	12.3189
1.5410435	0.0132	12.3194
1.5411129	0.0151	12.32
1.5411824	0.026	12.3205
1.5412518	0.0234	12.3211
1.5413213	0.0268	12.3216
1.5413907	0.0283	12.3222
1.5414602	0.0265	12.3227
1.5415296	0.0235	12.3232
1.5415991	0.0243	12.3238
1.5416685	0.0176	12.3243
1.5417379	0.0368	12.3248
1.5418074	0.024	12.3254
1.5418768	0.0214	12.3259
1.5419463	0.0277	12.3264
1.5420157	0.0248	12.3269
1.5420852	0.0211	12.3274
1.5421546	0.0184	12.3279
1.5422241	0.0109	12.3283
1.5422935	0.0319	12.3288
1.5423629	0.0295	12.3293
1.5424324	0.0217	12.3297
1.5425018	0.0251	12.3302
1.5425713	0.0191	12.3306
1.5426407	0.0179	12.331
1.5427102	0.0201	12.3314
1.5427796	0.0274	12.3318
1.5428491	0.024	12.3322
1.5429185	0.0223	12.3326
1.5429879	0.0104	12.333
1.5430574	0.0183	12.3333
1.5431268	0.0222	12.3337
1.5431963	0.0266	12.334
1.5432657	0.0212	12.3343
1.5433352	0.0168	12.3346
1.5434046	0.0131	12.3349
1.5434741	0.0188	12.3352
1.5435435	0.0088	12.3354
1.5436129	0.0111	12.3356
1.5436824	0.007	12.3359
1.5437518	0.0208	12.3361
1.5438213	0.0035	12.3362
1.5438907	0.0114	12.3364
1.5439602	-0.0052	12.3366
1.5440296	0.0131	12.3367
1.5440991	0.0151	12.3368
1.5441685	0.0059	12.3369
1.5442379	0.0057	12.337
1.5443074	0.0103	12.337
1.5443768	0.0186	12.337
1.5444463	0.0059	12.3371
1.5445157	0.0066	12.3371
1.5445852	0.0059	12.337
1.5446546	0.004	12.337
1.5447241	-0.004	12.3369
1.5447935	-0.0033	12.3368
1.5448629	-0.007	12.3367
1.5449324	-0.01	12.3366
1.5450018	-0.0163	12.3365
1.5450713	-0.0177	12.3364
1.5451407	-0.0192	12.3362
1.5452102	-0.017	12.336
1.5452796	-0.0156	12.3358
1.5453491	-0.0165	12.3356
1.5454185	-0.0172	12.3354
1.5454879	-0.0177	12.3352
1.5455574	-0.0248	12.3349
1.5456268	-0.0252	12.3347
1.5456963	-0.009	12.3344
1.5457657	-0.0105	12.3341
1.5458352	-0.015	12.3339
1.5459046	-0.0122	12.3336
1.5459741	-0.0207	12.3333
1.5460435	-0.0108	12.3329
1.5461129	-0.0124	12.3326
1.5461824	-0.0142	12.3323
1.5462518	-0.0131	12.332
1.5463213	-0.0151	12.3316
1.5463907	-0.0183	12.3313
1.5464602	-0.013	12.3309
1.5465296	-0.0197	12.3305
1.5465991	-0.0267	12.3302
1.5466685	-0.0261	12.3298
1.5467379	-0.0221	12.3294
1.5468074	-0.0261	12.329
1.5468768	-0.0161	12.3286
1.5469463	-0.0097	12.3282
1.5470157	-0.0105	12.3278
1.5470852	-0.0197	12.3274
1.5471546	-0.0266	12.3271
1.5472241	-0.0152	12.3267
1.5472935	-0.0248	12.3263
1.5473629	-0.0307	12.3259
1.5474324	-0.0205	12.3255
1.5475018	-0.0193	12.3251
1.5475713	-0.0152	12.3247
1.5476407	-0.0242	12.3243
1.5477102	-0.027	12.3239
1.5477796	-0.0235	12.3235
1.5478491	-0.0065	12.3231
1.5479185	-0.0153	12.3227
1.5479879	-0.0137	12.3223
1.5480574	-0.0038	12.3219
1.5481268	-0.0034	12.3216
1.5481963	-0.0111	12.3212
1.5482657	-0.0136	12.3208
1.5483352	-0.0017	12.3205
1.5484046	-0.0057	12.3201
1.5484741	-0.0099	12.3198
1.5485435	-0.011	12.3195
1.5486129	-0.0015	12.3191
1.5486824	0.001	12.3188
1.5487518	-0.0105	12.3185
1.5488213	-0.0112	12.3182
1.5488907	0.0072	12.3179
1.5489602	0.0039	12.3176
1.5490296	0.01	12.3174
1.5490991	0.0058	12.3171
1.5491685	0.0045	12.3169
1.5492379	0.0097	12.3166
1.5493074	0.0095	12.3164
1.5493768	0.0069	12.3162
1.5494463	0.0056	12.316
1.5495157	-0.0011	12.3158
1.5495852	0.0034	12.3157
1.5496546	-0.021	12.3155
1.5497241	-0.0102	12.3154
1.5497935	-0.0027	12.3153
1.5498629	-0.0105	12.3152
1.5499324	-0.0051	12.3151
1.5500018	-0.0054	12.315
1.5500713	0.0014	12.315
1.5501407	-0.0083	12.3149
1.5502102	-0.0086	12.3149
1.5502796	-0.0077	12.3149
1.5503491	-0.009	12.3149
1.5504185	-0.0185	12.315
1.5504879	-0.0179	12.3151
1.5505574	-0.0096	12.3151
1.5506268	-0.015	12.3152
1.5506963	-0.012	12.3154
1.5507657	-0.0155	12.3155
1.5508352	-0.0092	12.3157
1.5509046	-0.02	12.3159
1.5509741	-0.0151	12.3161
1.5510435	-0.0047	12.3164
1.5511129	-0.0083	12.3166
1.5511824	-0.0018	12.3169
1.5512518	-0.0113	12.3173
1.5513213	-0.0193	12.3176
1.5513907	-0.0041	12.318
1.5514602	0.0	12.3184
1.5515296	-0.0029	12.3188
1.5515991	-0.0108	12.3193
1.5516685	0.003	12.3198
1.5517379	0.0095	12.3203
1.5518074	0.0052	12.3208
1.5518768	0.0024	12.3214
1.5519463	0.0051	12.322
1.5520157	0.0151	12.3226
1.5520852	0.0005	12.3233
1.5521546	0.0094	12.324
1.5522241	0.0105	12.3247
1.5522935	0.0045	12.3255
1.5523629	0.0002	12.3263
1.5524324	0.0074	12.3271
1.5525018	0.0001	12.3279
1.5525713	-0.0051	12.3288
1.5526407	-0.0077	12.3298
1.5527102	-0.0011	12.3307
1.5527796	0.0046	12.3317
1.5528491	0.0052	12.3328
1.5529185	0.0014	12.3339
1.5529879	0.0091	12.335
1.5530574	0.0089	12.3361
1.5531268	-0.0019	12.3373
1.5531963	-0.0067	12.3385
1.5532657	-0.0102	12.3398
1.5533352	-0.0103	12.3411
1.5534046	-0.0142	12.3425
1.5534741	-0.0129	12.3439
1.5535435	-0.0152	12.3453
1.5536129	-0.0199	12.3469
1.5536824	-0.0229	12.3484
1.5537518	-0.0183	12.3501
1.5538213	-0.0245	12.3517
1.5538907	-0.0101	12.3535
1.5539602	-0.032	12.3553
1.5540296	-0.0157	12.3572
1.5540991	-0.0193	12.3591
1.5541685	-0.0164	12.3611
1.5542379	-0.0116	12.3632
1.5543074	0.0044	12.3654
1.5543768	-0.0131	12.3676
1.5544463	-0.0021	12.37
1.5545157	-0.0109	12.3723
1.5545852	-0.0129	12.3748
1.5546546	-0.0155	12.3774
1.5547241	-0.0038	12.38
1.5547935	-0.0122	12.3827
1.5548629	-0.0098	12.3855
1.5549324	-0.0111	12.3884
1.5550018	0.0038	12.3913
1.5550713	-0.002	12.3943
1.5551407	-0.0102	12.3974
1.5552102	0.0017	12.4006
1.5552796	0.0021	12.4038
1.5553491	-0.008	12.4072
1.5554185	-0.0013	12.4105
1.5554879	-0.0064	12.414
1.5555574	-0.0121	12.4175
1.5556268	-0.0112	12.4211
1.5556963	-0.0019	12.4248
1.5557657	-0.0047	12.4286
1.5558352	0.0027	12.4324
1.5559046	-0.005	12.4363
1.5559741	-0.0044	12.4402
1.5560435	-0.0034	12.4443
1.5561129	-0.024	12.4484
1.5561824	-0.0107	12.4525
1.5562518	-0.0102	12.4568
1.5563213	-0.0023	12.4611
1.5563907	-0.0162	12.4654
1.5564602	-0.0171	12.4699
1.5565296	-0.001	12.4744
1.5565991	-0.0019	12.4789
1.5566685	-0.0083	12.4836
1.5567379	-0.0017	12.4882
1.5568074	-0.0108	12.493
1.5568768	-0.0041	12.4978
1.5569463	-0.0169	12.5027
1.5570157	-0.019	12.5077
1.5570852	-0.0157	12.5127
1.5571546	-0.0102	12.5177
1.5572241	-0.0272	12.5229
1.5572935	-0.0309	12.5281
1.5573629	-0.0166	12.5333
1.5574324	-0.0061	12.5386
1.5575018	-0.0114	12.544
1.5575713	-0.0258	12.5494
1.5576407	-0.0164	12.5549
1.5577102	0.0026	12.5605
1.5577796	-0.0099	12.5661
1.5578491	-0.0012	12.5717
1.5579185	-0.0049	12.5775
1.5579879	-0.0021	12.5832
1.5580574	-0.0022	12.5891
1.5581268	0.0085	12.5949
1.5581963	0.0124	12.6009
1.5582657	0.0083	12.6069
1.5583352	-0.0056	12.6129
1.5584046	0.0086	12.619
1.5584741	0.0046	12.6252
1.5585435	0.0051	12.6314
1.5586129	-0.0063	12.6376
1.5586824	0.0091	12.644
1.5587518	0.0069	12.6503
1.5588213	0.0036	12.6567
1.5588907	-0.0044	12.6632
1.5589602	-0.0083	12.6697
1.5590296	-0.003	12.6763
1.5590991	0.0018	12.6829
1.5591685	0.0111	12.6895
1.5592379	-0.0014	12.6962
1.5593074	-0.0067	12.703
1.5593768	0.0063	12.7098
1.5594463	0.0084	12.7166
1.5595157	0.0037	12.7235
1.5595852	0.0219	12.7304
1.5596546	0.0076	12.7374
1.5597241	0.0001	12.7444
1.5597935	0.0035	12.7515
1.5598629	0.0056	12.7586
1.5599324	0.0048	12.7658
1.5600018	0.0047	12.7729
1.5600713	-0.005	12.7802
1.5601407	0.0036	12.7875
1.5602102	0.014	12.7948
1.5602796	-0.0076	12.8021
1.5603491	0.0017	12.8095
1.5604185	0.006	12.817
1.5604879	0.0208	12.8244
1.5605574	0.0013	12.8319
1.5606268	0.0171	12.8395
1.5606963	0.0113	12.8471
1.5607657	0.0123	12.8547
1.5608352	-0.0004	12.8623
1.5609046	0.0091	12.87
1.5609741	0.0222	12.8777
1.5610435	0.0106	12.8854
1.5611129	-0.0061	12.8931
1.5611824	-0.0029	12.9009
1.5612518	0.0043	12.9087
1.5613213	0.0137	12.9166
1.5613907	-0.007	12.9244
1.5614602	0.0123	12.9323
1.5615296	0.0135	12.9402
1.5615991	0.0011	12.9481
1.5616685	-0.0031	12.9561
1.5617379	-0.0008	12.964
1.5618074	0.0048	12.972
1.5618768	0.0029	12.98
1.5619463	-0.0014	12.988
1.5620157	0.0049	12.996
1.5620852	-0.0044	13.0041
1.5621546	0.0026	13.0121
1.5622241	-0.0157	13.0202
1.5622935	-0.0061	13.0283
1.5623629	0.0088	13.0363
1.5624324	-0.0121	13.0444
1.5625018	-0.0076	13.0525
1.5625713	-0.0017	13.0606
1.5626407	0.0063	13.0687
1.5627102	0.0035	13.0769
1.5627796	-0.0068	13.085
1.5628491	-0.0109	13.0931
1.5629185	0.0005	13.1012
1.5629879	-0.0082	13.1094
1.5630574	0.0023	13.1175
1.5631268	-0.0115	13.1256
1.5631963	0.0033	13.1337
1.5632657	-0.0118	13.1418
1.5633352	-0.0068	13.1498
1.5634046	-0.0059	13.1578
1.5634741	0.0042	13.1658
1.5635435	-0.0099	13.1738
1.5636129	-0.0127	13.1817
1.5636824	-0.0103	13.1895
1.5637518	-0.0254	13.1973
1.5638213	-0.009	13.205
1.5638907	-0.0109	13.2127
1.5639602	-0.0011	13.2202
1.5640296	-0.0269	13.2277
1.5640991	-0.0364	13.2351
1.5641685	-0.0189	13.2424
1.5642379	-0.0112	13.2496
1.5643074	-0.0118	13.2567
1.5643768	-0.0093	13.2637
1.5644463	-0.0282	13.2706
1.5645157	-0.0346	13.2774
1.5645852	-0.0136	13.284
1.5646546	-0.0173	13.2905
1.5647241	-0.0242	13.2968
1.5647935	-0.0198	13.303
1.5648629	0.0051	13.3091
1.5649324	-0.0014	13.315
1.5650018	-0.0288	13.3207
1.5650713	-0.0109	13.3263
1.5651407	0.0103	13.3317
1.5652102	-0.0019	13.3369
1.5652796	-0.0131	13.342
1.5653491	-0.0044	13.3468
1.5654185	0.0114	13.3515
1.5654879	0.0115	13.3559
1.5655574	0.0086	13.3602
1.5656268	-0.0045	13.3642
1.5656963	0.0158	13.368
1.5657657	0.0274	13.3716
1.5658352	0.0119	13.375
1.5659046	0.0351	13.3781
1.5659741	0.0254	13.381
1.5660435	0.0238	13.3837
1.5661129	0.0232	13.3861
1.5661824	0.035	13.3883
1.5662518	0.0316	13.3903
1.5663213	0.0308	13.3921
1.5663907	0.0224	13.3937
1.5664602	0.021	13.3951
1.5665296	0.0445	13.3963
1.5665991	0.0367	13.3972
1.5666685	0.0213	13.398
1.5667379	0.0444	13.3985
1.5668074	0.0437	13.3989
1.5668768	0.0382	13.399
1.5669463	0.0364	13.399
1.5670157	0.026	13.3988
1.5670852	0.0511	13.3983
1.5671546	0.0528	13.3977
1.5672241	0.0617	13.397
1.5672935	0.0317	13.396
1.5673629	0.0457	13.3949
1.5674324	0.0371	13.3936
1.5675018	0.0386	13.3921
1.5675713	0.0264	13.3904
1.5676407	0.0019	13.3886
1.5677102	0.0228	13.3866
1.5677796	0.0338	13.3845
1.5678491	0.021	13.3821
1.5679185	0.0385	13.3797
1.5679879	0.0429	13.3771
1.5680574	0.017	13.3743
1.5681268	0.0306	13.3714
1.5681963	0.0113	13.3683
1.5682657	0.02	13.3651
1.5683352	0.0277	13.3617
1.5684046	0.0207	13.3582
1.5684741	0.0186	13.3546
1.5685435	0.0378	13.3508
1.5686129	0.0048	13.3469
1.5686824	0.01	13.3429
1.5687518	0.0288	13.3388
1.5688213	0.0077	13.3345
1.5688907	-0.0017	13.3301
1.5689602	0.0092	13.3256
1.5690296	0.0178	13.321
1.5690991	0.0034	13.3162
1.5691685	0.0	13.3114
1.5692379	0.0063	13.3064
1.5693074	-0.0107	13.3013
1.5693768	0.0063	13.2962
1.5694463	-0.006	13.2909
1.5695157	0.0097	13.2855
1.5695852	-0.0016	13.2801
1.5696546	0.016	13.2745
1.5697241	-0.0053	13.2689
1.5697935	-0.0057	13.2631
1.5698629	0.0061	13.2573
1.5699324	0.0011	13.2514
1.5700018	0.0035	13.2454
1.5700713	-0.0038	13.2394
1.5701407	0.0053	13.2332
1.5702102	0.0087	13.227
1.5702796	0.009	13.2207
1.5703491	0.0102	13.2144
1.5704185	0.0254	13.208
1.5704879	0.008	13.2015
1.5705574	0.0288	13.195
1.5706268	-0.0048	13.1884
1.5706963	0.0091	13.1818
1.5707657	0.0022	13.1751
1.5708352	0.0004	13.1683
1.5709046	-0.0083	13.1615
1.5709741	0.0015	13.1547
1.5710435	0.0104	13.1478
1.5711129	-0.0125	13.1409
1.5711824	-0.0137	13.134
1.5712518	-0.0031	13.127
1.5713213	0.0064	13.12
1.5713907	-0.0026	13.1129
1.5714602	0.0078	13.1058
1.5715296	-0.0025	13.0987
1.5715991	0.0015	13.0916
1.5716685	-0.0116	13.0845
1.5717379	-0.0117	13.0773
1.5718074	0.0065	13.0702
1.5718768	0.0003	13.063
1.5719463	-0.0057	13.0558
1.5720157	0.0044	13.0485
1.5720852	0.0056	13.0413
1.5721546	0.0021	13.0341
1.5722241	-0.0229	13.0268
1.5722935	-0.0037	13.0195
1.5723629	0.0066	13.0123
1.5724324	-0.0027	13.005
1.5725018	-0.014	12.9977
1.5725713	-0.014	12.9904
1.5726407	-0.0008	12.9831
1.5727102	0.0019	12.9758
1.5727796	0.0041	12.9685
1.5728491	-0.0108	12.9612
1.5729185	-0.0202	12.9539
1.5729879	-0.0167	12.9466
1.5731268	-0.0064	12.9321
1.5731963	0.0066	12.9248
1.5732657	-0.0082	12.9175
1.5733352	-0.0105	12.9102
1.5734046	-0.0073	12.903
1.5734741	0.0111	12.8957
1.5735435	0.0033	12.8885
1.5736129	-0.0189	12.8813
1.5736824	-0.0049	12.8741
1.5737518	-0.0113	12.8669
1.5738213	-0.018	12.8597
1.5738907	-0.0089	12.8526
1.5739602	0.0008	12.8455
1.5740296	0.0067	12.8383
1.5740991	-0.0098	12.8313
1.5741685	-0.0185	12.8242
1.5742379	0.0031	12.8172
1.5743074	0.0092	12.8101
1.5743768	-0.0069	12.8032
1.5744463	0.0042	12.7962
1.5745157	0.0011	12.7893
1.5745852	-0.0107	12.7824
1.5746546	-0.0081	12.7755
1.5747241	-0.0029	12.7687
1.5747935	-0.0057	12.7619
1.5748629	-0.0092	12.7551
1.5749324	-0.003	12.7484
1.5750018	-0.0312	12.7417
1.5750713	-0.0065	12.735
1.5751407	-0.0221	12.7284
1.5752102	-0.0182	12.7218
1.5752796	-0.0206	12.7153
1.5753491	-0.0155	12.7088
1.5754185	-0.0006	12.7024
1.5754879	-0.0198	12.696
1.5755574	-0.0123	12.6897
1.5756268	-0.0053	12.6834
1.5756963	-0.0059	12.6771
1.5757657	-0.0044	12.6709
1.5758352	-0.0031	12.6648
1.5759046	0.0105	12.6587
1.5759741	-0.0022	12.6527
1.5760435	-0.0236	12.6467
1.5761129	-0.0045	12.6408
1.5761824	-0.0009	12.6349
1.5762518	0.0053	12.6291
1.5763213	-0.0204	12.6234
1.5763907	-0.0168	12.6177
1.5764602	-0.0044	12.6121
1.5765296	-0.0064	12.6065
1.5765991	-0.033	12.601
1.5766685	-0.0082	12.5956
1.5767379	0.0048	12.5903
1.5768074	0.0061	12.585
1.5768768	-0.0066	12.5798
1.5769463	-0.0031	12.5747
1.5770157	-0.0015	12.5696
1.5770852	-0.0067	12.5646
1.5771546	-0.0172	12.5597
1.5772241	0.0038	12.5548
1.5772935	0.0043	12.5501
1.5773629	-0.0084	12.5454
1.5774324	-0.0075	12.5408
1.5775018	0.0012	12.5363
1.5775713	-0.0119	12.5318
1.5776407	-0.0206	12.5274
1.5777102	-0.0129	12.5231
1.5777796	-0.001	12.5189
1.5778491	-0.0155	12.5147
1.5779185	-0.0131	12.5107
1.5779879	-0.0128	12.5066
1.5780574	-0.0046	12.5027
1.5781268	-0.0072	12.4988
1.5781963	-0.0147	12.495
1.5782657	-0.0078	12.4912
1.5783352	0.0146	12.4875
1.5784046	0.0069	12.4839
1.5784741	0.0098	12.4804
1.5785435	0.0057	12.4769
1.5786129	-0.0036	12.4734
1.5786824	0.0006	12.4701
1.5787518	-0.0087	12.4667
1.5788213	-0.0141	12.4635
1.5788907	0.0002	12.4603
1.5789602	0.0017	12.4571
1.5790296	-0.0214	12.454
1.5790991	-0.0081	12.451
1.5791685	-0.0188	12.448
1.5792379	-0.0242	12.4451
1.5793074	0.0016	12.4422
1.5793768	0.0014	12.4394
1.5794463	0.0092	12.4366
1.5795157	0.0238	12.4339
1.5795852	0.007	12.4312
1.5796546	0.0275	12.4286
1.5797241	0.0234	12.426
1.5797935	0.019	12.4235
1.5798629	0.0175	12.421
1.5800018	-0.0028	12.4161
1.5800713	0.0053	12.4138
1.5801407	0.0089	12.4114
1.5802102	-0.0028	12.4092
1.5802796	0.0211	12.4069
1.5803491	0.0056	12.4047
1.5804185	0.0039	12.4025
1.5804879	0.0179	12.4004
1.5805574	0.0175	12.3983
1.5806268	0.0117	12.3962
1.5806963	0.01	12.3942
1.5807657	0.0184	12.3922
1.5808352	0.0225	12.3902
1.5809046	0.0295	12.3883
1.5809741	0.0184	12.3864
1.5810435	0.0041	12.3845
1.5811129	0.0027	12.3826
1.5811824	0.0002	12.3808
1.5812518	0.0002	12.379
1.5813213	-0.0043	12.3772
1.5813907	0.0068	12.3755
1.5814602	-0.0003	12.3737
1.5815296	-0.0054	12.372
1.5815991	0.0019	12.3703
1.5816685	-0.0093	12.3687
1.5817379	-0.0079	12.367
1.5818074	-0.0143	12.3654
1.5818768	-0.0092	12.3638
1.5819463	-0.0007	12.3622
1.5820157	-0.0059	12.3606
1.5820852	-0.0103	12.359
1.5821546	0.0016	12.3575
1.5822241	0.003	12.3559
1.5822935	0.0023	12.3544
1.5823629	-0.0141	12.3529
1.5824324	-0.0083	12.3514
1.5825018	-0.0186	12.3499
1.5825713	-0.0167	12.3484
1.5826407	-0.0123	12.3469
1.5827796	-0.0101	12.344
1.5828491	-0.0198	12.3425
1.5829185	-0.0074	12.341
1.5829879	-0.0034	12.3396
1.5830574	0.001	12.3381
1.5831268	-0.005	12.3366
1.5831963	-0.0112	12.3352
1.5832657	0.0122	12.3337
1.5833352	0.0008	12.3323
1.5834046	0.0122	12.3308
1.5834741	-0.0073	12.3294
1.5835435	0.0116	12.328
1.5836129	-0.0016	12.3266
1.5836824	-0.0111	12.3253
1.5837518	-0.0033	12.324
1.5838213	-0.0208	12.3227
1.5838907	-0.0127	12.3214
1.5839602	-0.0025	12.3202
1.5840296	-0.014	12.319
1.5840991	-0.0199	12.3179
1.5841685	-0.0067	12.3168
1.5843768	-0.0099	12.3139
1.5844463	-0.002	12.313
1.5845157	-0.0162	12.3122
1.5845852	-0.0125	12.3115
1.5846546	-0.0198	12.3108
1.5847241	-0.0113	12.3103
1.5847935	-0.0062	12.3098
1.5848629	-0.0042	12.3093
1.5849324	0.0035	12.309
1.5850018	-0.0108	12.3087
1.5850713	-0.0069	12.3086
1.5851407	-0.0014	12.3085
1.5852102	0.0053	12.3086
1.5852796	-0.006	12.3087
1.5853491	-0.0007	12.3089
1.5854185	0.0071	12.3093
1.5854879	0.0023	12.3097
1.5855574	0.0013	12.3103
1.5856268	0.0009	12.311
1.5856963	0.0039	12.3118
1.5857657	-0.0052	12.3127
1.5859046	-0.0008	12.315
1.5859741	-0.0021	12.3163
1.5860435	0.0008	12.3177
1.5861129	0.0002	12.3193
1.5861824	-0.0193	12.3211
1.5862518	-0.002	12.3229
1.5863213	0.0013	12.325
1.5863907	-0.0047	12.3272
1.5864602	0.0018	12.3295
