2.453965538684280124e+06 1.230663908437145793e+01
2.453965538811939768e+06 1.230945859236447149e+01
2.453965538962049875e+06 1.231038274354594364e+01
2.453965539092489984e+06 1.231152674147771009e+01
2.453965539239820093e+06 1.231392172933214901e+01
2.453965539367130026e+06 1.231540672734571196e+01
2.453965539494439960e+06 1.231705648667474939e+01
2.453965539621749893e+06 1.231893708518519404e+01
2.453965539749410003e+06 1.232120684746029760e+01
2.453965539887949824e+06 1.232241915196864035e+01
2.453965540015379898e+06 1.232481014325937529e+01
2.453965540142689832e+06 1.232699537626015918e+01
2.453965540270000231e+06 1.232994984592214038e+01
2.453965540408770088e+06 1.233081918407125954e+01
2.453965540536080021e+06 1.233308136007580202e+01
2.453965540663510095e+06 1.233471477577291608e+01
2.453965540790820029e+06 1.233676632231732562e+01
2.453965540918129962e+06 1.233952442079564449e+01
2.453965541045669932e+06 1.234084023901047367e+01
2.453965541173680220e+06 1.234332494794398372e+01
2.453965541311869863e+06 1.234505856929314405e+01
2.453965541438950226e+06 1.234592390243066440e+01
2.453965541566260159e+06 1.234833635320603307e+01
2.453965541693449952e+06 1.234990547364153635e+01
2.453965541820880026e+06 1.235117524798443966e+01
2.453965541948310100e+06 1.235204877666568457e+01
2.453965542075729929e+06 1.235301858171553313e+01
2.453965542203039862e+06 1.235300271530914706e+01
2.453965542341580149e+06 1.235445902715791888e+01
2.453965542468890082e+06 1.235641052971791787e+01
2.453965542596200015e+06 1.235589799954497181e+01
2.453965542723630089e+06 1.235663379829616382e+01
2.453965542850940023e+06 1.235760291277525802e+01
2.453965542978140060e+06 1.235734953061177244e+01
2.453965543105449993e+06 1.235742084272177266e+01
2.453965543232759926e+06 1.235720537700502319e+01
2.453965543360420037e+06 1.235638094095045858e+01
2.453965543487729970e+06 1.235651516534020011e+01
2.453965543615039904e+06 1.235555116383677898e+01
2.453965543753690086e+06 1.235485034689377670e+01
2.453965543880890124e+06 1.235357585860930207e+01
2.453965544008200057e+06 1.235291484477383683e+01
2.453965544135860167e+06 1.235183094570387041e+01
2.453965544263170101e+06 1.234989774164714404e+01
2.453965544401709922e+06 1.234913290250759488e+01
2.453965544529019855e+06 1.234814521634805651e+01
2.453965544657019898e+06 1.234626804552102008e+01
2.453965544783640187e+06 1.234448487490894486e+01
2.453965544910950121e+06 1.234200052410933068e+01
2.453965545038380194e+06 1.234092316533582689e+01
2.453965545165690128e+06 1.233923843344157056e+01
2.453965545292890165e+06 1.233790242791067904e+01
2.453965545420549810e+06 1.233629742907402793e+01
2.453965545547860209e+06 1.233465546906806587e+01
2.453965545675170142e+06 1.233184116589329449e+01
2.453965545802480076e+06 1.233078520766500930e+01
2.453965545941019896e+06 1.232875284500192059e+01
2.453965546068329830e+06 1.232710413321297338e+01
2.453965546195640229e+06 1.232553005747228880e+01
2.453965546323069837e+06 1.232311790116010108e+01
2.453965546450379770e+06 1.232202818789313170e+01
2.453965546577690169e+06 1.232131762204744696e+01
2.453965546705000103e+06 1.231874126721520923e+01
2.453965546832540073e+06 1.231845234302120495e+01
2.453965546971079893e+06 1.231622103099060439e+01
2.453965547098509967e+06 1.231575741092991549e+01
2.453965547225819901e+06 1.231459776508470583e+01
2.453965547353129834e+06 1.231464679788768635e+01
2.453965547480550129e+06 1.231413490292356805e+01
2.453965547608329915e+06 1.231304680609994584e+01
2.453965547735290136e+06 1.231284913678755366e+01
2.453965547873829957e+06 1.231259618933827404e+01
2.453965548001139890e+06 1.231210389203221922e+01
2.453965548129150178e+06 1.231247859575433523e+01
2.453965548255760223e+06 1.231260461011606822e+01
2.453965548383189831e+06 1.231253387087767592e+01
2.453965548510500230e+06 1.231217706737700368e+01
2.453965548637699801e+06 1.231248407231591102e+01
2.453965548765120097e+06 1.231294666836395102e+01
2.453965548892439809e+06 1.231354859524927114e+01
2.453965549019979779e+06 1.231333144419267001e+01
2.453965549147290178e+06 1.231506066280762823e+01
2.453965549274600111e+06 1.231509522861368211e+01
2.453965549401910044e+06 1.231455692944117786e+01
2.453965549540449865e+06 1.231635034501990233e+01
2.453965549667879939e+06 1.231758827641955278e+01
2.453965549795070197e+06 1.231685968053923830e+01
2.453965549922499806e+06 1.231836936685080808e+01
2.453965550049810205e+06 1.231930914003719124e+01
2.453965550177120138e+06 1.232121420886862850e+01
2.453965550304430071e+06 1.232102745193390803e+01
2.453965550431630109e+06 1.232188844215850310e+01
2.453965550558940042e+06 1.232242642681103817e+01
2.453965550686600152e+06 1.232331127516093616e+01
2.453965550813910086e+06 1.232421458746122234e+01
2.453965550941220019e+06 1.232465069733567020e+01
2.453965551079870202e+06 1.232542001865203574e+01
2.453965551207069773e+06 1.232628052605396007e+01
2.453965551334499847e+06 1.232664270064996259e+01
2.453965551461809780e+06 1.232804631931224471e+01
2.453965551589699928e+06 1.232754573131943587e+01
2.453965551716200076e+06 1.232854021831493618e+01
2.453965551843740046e+06 1.232876716690231689e+01
2.453965551982509904e+06 1.233020840356574155e+01
2.453965552109819837e+06 1.233060647314394309e+01
2.453965552237129770e+06 1.233149328236644848e+01
2.453965552364789881e+06 1.233272871533982951e+01
2.453965552492099814e+06 1.233318486144888304e+01
2.453965552630749997e+06 1.233384454804412300e+01
2.453965552758070175e+06 1.233498989922850164e+01
2.453965552885259967e+06 1.233625493818506946e+01
2.453965553012569901e+06 1.233844562295325886e+01
2.453965553139999975e+06 1.233901922061883738e+01
2.453965553267309908e+06 1.234058110206062508e+01
2.453965553394619841e+06 1.234272526883891885e+01
2.453965553521929774e+06 1.234413147059506599e+01
2.453965553649479989e+06 1.234623318506926282e+01
2.453965553788010031e+06 1.234987817186623715e+01
2.453965553915319964e+06 1.235043822438388972e+01
2.453965554042750038e+06 1.235448426066914784e+01
2.453965554169950075e+06 1.235794553578397625e+01
2.453965554297369905e+06 1.236035625931785020e+01
2.453965554424569942e+06 1.236436033404497081e+01
2.453965554552000016e+06 1.236774142797637133e+01
2.453965554690760095e+06 1.237327625210374826e+01
2.453965554818079807e+06 1.237725800844560453e+01
2.453965554945500102e+06 1.238141379765487038e+01
2.453965555073279887e+06 1.238768301251822912e+01
2.453965555200359784e+06 1.239317224010969198e+01
2.453965555327670183e+06 1.239903756882067221e+01
2.453965555466319900e+06 1.240649691858435766e+01
2.453965555593519937e+06 1.241238418256903842e+01
2.453965555720940232e+06 1.241879074153401064e+01
2.453965555848139804e+06 1.242647920981998233e+01
2.453965555975569878e+06 1.243473052699038561e+01
2.453965556102879811e+06 1.244270900170481475e+01
2.453965556230070069e+06 1.245105277487651563e+01
2.453965556357619818e+06 1.245990732820214397e+01
2.453965556496270001e+06 1.246907476882530119e+01
2.453965556623700075e+06 1.247782599752617116e+01
2.453965556750889868e+06 1.248763954030455636e+01
2.453965556878549978e+06 1.249752156669865677e+01
2.453965557005859911e+06 1.250748214202591058e+01
2.453965557133169845e+06 1.251909211006746858e+01
2.453965557271820027e+06 1.252894871461153059e+01
2.453965557399140205e+06 1.254046691543139502e+01
2.453965557526450139e+06 1.255146563796974846e+01
2.453965557653760072e+06 1.256356869899908624e+01
2.453965557781070005e+06 1.257418380262840429e+01
2.453965557908149902e+06 1.258555286706813447e+01
2.453965558035689872e+06 1.259631768127405671e+01
2.453965558162999805e+06 1.260856047273118108e+01
2.453965558290310204e+06 1.262025662871962872e+01
2.453965558417509776e+06 1.263238227672811398e+01
2.453965558545859996e+06 1.264393323746176812e+01
2.453965558672360145e+06 1.265515020827496073e+01
2.453965558799790218e+06 1.266791658229151629e+01
2.453965558938439935e+06 1.268096827435352125e+01
2.453965559065749869e+06 1.269354357316387194e+01
2.453965559192949906e+06 1.270587078449737817e+01
2.453965559320259839e+06 1.271807389281041090e+01
2.453965559447689913e+06 1.273059978225692568e+01
2.453965559586230200e+06 1.274305752222705124e+01
2.453965559713880066e+06 1.275617164491484168e+01
2.453965559841199778e+06 1.276951604847930533e+01
2.453965559968510177e+06 1.278270510919766956e+01
2.453965560095820110e+06 1.279359628553387296e+01
2.453965560223360080e+06 1.280730043296251885e+01
2.453965560350670014e+06 1.282085145742691168e+01
2.453965560489320196e+06 1.283444873970655919e+01
2.453965560616639908e+06 1.284713534496859033e+01
2.453965560743830167e+06 1.286097470585650981e+01
2.453965560871259775e+06 1.287378565150174481e+01
2.453965560998450033e+06 1.288664691592201272e+01
2.453965561125759967e+06 1.290012866843182948e+01
2.453965561253190041e+06 1.291446048603302543e+01
2.453965561380620115e+06 1.292858320147736428e+01
2.453965561508050188e+06 1.294255342662825647e+01
2.453965561646580230e+06 1.295648624463770382e+01
2.453965561773890164e+06 1.297029303836741754e+01
2.453965561901209876e+06 1.298554966496826957e+01
2.453965562029330060e+06 1.299917625099583063e+01
2.453965562155830208e+06 1.301364667446437373e+01
2.453965562283250038e+06 1.302994542435412484e+01
2.453965562410570215e+06 1.304547539297792014e+01
2.453965562537760008e+06 1.305776150064745877e+01
2.453965562665190082e+06 1.307340217946272709e+01
2.453965562827450223e+06 1.309205678722605448e+01
2.453965562965990044e+06 1.310622998092746805e+01
2.453965563093420118e+06 1.312300943952426913e+01
2.453965563220730051e+06 1.313720798472632012e+01
2.453965563348039985e+06 1.315343479897117085e+01
2.453965563486809842e+06 1.317129607134971359e+01
2.453965563614469953e+06 1.318411606390762358e+01
2.453965563753120136e+06 1.320124687411028575e+01
2.453965563880430069e+06 1.321431422079772133e+01
2.453965564007630106e+06 1.323038157801088488e+01
2.453965564135290217e+06 1.324264313326218812e+01
2.453965564262600150e+06 1.325839913454574415e+01
2.453965564389910083e+06 1.327262477122802942e+01
2.453965564528440125e+06 1.328623061193968624e+01
2.453965564655759837e+06 1.329728756783757504e+01
2.453965564784459770e+06 1.331133482690523095e+01
2.453965564910380170e+06 1.332315555722665579e+01
2.453965565038039815e+06 1.333262552454349859e+01
2.453965565176569857e+06 1.334540569100892071e+01
2.453965565303890035e+06 1.335474767767362181e+01
2.453965565431309864e+06 1.336487283309807417e+01
2.453965565558390226e+06 1.337741952629798270e+01
2.453965565685930196e+06 1.338358058903621739e+01
2.453965565847849939e+06 1.339401312156316948e+01
2.453965565975159872e+06 1.340129676532091985e+01
2.453965566102589946e+06 1.340810154972584201e+01
2.453965566229899880e+06 1.341104060320083669e+01
2.453965566357209813e+06 1.341623521762710780e+01
2.453965566484520212e+06 1.341998052856101786e+01
2.453965566611830145e+06 1.342523202896493295e+01
2.453965566739149857e+06 1.342778130327034525e+01
2.453965566869350150e+06 1.342921949395280734e+01
2.453965567005230114e+06 1.343048823679528425e+01
2.453965567132649943e+06 1.343003513893845735e+01
2.453965567271419801e+06 1.342802391079462687e+01
2.453965567398730200e+06 1.342802514373883582e+01
2.453965567526159808e+06 1.342490883574396321e+01
2.453965567653589882e+06 1.342376161514074617e+01
2.453965567792360205e+06 1.341953609238864864e+01
2.453965567919670139e+06 1.341616114108389013e+01
2.453965568046980072e+06 1.340782836507242770e+01
2.453965568174169865e+06 1.340337970460408634e+01
2.453965568301599938e+06 1.339746702621459384e+01
2.453965568428909872e+06 1.339066964708282903e+01
2.453965568556219805e+06 1.338073600492076309e+01
2.453965568683530204e+06 1.337407119034279823e+01
2.453965568810729776e+06 1.336630785717105496e+01
2.453965568938040175e+06 1.335645089924419437e+01
2.453965569065580145e+06 1.334495789523018061e+01
2.453965569204350002e+06 1.333638775017074707e+01
2.453965569331659935e+06 1.332477628897833810e+01
2.453965569458969869e+06 1.331429381481657082e+01
2.453965569586290047e+06 1.330220218375901275e+01
2.453965569713369943e+06 1.329009985275716232e+01
2.453965569840789773e+06 1.327818126091381501e+01
2.453965569968219846e+06 1.326440956081377642e+01
2.453965570095529780e+06 1.325359532866007051e+01
2.453965570222959854e+06 1.323979784943679228e+01
2.453965570352930110e+06 1.322640501152762482e+01
2.453965570488919970e+06 1.321281445504155627e+01
2.453965570616229903e+06 1.320028604555923479e+01
2.453965570743539836e+06 1.318663509812495249e+01
2.453965570871199947e+06 1.317190895197070333e+01
2.453965570998509880e+06 1.315852603777674190e+01
2.453965571137050167e+06 1.314506604377573140e+01
2.453965571264479775e+06 1.313015755019058162e+01
2.453965571392020211e+06 1.311587889979673349e+01
2.453965571519330144e+06 1.310222859657079475e+01
2.453965571657869965e+06 1.308706728140911757e+01
2.453965571785179898e+06 1.307349996284808746e+01
2.453965571912609972e+06 1.305955600434184838e+01
2.453965572039800230e+06 1.304455501879857238e+01
2.453965572167229839e+06 1.303210871211877020e+01
2.453965572294539772e+06 1.301814670573252641e+01
2.453965572422780097e+06 1.300451213855418509e+01
2.453965572549399920e+06 1.298899466966387806e+01
2.453965572688050102e+06 1.297445467829985333e+01
2.453965572815360036e+06 1.296072856457200828e+01
2.453965572942669969e+06 1.294741139775621441e+01
2.453965573069870006e+06 1.293732615042070044e+01
2.453965573197179940e+06 1.292831326547539916e+01
2.453965573324489873e+06 1.291232405427334839e+01
2.453965573451799806e+06 1.289822333900572460e+01
2.453965573579229880e+06 1.288535122087355766e+01
2.453965573706420138e+06 1.287336749836189043e+01
2.453965573834079783e+06 1.285994339286656185e+01
2.453965573972620070e+06 1.284553904860887030e+01
2.453965574088700116e+06 1.283204439107085371e+01
2.453965574227360077e+06 1.281995175157241817e+01
2.453965574354670011e+06 1.280582864170610691e+01
2.453965574481979944e+06 1.279137918888049441e+01
2.453965574609170202e+06 1.278135826721350021e+01
2.453965574748060200e+06 1.276603750690108718e+01
2.453965574875480030e+06 1.275519863289796518e+01
2.453965575002680067e+06 1.274267496539579980e+01
2.453965575130110141e+06 1.273034005475827257e+01
2.453965575257420074e+06 1.271739372725341966e+01
2.453965575384730007e+06 1.270480144724542626e+01
2.453965575511930045e+06 1.269383072846510352e+01
2.453965575639349874e+06 1.268289232210932482e+01
2.453965575766549911e+06 1.267115160415455755e+01
2.453965575894900132e+06 1.265965426788959469e+01
2.453965576021519955e+06 1.264979579112657504e+01
2.453965576148829889e+06 1.263949844655175170e+01
2.453965576287480071e+06 1.262796522693578183e+01
2.453965576414790004e+06 1.261737481697057817e+01
2.453965576541990042e+06 1.260700980504636526e+01
2.453965576669179834e+06 1.259869803510859754e+01
2.453965576796730049e+06 1.258873474441284124e+01
2.453965576924039982e+06 1.257927996988269115e+01
2.453965577051229775e+06 1.257034487048021631e+01
2.453965577178540174e+06 1.256019164764352070e+01
2.453965577306199819e+06 1.255259841181654323e+01
2.453965577444740105e+06 1.254309681951445476e+01
2.453965577571940143e+06 1.253441324862651385e+01
2.453965577699710149e+06 1.252661922721866361e+01
2.453965577838249970e+06 1.252016285653653149e+01
2.453965577965669800e+06 1.251149243219258622e+01
2.453965578092869837e+06 1.250394586735905200e+01
2.453965578220179770e+06 1.249872221135185590e+01
2.453965578347609844e+06 1.249136019661927577e+01
2.453965578475149814e+06 1.248351790825685370e+01
2.453965578602460213e+06 1.247753645836387904e+01
2.453965578729659785e+06 1.247211643455923102e+01
2.453965578857080080e+06 1.246686279080024207e+01
2.453965578995740041e+06 1.246190443152786642e+01
2.453965579123049974e+06 1.245494619932368963e+01
2.453965579250240233e+06 1.245066300252461744e+01
2.453965579378129914e+06 1.244597708980758455e+01
2.453965579504869878e+06 1.243946753871502331e+01
2.453965579632290173e+06 1.243619460321023062e+01
2.453965579759839922e+06 1.243054413280824022e+01
2.453965579887149855e+06 1.242629151503352780e+01
2.453965580025679898e+06 1.242434029282614638e+01
2.453965580153000075e+06 1.242123714427929215e+01
2.453965580280419905e+06 1.241769665685749580e+01
2.453965580419190228e+06 1.241116760155815690e+01
2.453965580546500161e+06 1.240803299602107934e+01
2.453965580673810095e+06 1.240582946312442658e+01
2.453965580801240169e+06 1.240058580206413552e+01
2.453965580940010026e+06 1.239674244670765368e+01
2.453965581067319959e+06 1.239503009195971295e+01
2.453965581194859929e+06 1.239092428983336802e+01
2.453965581333629787e+06 1.238791591673661863e+01
2.453965581461519934e+06 1.238367580115314226e+01
2.453965581588140223e+06 1.238056070652354990e+01
2.453965581715450156e+06 1.237859084679866584e+01
2.453965581842880230e+06 1.241702444766523428e+01
