3.93373800e+03 9.42306162e-08
3.93473800e+03 1.14154967e-07
3.93573900e+03 9.51778331e-08
3.93674000e+03 1.54259868e-07
3.93774000e+03 1.22280587e-07
3.93874100e+03 1.15717561e-07
3.93974200e+03 1.65250067e-07
3.94074200e+03 1.52621039e-07
3.94174300e+03 1.65365819e-07
3.94274400e+03 1.93768311e-07
3.94374400e+03 2.05112011e-07
3.94474500e+03 1.65869970e-07
3.94574500e+03 1.77805403e-07
3.94674600e+03 1.54758603e-07
3.94774600e+03 1.70881898e-07
3.94874700e+03 2.03758596e-07
3.94974800e+03 2.13680318e-07
3.95074800e+03 1.88119963e-07
3.95174900e+03 1.89761810e-07
3.95274900e+03 1.68370617e-07
3.95375000e+03 1.70792959e-07
3.95475000e+03 2.20834467e-07
3.95575000e+03 2.17646923e-07
3.95675100e+03 1.94998094e-07
3.95775100e+03 2.21098371e-07
3.95875100e+03 2.07775041e-07
3.95975200e+03 2.26167376e-07
3.96075200e+03 2.29825837e-07
3.96175300e+03 2.19202303e-07
3.96275300e+03 2.26501571e-07
3.96375300e+03 2.17894217e-07
3.96475400e+03 2.24964144e-07
3.96575400e+03 2.24908139e-07
3.96675400e+03 2.13816345e-07
3.96775400e+03 2.12890429e-07
3.96875500e+03 1.86922065e-07
3.96975500e+03 2.20183567e-07
3.97075500e+03 1.88448838e-07
3.97175500e+03 1.75402949e-07
3.97275500e+03 1.73855149e-07
3.97375600e+03 1.45369470e-07
3.97475600e+03 1.78747202e-07
3.97575600e+03 2.06580712e-07
3.97675600e+03 1.96599259e-07
3.97775600e+03 1.87208760e-07
3.97875600e+03 2.16621258e-07
3.97975600e+03 2.41552963e-07
3.98075700e+03 1.95948390e-07
3.98175700e+03 2.09842134e-07
3.98275700e+03 2.13329481e-07
3.98375700e+03 2.45119663e-07
3.98475700e+03 1.91035116e-07
3.98575700e+03 2.43911496e-07
3.98675700e+03 2.22674178e-07
3.98775700e+03 2.76250870e-07
3.98875700e+03 2.55654289e-07
3.98975700e+03 2.13598509e-07
3.99075600e+03 2.13281095e-07
3.99175600e+03 2.28711063e-07
3.99275600e+03 2.36592341e-07
3.99375600e+03 2.43179816e-07
3.99475600e+03 2.12124766e-07
3.99575600e+03 2.62120836e-07
3.99675600e+03 2.44843839e-07
3.99775600e+03 2.18131465e-07
3.99875500e+03 2.22070744e-07
3.99975500e+03 2.25774440e-07
4.00075500e+03 2.42942549e-07
4.00175500e+03 2.15585281e-07
4.00275500e+03 2.39707068e-07
4.00375400e+03 2.78735929e-07
4.00475400e+03 2.38761221e-07
4.00575400e+03 2.53312393e-07
4.00675300e+03 2.77968649e-07
4.00775300e+03 2.22616767e-07
4.00875300e+03 2.28478856e-07
4.00975200e+03 2.51103990e-07
4.01075200e+03 2.54891881e-07
4.01175200e+03 2.35535995e-07
4.01275100e+03 2.79353119e-07
4.01375100e+03 2.38044091e-07
4.01475000e+03 2.69000842e-07
4.01575000e+03 2.45955642e-07
4.01675000e+03 3.03914754e-07
4.01774900e+03 2.53281159e-07
4.01874900e+03 2.66638616e-07
4.01974800e+03 2.80239086e-07
4.02074800e+03 3.03035251e-07
4.02174700e+03 2.75104360e-07
4.02274700e+03 2.81854898e-07
4.02374600e+03 3.04786937e-07
4.02474600e+03 2.98108412e-07
4.02574500e+03 2.62547184e-07
4.02674500e+03 2.68676697e-07
4.02774400e+03 2.60055153e-07
4.02874300e+03 2.27328924e-07
4.02974300e+03 2.40401448e-07
4.03074200e+03 2.78199422e-07
4.03174100e+03 2.64203679e-07
4.03274100e+03 2.54646860e-07
4.03374000e+03 2.65332016e-07
4.03473900e+03 2.74598960e-07
4.03573900e+03 2.98284145e-07
4.03673800e+03 2.72973963e-07
4.03773700e+03 2.50186426e-07
4.03873600e+03 2.75081581e-07
4.03973600e+03 2.82090561e-07
4.04073500e+03 2.99668180e-07
4.04173400e+03 2.82569792e-07
4.04273300e+03 2.75195422e-07
4.04373200e+03 2.72693749e-07
4.04473200e+03 2.58189740e-07
4.04573100e+03 2.52573130e-07
4.04673000e+03 2.88884399e-07
4.04772900e+03 2.76877982e-07
4.04872800e+03 2.83962112e-07
4.04972700e+03 2.61505847e-07
4.05072600e+03 2.86862137e-07
4.05172500e+03 2.92571304e-07
4.05272400e+03 2.39440804e-07
4.05372300e+03 2.72523233e-07
4.05472200e+03 2.80283279e-07
4.05572100e+03 3.25400717e-07
4.05672000e+03 2.55697678e-07
4.05771900e+03 3.07120970e-07
4.05871800e+03 2.80162711e-07
4.05971700e+03 3.04890189e-07
4.06071600e+03 3.02810466e-07
4.06171500e+03 2.75064610e-07
4.06271400e+03 3.09396948e-07
4.06371300e+03 2.90461599e-07
4.06471200e+03 2.80632328e-07
4.06571100e+03 3.01190454e-07
4.06670900e+03 2.97654556e-07
4.06770800e+03 2.97914109e-07
4.06870700e+03 3.15133645e-07
4.06970600e+03 3.22410838e-07
4.07070500e+03 2.97505274e-07
4.07170400e+03 3.08726686e-07
4.07270200e+03 3.07074739e-07
4.07370100e+03 3.00668847e-07
4.07470000e+03 3.08171058e-07
4.07569800e+03 3.01166806e-07
4.07669700e+03 3.10927320e-07
4.07769600e+03 3.21203075e-07
4.07869500e+03 3.26549349e-07
4.07969300e+03 3.01793100e-07
4.08069200e+03 3.06324111e-07
4.08169000e+03 3.21184568e-07
4.08268900e+03 3.22838055e-07
4.08368800e+03 3.31607208e-07
4.08468600e+03 3.18106502e-07
4.08568500e+03 3.47080063e-07
4.08668400e+03 3.26480213e-07
4.08768200e+03 3.27295694e-07
4.08868100e+03 3.32081247e-07
4.08967900e+03 3.12693700e-07
4.09067700e+03 3.02879146e-07
4.09167600e+03 3.24865897e-07
4.09267500e+03 3.40241954e-07
4.09367300e+03 3.47305946e-07
4.09467100e+03 3.32927246e-07
4.09567000e+03 3.47629781e-07
4.09666800e+03 3.75307688e-07
4.09766700e+03 3.51514486e-07
4.09866500e+03 3.63353614e-07
4.09966400e+03 3.62286789e-07
4.10066200e+03 3.65016297e-07
4.10166000e+03 3.52523431e-07
4.10265900e+03 3.38928045e-07
4.10365700e+03 3.02940708e-07
4.10465500e+03 2.93600024e-07
4.10565300e+03 3.06665098e-07
4.10665200e+03 3.22684791e-07
4.10765000e+03 3.17417653e-07
4.10864800e+03 3.41119612e-07
4.10964600e+03 3.25917794e-07
4.11064500e+03 3.34417521e-07
4.11164300e+03 3.33091130e-07
4.11264100e+03 3.22882355e-07
4.11363900e+03 3.40890338e-07
4.11463700e+03 3.28822392e-07
4.11563600e+03 3.21027933e-07
4.11663400e+03 3.36831853e-07
4.11763200e+03 3.43737307e-07
4.11863000e+03 3.01152442e-07
4.11962800e+03 3.41396215e-07
4.12062600e+03 3.15080845e-07
4.12162400e+03 3.17788418e-07
4.12262200e+03 3.12222577e-07
4.12362000e+03 3.05633035e-07
4.12461800e+03 3.20635033e-07
4.12561600e+03 2.97046150e-07
4.12661400e+03 3.16026876e-07
4.12761200e+03 2.98188858e-07
4.12861000e+03 3.21878605e-07
4.12960800e+03 2.96494521e-07
4.13060600e+03 2.86050253e-07
4.13160400e+03 3.05640589e-07
4.13260200e+03 3.21217889e-07
4.13360000e+03 3.05286539e-07
4.13459800e+03 3.36464839e-07
4.13559500e+03 3.13349116e-07
4.13659300e+03 3.35741360e-07
4.13759100e+03 3.30161802e-07
4.13858900e+03 3.31764367e-07
4.13958700e+03 3.15446408e-07
4.14058400e+03 3.26488966e-07
4.14158300e+03 3.17452738e-07
4.14258000e+03 3.30430323e-07
4.14357800e+03 3.21930534e-07
4.14457600e+03 3.29531160e-07
4.14557300e+03 3.34637696e-07
4.14657100e+03 3.31639284e-07
4.14756900e+03 3.33608248e-07
4.14856600e+03 3.37121991e-07
4.14956400e+03 3.02511802e-07
4.15056200e+03 3.30851305e-07
4.15155900e+03 3.49954028e-07
4.15255700e+03 3.47516192e-07
4.15355500e+03 3.48897056e-07
4.15455200e+03 3.22323813e-07
4.15555000e+03 3.35562220e-07
4.15654700e+03 3.61903201e-07
4.15754500e+03 3.32954560e-07
4.15854200e+03 3.31375992e-07
4.15954000e+03 3.24565971e-07
4.16053700e+03 3.40450848e-07
4.16153500e+03 3.25486834e-07
4.16253200e+03 3.36776561e-07
4.16353000e+03 3.38856661e-07
4.16452700e+03 3.32696288e-07
4.16552400e+03 3.50781094e-07
4.16652200e+03 3.23273126e-07
4.16752000e+03 3.15028753e-07
4.16851700e+03 3.34451015e-07
4.16951400e+03 3.12179008e-07
4.17051200e+03 3.15594292e-07
4.17150900e+03 3.09956591e-07
4.17250600e+03 3.26033803e-07
4.17350300e+03 3.45914457e-07
4.17450100e+03 3.39240588e-07
4.17549800e+03 3.24116110e-07
4.17649600e+03 3.21157438e-07
4.17749300e+03 3.36623599e-07
4.17849000e+03 3.30127532e-07
4.17948700e+03 3.14089402e-07
4.18048400e+03 3.24294164e-07
4.18148100e+03 3.32111494e-07
4.18247900e+03 3.49476786e-07
4.18347600e+03 3.28198415e-07
4.18447300e+03 3.48080821e-07
4.18547000e+03 3.22398082e-07
4.18646700e+03 3.51167650e-07
4.18746400e+03 3.39889868e-07
4.18846100e+03 3.34663371e-07
4.18945800e+03 3.50187770e-07
4.19045600e+03 3.57892772e-07
4.19145300e+03 3.69639537e-07
4.19245000e+03 3.40595149e-07
4.19344700e+03 3.35173209e-07
4.19444400e+03 3.35829070e-07
4.19544100e+03 3.55712021e-07
4.19643800e+03 3.44608910e-07
4.19743500e+03 3.35291054e-07
4.19843200e+03 3.29142446e-07
4.19942900e+03 3.39993055e-07
4.20042600e+03 3.59818002e-07
4.20142300e+03 3.48001576e-07
4.20241900e+03 3.31911812e-07
4.20341700e+03 3.38687910e-07
4.20441300e+03 3.28880674e-07
4.20541000e+03 3.33392213e-07
4.20640700e+03 3.46933964e-07
4.20740400e+03 3.71173377e-07
4.20840100e+03 3.70173025e-07
4.20939700e+03 3.54301420e-07
4.21039400e+03 3.26327421e-07
4.21139100e+03 3.55451302e-07
4.21238800e+03 3.59394502e-07
4.21338500e+03 3.31935431e-07
4.21438100e+03 3.43043632e-07
4.21537800e+03 3.43685233e-07
4.21637500e+03 3.33869037e-07
4.21737200e+03 3.69023839e-07
4.21836800e+03 3.63359913e-07
4.21936500e+03 3.45684639e-07
4.22036100e+03 2.95556686e-07
4.22135800e+03 3.51580801e-07
4.22235400e+03 3.22707025e-07
4.22335100e+03 3.59336824e-07
4.22434800e+03 3.53618874e-07
4.22534400e+03 3.43068827e-07
4.22634100e+03 3.36642323e-07
4.22733700e+03 3.18015171e-07
4.22833400e+03 3.31702734e-07
4.22933100e+03 3.26646545e-07
4.23032700e+03 3.22282016e-07
4.23132400e+03 3.34793016e-07
4.23232000e+03 3.20079155e-07
4.23331600e+03 3.28520783e-07
4.23431300e+03 3.17411520e-07
4.23531000e+03 3.12594739e-07
4.23630600e+03 3.31272785e-07
4.23730200e+03 3.40716241e-07
4.23829800e+03 3.21491480e-07
4.23929500e+03 3.52580973e-07
4.24029200e+03 3.11144633e-07
4.24128800e+03 3.25730610e-07
4.24228400e+03 3.48401426e-07
4.24328000e+03 3.48042013e-07
4.24427600e+03 3.53521064e-07
4.24527300e+03 3.42472870e-07
4.24626900e+03 3.38077158e-07
4.24726600e+03 3.50758234e-07
4.24826200e+03 3.43357680e-07
4.24925800e+03 3.36937722e-07
4.25025400e+03 3.45853636e-07
4.25125000e+03 3.59553120e-07
4.25224700e+03 3.41087654e-07
4.25324300e+03 3.43205489e-07
4.25423900e+03 3.44237778e-07
4.25523500e+03 3.66083060e-07
4.25623100e+03 3.64846582e-07
4.25722700e+03 3.53230302e-07
4.25822300e+03 3.39310680e-07
4.25921900e+03 3.68862863e-07
4.26021500e+03 3.62417293e-07
4.26121100e+03 3.84527317e-07
4.26220800e+03 3.76579105e-07
4.26320400e+03 3.60712406e-07
4.26420000e+03 3.74242707e-07
4.26519600e+03 3.86589617e-07
4.26619100e+03 3.67036610e-07
4.26718800e+03 3.53784724e-07
4.26818400e+03 3.80160695e-07
4.26918000e+03 3.80923687e-07
4.27017500e+03 3.66078758e-07
4.27117100e+03 3.54956693e-07
4.27216700e+03 3.80529785e-07
4.27316300e+03 3.58509055e-07
4.27415900e+03 3.58624908e-07
4.27515500e+03 4.14674265e-07
4.27615100e+03 3.71652118e-07
4.27714600e+03 3.89054187e-07
4.27814300e+03 3.93438773e-07
4.27913800e+03 3.61304696e-07
4.28013400e+03 3.65124346e-07
4.28113000e+03 3.56635107e-07
4.28212500e+03 3.71368391e-07
4.28312100e+03 3.58331776e-07
4.28411700e+03 3.51440165e-07
4.28511300e+03 3.78592425e-07
4.28610800e+03 3.64476527e-07
4.28710400e+03 3.62155574e-07
4.28810000e+03 3.69236561e-07
4.28909500e+03 3.60247537e-07
4.29009100e+03 3.65790358e-07
4.29108700e+03 3.53769556e-07
4.29208300e+03 3.64343167e-07
4.29307800e+03 3.33225795e-07
4.29407400e+03 3.68721946e-07
4.29506900e+03 3.36652130e-07
4.29606400e+03 3.68077037e-07
4.29706000e+03 3.55840295e-07
4.29805600e+03 3.53896338e-07
4.29905100e+03 3.48526100e-07
4.30004700e+03 3.24885234e-07
4.30104200e+03 3.46619283e-07
4.30203800e+03 3.61092219e-07
4.30303300e+03 3.41763308e-07
4.30402900e+03 3.49489081e-07
4.30502400e+03 3.50770784e-07
4.30602000e+03 3.79530893e-07
4.30701500e+03 3.27643822e-07
4.30801000e+03 3.53375506e-07
4.30900500e+03 3.42752068e-07
4.31000100e+03 3.56427490e-07
4.31099600e+03 3.76177370e-07
4.31199200e+03 3.50747733e-07
4.31298700e+03 3.53436837e-07
4.31398200e+03 3.33068487e-07
4.31497800e+03 3.48056648e-07
4.31597300e+03 3.59137785e-07
4.31696800e+03 3.56306038e-07
4.31796300e+03 3.64967067e-07
4.31895800e+03 3.52619254e-07
4.31995400e+03 3.26979483e-07
4.32094900e+03 3.57452507e-07
4.32194400e+03 3.64887820e-07
4.32293900e+03 3.78186493e-07
4.32393500e+03 3.58633363e-07
4.32493000e+03 3.52963338e-07
4.32592500e+03 3.68535373e-07
4.32692000e+03 3.47744066e-07
4.32791500e+03 3.73757183e-07
4.32891000e+03 3.67391777e-07
4.32990500e+03 3.75810108e-07
4.33090000e+03 3.66643454e-07
4.33189500e+03 4.05351005e-07
4.33289000e+03 4.15446807e-07
4.33388500e+03 4.11473821e-07
4.33488000e+03 4.27678846e-07
4.33587500e+03 4.43999525e-07
4.33687000e+03 4.38619495e-07
4.33786500e+03 4.31912882e-07
4.33886000e+03 4.35767548e-07
4.33985500e+03 4.33437331e-07
4.34085000e+03 4.15098800e-07
4.34184500e+03 3.88564855e-07
4.34284000e+03 4.02118980e-07
4.34383400e+03 3.84066195e-07
4.34483000e+03 3.85601520e-07
4.34582400e+03 3.98079247e-07
4.34681900e+03 3.81453491e-07
4.34781400e+03 3.70536102e-07
4.34880900e+03 3.75321548e-07
4.34980400e+03 3.90954047e-07
4.35079800e+03 3.66824971e-07
4.35179300e+03 3.79101216e-07
4.35278800e+03 3.83316528e-07
4.35378300e+03 3.79872089e-07
4.35477700e+03 3.58274371e-07
4.35577200e+03 3.38210932e-07
4.35676700e+03 3.69118577e-07
4.35776100e+03 3.42086948e-07
4.35875600e+03 3.78242956e-07
4.35975000e+03 3.64949194e-07
4.36074500e+03 3.71748516e-07
4.36174000e+03 3.76119136e-07
4.36273400e+03 3.54987419e-07
4.36372900e+03 3.89734201e-07
4.36472400e+03 3.75295037e-07
4.36571800e+03 3.73120559e-07
4.36671300e+03 3.79801934e-07
4.36770800e+03 3.75522491e-07
4.36870200e+03 3.72237070e-07
4.36969600e+03 3.65775279e-07
4.37069100e+03 3.81150068e-07
4.37168600e+03 3.87940023e-07
4.37268000e+03 3.68351949e-07
4.37367400e+03 3.80330020e-07
4.37466800e+03 3.92759441e-07
4.37566300e+03 3.92036087e-07
4.37665800e+03 3.87119492e-07
4.37765200e+03 3.81139991e-07
4.37864600e+03 4.18068007e-07
4.37964100e+03 4.00067208e-07
4.38063500e+03 3.77964306e-07
4.38162900e+03 3.99131145e-07
4.38262400e+03 3.88943664e-07
4.38361800e+03 3.86521434e-07
4.38461200e+03 3.70372999e-07
4.38560600e+03 3.72575972e-07
4.38660100e+03 3.74272439e-07
4.38759500e+03 3.64168770e-07
4.38858900e+03 3.71670286e-07
4.38958300e+03 3.55438430e-07
4.39057800e+03 3.72515580e-07
4.39157200e+03 3.61602014e-07
4.39256600e+03 3.48919293e-07
4.39356000e+03 3.65056566e-07
4.39455400e+03 3.76770324e-07
4.39554800e+03 3.88526539e-07
4.39654200e+03 3.88293616e-07
4.39753700e+03 3.99036464e-07
4.39853100e+03 3.77133250e-07
4.39952500e+03 3.78350270e-07
4.40051900e+03 3.77427517e-07
4.40151300e+03 3.76404936e-07
4.40250700e+03 3.48597306e-07
4.40350100e+03 3.84463227e-07
4.40449500e+03 3.75072405e-07
4.40548900e+03 3.67149646e-07
4.40648300e+03 3.75967956e-07
4.40747700e+03 3.92557656e-07
4.40847100e+03 3.99558265e-07
4.40946500e+03 4.05274260e-07
4.41045800e+03 3.67443067e-07
4.41145300e+03 3.90033481e-07
4.41244600e+03 3.78439758e-07
4.41344000e+03 3.72412022e-07
4.41443400e+03 3.94366781e-07
4.41542800e+03 3.80669816e-07
4.41642200e+03 3.74297069e-07
4.41741600e+03 3.64001677e-07
4.41841000e+03 3.80559345e-07
4.41940300e+03 3.67498421e-07
4.42039700e+03 3.75295800e-07
4.42139100e+03 3.82059969e-07
4.42238500e+03 4.07776738e-07
4.42337800e+03 3.83109487e-07
4.42437200e+03 3.90783568e-07
4.42536600e+03 3.92408056e-07
4.42635900e+03 4.08850241e-07
4.42735300e+03 3.78471580e-07
4.42834700e+03 3.87775095e-07
4.42934000e+03 3.99251758e-07
4.43033400e+03 3.93096303e-07
4.43132800e+03 3.92541319e-07
4.43232100e+03 3.73592916e-07
4.43331500e+03 3.91785948e-07
4.43430800e+03 3.80663979e-07
4.43530200e+03 3.77099673e-07
4.43629500e+03 3.71332621e-07
4.43728900e+03 3.66501859e-07
4.43828300e+03 3.68266699e-07
4.43927600e+03 3.66235198e-07
4.44027000e+03 4.12223431e-07
4.44126300e+03 3.79846687e-07
4.44225600e+03 3.79210956e-07
4.44325000e+03 3.76788488e-07
4.44424300e+03 3.95424194e-07
4.44523700e+03 4.11614875e-07
4.44623000e+03 3.77380422e-07
4.44722400e+03 4.06995538e-07
4.44821700e+03 3.99786569e-07
4.44921000e+03 4.14710663e-07
4.45020400e+03 4.03868520e-07
4.45119700e+03 4.08297395e-07
4.45219000e+03 4.19120219e-07
4.45318400e+03 4.14508214e-07
4.45417700e+03 4.11444532e-07
4.45517000e+03 4.07083935e-07
4.45616400e+03 4.26642289e-07
4.45715700e+03 4.23686863e-07
4.45815000e+03 4.04678311e-07
4.45914300e+03 4.31419696e-07
4.46013600e+03 4.08607845e-07
4.46112900e+03 4.09879087e-07
4.46212300e+03 4.33127535e-07
4.46311600e+03 4.21777935e-07
4.46410900e+03 4.36343026e-07
4.46510200e+03 4.15957030e-07
4.46609500e+03 4.26869090e-07
4.46708800e+03 4.28766194e-07
4.46808200e+03 4.29304735e-07
4.46907400e+03 4.20483015e-07
4.47006700e+03 4.00844647e-07
4.47106100e+03 3.67212913e-07
4.47205400e+03 3.88581956e-07
4.47304600e+03 3.82498553e-07
4.47404000e+03 4.05218127e-07
4.47503300e+03 3.86298285e-07
4.47602500e+03 3.74732535e-07
4.47701900e+03 3.81491583e-07
4.47801100e+03 3.89983256e-07
4.47900400e+03 3.82082469e-07
4.47999700e+03 3.86872182e-07
4.48099000e+03 4.00941885e-07
4.48198300e+03 3.95535232e-07
4.48297600e+03 3.78655055e-07
4.48396900e+03 3.73451798e-07
4.48496100e+03 4.04434906e-07
4.48595500e+03 3.98085145e-07
4.48694700e+03 3.94007671e-07
4.48794000e+03 3.77783187e-07
4.48893300e+03 3.94564265e-07
4.48992600e+03 4.02646396e-07
4.49091800e+03 4.03856942e-07
4.49191100e+03 3.78613959e-07
4.49290400e+03 3.91749792e-07
4.49389600e+03 3.95964098e-07
4.49488900e+03 4.04297540e-07
4.49588200e+03 3.98987786e-07
4.49687500e+03 3.96356296e-07
4.49786700e+03 4.12303804e-07
4.49886000e+03 4.09047172e-07
4.49985300e+03 3.92132494e-07
4.50084500e+03 4.04337500e-07
4.50183800e+03 3.99113391e-07
4.50283100e+03 3.95468779e-07
4.50382300e+03 4.08217143e-07
4.50481500e+03 3.99206209e-07
4.50580800e+03 4.27271562e-07
4.50680100e+03 3.85823132e-07
4.50779300e+03 4.10173521e-07
4.50878600e+03 4.08539045e-07
4.50977800e+03 3.97348231e-07
4.51077100e+03 4.02913345e-07
4.51176300e+03 4.06271268e-07
4.51275500e+03 4.04640854e-07
4.51374800e+03 3.76427359e-07
4.51474000e+03 4.16578851e-07
4.51573300e+03 3.82194010e-07
4.51672500e+03 3.76008373e-07
4.51771700e+03 4.15165560e-07
4.51871000e+03 3.84453032e-07
4.51970200e+03 3.81927647e-07
4.52069400e+03 3.94341170e-07
4.52168700e+03 3.98912097e-07
4.52267900e+03 3.68438800e-07
4.52367100e+03 4.00298803e-07
4.52466400e+03 4.04644562e-07
4.52565600e+03 4.00143533e-07
4.52664800e+03 3.95209945e-07
4.52764100e+03 4.07834184e-07
4.52863300e+03 4.08268029e-07
4.52962500e+03 3.90460518e-07
4.53061700e+03 4.15397891e-07
4.53160900e+03 3.94989788e-07
4.53260200e+03 4.02614071e-07
4.53359300e+03 4.07813870e-07
4.53458500e+03 4.17719570e-07
4.53557800e+03 4.14950877e-07
4.53657000e+03 4.11304549e-07
4.53756200e+03 4.19932680e-07
4.53855400e+03 4.16672938e-07
4.53954600e+03 4.12997086e-07
4.54053800e+03 4.21077502e-07
4.54153000e+03 4.18233989e-07
4.54252200e+03 4.06948170e-07
4.54351400e+03 3.93573170e-07
4.54450600e+03 4.18188975e-07
4.54549800e+03 4.06108355e-07
4.54649000e+03 4.14571924e-07
4.54748200e+03 4.20160700e-07
4.54847400e+03 4.09398639e-07
4.54946600e+03 3.93780910e-07
4.55045800e+03 4.23037819e-07
4.55145000e+03 3.97969239e-07
4.55244100e+03 3.90353227e-07
4.55343300e+03 4.07745805e-07
4.55442500e+03 4.02620573e-07
4.55541700e+03 4.00400337e-07
4.55640900e+03 4.12846029e-07
4.55740000e+03 3.60201403e-07
4.55839300e+03 3.84863508e-07
4.55938400e+03 4.02500902e-07
4.56037600e+03 3.93401633e-07
4.56136800e+03 4.14899004e-07
4.56235900e+03 4.15697391e-07
4.56335100e+03 3.99136870e-07
4.56434300e+03 4.08421422e-07
4.56533400e+03 4.04858927e-07
4.56632600e+03 4.12456574e-07
4.56731800e+03 3.96184510e-07
4.56831000e+03 4.15992277e-07
4.56930100e+03 4.22097322e-07
4.57029300e+03 3.96211376e-07
4.57128400e+03 3.93212284e-07
4.57227600e+03 4.08428238e-07
4.57326800e+03 3.90735702e-07
4.57425900e+03 3.93192591e-07
4.57525000e+03 3.88078072e-07
4.57624200e+03 3.86905363e-07
4.57723400e+03 3.84008188e-07
4.57822500e+03 3.98089659e-07
4.57921700e+03 3.94639896e-07
4.58020800e+03 3.91768087e-07
4.58120000e+03 3.93433448e-07
4.58219100e+03 4.03133818e-07
4.58318300e+03 3.96451261e-07
4.58417400e+03 3.73260570e-07
4.58516500e+03 4.00271027e-07
4.58615700e+03 3.77049593e-07
4.58714800e+03 3.97055822e-07
4.58813900e+03 3.80062219e-07
4.58913100e+03 3.89985740e-07
4.59012200e+03 3.92796593e-07
4.59111300e+03 3.90681000e-07
4.59210400e+03 3.98497550e-07
4.59309600e+03 4.09825611e-07
4.59408700e+03 4.20432803e-07
4.59507900e+03 4.10543953e-07
4.59607000e+03 4.13497247e-07
4.59706100e+03 4.08824012e-07
4.59805200e+03 4.29554448e-07
4.59904300e+03 4.15512908e-07
4.60003500e+03 3.96905530e-07
4.60102600e+03 4.44904848e-07
4.60201700e+03 4.18963065e-07
4.60300800e+03 4.16894503e-07
4.60399900e+03 4.29793019e-07
4.60499000e+03 4.29330728e-07
4.60598100e+03 4.19763020e-07
4.60697300e+03 4.03732854e-07
4.60796300e+03 4.09960855e-07
4.60895500e+03 4.05754603e-07
4.60994600e+03 4.29596227e-07
4.61093700e+03 4.07936397e-07
4.61192800e+03 4.04034496e-07
4.61291800e+03 3.99022748e-07
4.61391000e+03 4.17007936e-07
4.61490000e+03 4.11306955e-07
4.61589200e+03 4.15978427e-07
4.61688200e+03 4.19269070e-07
4.61787400e+03 3.99727559e-07
4.61886400e+03 4.15515864e-07
4.61985500e+03 4.10539561e-07
4.62084600e+03 4.04716884e-07
4.62183700e+03 4.07746089e-07
4.62282800e+03 4.21500619e-07
4.62381900e+03 4.23278018e-07
4.62481000e+03 4.12641458e-07
4.62580000e+03 4.24762496e-07
4.62679100e+03 4.23069874e-07
4.62778200e+03 4.19149728e-07
4.62877300e+03 4.17412390e-07
4.62976400e+03 4.10164386e-07
4.63075400e+03 4.30273486e-07
4.63174500e+03 4.30436150e-07
4.63273600e+03 4.17926395e-07
4.63372700e+03 4.18883526e-07
4.63471700e+03 4.51495739e-07
4.63570800e+03 4.33098721e-07
4.63669800e+03 4.50422765e-07
4.63768900e+03 4.59117376e-07
4.63868000e+03 4.63726308e-07
4.63967000e+03 4.48161752e-07
4.64066100e+03 4.80190260e-07
4.64165100e+03 4.75960680e-07
4.64264200e+03 5.04310775e-07
4.64363300e+03 4.78944022e-07
4.64462300e+03 4.85420239e-07
4.64561400e+03 4.87253108e-07
4.64660400e+03 4.78960619e-07
4.64759500e+03 4.79587220e-07
4.64858500e+03 4.77052982e-07
4.64957600e+03 4.83729011e-07
4.65056600e+03 4.76846068e-07
4.65155700e+03 4.84909793e-07
4.65254700e+03 4.84620933e-07
4.65353800e+03 4.73968751e-07
4.65452800e+03 4.70798093e-07
4.65551800e+03 4.76203492e-07
4.65650800e+03 4.61138055e-07
4.65749900e+03 4.73721465e-07
4.65848900e+03 4.72583075e-07
4.65947900e+03 4.73718127e-07
4.66047000e+03 4.47900477e-07
4.66146000e+03 4.49858560e-07
4.66245100e+03 4.50753913e-07
4.66344100e+03 4.46340230e-07
4.66443100e+03 4.36974292e-07
4.66542100e+03 4.36123519e-07
4.66641200e+03 4.37320715e-07
4.66740200e+03 4.30968182e-07
4.66839200e+03 4.47963410e-07
4.66938200e+03 4.61959385e-07
4.67037200e+03 4.63814389e-07
4.67136200e+03 4.45943423e-07
4.67235300e+03 4.78855665e-07
4.67334300e+03 4.86906052e-07
4.67433300e+03 4.90695484e-07
4.67532300e+03 5.31948101e-07
4.67631300e+03 5.37756154e-07
4.67730300e+03 5.62998525e-07
4.67829300e+03 5.98334348e-07
4.67928300e+03 5.96580953e-07
4.68027300e+03 6.47344964e-07
4.68126300e+03 6.53708311e-07
4.68225300e+03 6.84967731e-07
4.68324300e+03 7.23703523e-07
4.68423300e+03 7.33979505e-07
4.68522300e+03 7.51178372e-07
4.68621300e+03 7.23433283e-07
4.68720300e+03 7.19329777e-07
4.68819300e+03 6.90807640e-07
4.68918300e+03 6.66107797e-07
4.69017300e+03 6.67132060e-07
4.69116300e+03 6.43387337e-07
4.69215200e+03 6.41210734e-07
4.69314200e+03 6.34568301e-07
4.69413200e+03 6.25990734e-07
4.69512200e+03 6.30032625e-07
4.69611200e+03 6.00051169e-07
4.69710200e+03 5.64362447e-07
4.69809100e+03 5.46001605e-07
4.69908100e+03 5.11147480e-07
4.70007100e+03 4.93251466e-07
4.70106100e+03 4.68743603e-07
4.70205000e+03 4.67489849e-07
4.70304000e+03 4.48974021e-07
4.70403000e+03 4.41531061e-07
4.70501900e+03 4.42772180e-07
4.70600900e+03 4.33283220e-07
4.70699900e+03 4.28315388e-07
4.70798800e+03 4.14627198e-07
4.70897800e+03 4.21520013e-07
4.70996700e+03 4.16789669e-07
4.71095700e+03 4.32285320e-07
4.71194600e+03 3.96513119e-07
4.71293600e+03 4.17597738e-07
4.71392600e+03 4.01747768e-07
4.71491500e+03 4.09899774e-07
4.71590500e+03 4.03529056e-07
4.71689400e+03 4.05895374e-07
4.71788400e+03 4.03441445e-07
4.71887300e+03 3.95815697e-07
4.71986300e+03 4.18355727e-07
4.72085200e+03 3.92444126e-07
4.72184100e+03 3.89891170e-07
4.72283100e+03 4.03643384e-07
4.72382000e+03 4.11991566e-07
4.72481000e+03 3.94381197e-07
4.72579900e+03 3.96476101e-07
4.72678900e+03 4.16531087e-07
4.72777800e+03 4.07341235e-07
4.72876700e+03 4.02276116e-07
4.72975600e+03 4.02704230e-07
4.73074600e+03 4.08663387e-07
4.73173500e+03 3.97635475e-07
4.73272400e+03 3.93576570e-07
4.73371300e+03 3.93972197e-07
4.73470300e+03 4.00819718e-07
4.73569200e+03 3.99069911e-07
4.73668100e+03 4.01694328e-07
4.73767000e+03 3.93925456e-07
4.73866000e+03 3.76666979e-07
4.73964900e+03 4.11120045e-07
4.74063800e+03 4.12707745e-07
4.74162700e+03 3.95556549e-07
4.74261600e+03 4.11722548e-07
4.74360500e+03 3.93938824e-07
4.74459400e+03 3.94824192e-07
4.74558300e+03 3.82693951e-07
4.74657300e+03 4.03478659e-07
4.74756200e+03 3.87425933e-07
4.74855100e+03 4.05362940e-07
4.74954000e+03 3.74734893e-07
4.75052900e+03 3.76553972e-07
4.75151800e+03 3.92358175e-07
4.75250700e+03 4.13692163e-07
4.75349600e+03 3.86256882e-07
4.75448400e+03 4.02084063e-07
4.75547400e+03 4.03409585e-07
4.75646200e+03 3.90140756e-07
4.75745100e+03 3.85248498e-07
4.75844000e+03 3.92697510e-07
4.75942900e+03 3.86898035e-07
4.76041800e+03 3.83836266e-07
4.76140700e+03 4.02548166e-07
4.76239600e+03 3.89566125e-07
4.76338500e+03 4.03525242e-07
4.76437400e+03 3.97940193e-07
4.76536200e+03 3.81526701e-07
4.76635100e+03 3.92474849e-07
4.76734000e+03 4.04035121e-07
4.76832900e+03 3.83037466e-07
4.76931700e+03 3.92445049e-07
4.77030600e+03 4.00163108e-07
4.77129400e+03 3.76803362e-07
4.77228300e+03 4.02037505e-07
4.77327200e+03 4.00563423e-07
4.77426100e+03 3.77899682e-07
4.77525000e+03 3.75413564e-07
4.77623800e+03 3.90531830e-07
4.77722700e+03 3.92575419e-07
4.77821500e+03 3.91079136e-07
4.77920400e+03 3.86115492e-07
4.78019200e+03 3.94103817e-07
4.78118100e+03 3.87286227e-07
4.78216900e+03 4.08746817e-07
4.78315800e+03 3.95420998e-07
4.78414600e+03 3.86428958e-07
4.78513500e+03 3.90106519e-07
4.78612400e+03 3.94190082e-07
4.78711200e+03 3.64453806e-07
4.78810100e+03 3.84523367e-07
4.78908900e+03 3.81422064e-07
4.79007800e+03 4.02195871e-07
4.79106600e+03 3.88847321e-07
4.79205400e+03 3.70464779e-07
4.79304300e+03 3.94369201e-07
4.79403100e+03 4.04562761e-07
4.79502000e+03 4.01618597e-07
4.79600800e+03 3.82940999e-07
4.79699600e+03 3.93086298e-07
4.79798400e+03 3.70395004e-07
4.79897300e+03 3.70926165e-07
4.79996100e+03 3.78271434e-07
4.80094900e+03 3.68279403e-07
4.80193800e+03 3.99985186e-07
4.80292600e+03 3.85289980e-07
4.80391400e+03 3.81558425e-07
4.80490200e+03 3.86277956e-07
4.80589100e+03 4.06611214e-07
4.80687900e+03 3.76159089e-07
4.80786700e+03 3.96211729e-07
4.80885500e+03 3.93376934e-07
4.80984300e+03 3.84825859e-07
4.81083200e+03 3.88663552e-07
4.81182000e+03 3.74586227e-07
4.81280800e+03 3.82706579e-07
4.81379600e+03 3.95188538e-07
4.81478400e+03 3.84545202e-07
4.81577200e+03 3.90310641e-07
4.81676000e+03 3.88300643e-07
4.81774800e+03 3.96188201e-07
4.81873600e+03 3.94834736e-07
4.81972400e+03 3.81761555e-07
4.82071200e+03 3.67913467e-07
4.82170000e+03 3.77598287e-07
4.82268800e+03 3.67807804e-07
4.82367600e+03 3.81790841e-07
4.82466400e+03 3.79255545e-07
4.82565200e+03 3.80135497e-07
4.82664000e+03 3.52648565e-07
4.82762800e+03 3.67632281e-07
4.82861600e+03 3.86663230e-07
4.82960400e+03 3.97618187e-07
4.83059100e+03 4.05113571e-07
4.83157900e+03 3.86589518e-07
4.83256700e+03 3.81996592e-07
4.83355500e+03 3.79511171e-07
4.83454200e+03 3.77792443e-07
4.83553000e+03 3.81303971e-07
4.83651800e+03 3.78520713e-07
4.83750600e+03 3.72077962e-07
4.83849400e+03 3.88161952e-07
4.83948100e+03 3.94949286e-07
4.84046900e+03 3.78961471e-07
4.84145700e+03 3.92925145e-07
4.84244400e+03 3.96442278e-07
4.84343200e+03 3.83235032e-07
4.84442000e+03 3.95360670e-07
4.84540700e+03 4.03655405e-07
4.84639500e+03 3.88217401e-07
4.84738300e+03 4.06503800e-07
4.84837000e+03 4.10106748e-07
4.84935800e+03 4.34137369e-07
4.85034500e+03 4.35165117e-07
4.85133300e+03 4.45849166e-07
4.85232000e+03 4.69194017e-07
4.85330800e+03 4.77285164e-07
4.85429500e+03 5.00048229e-07
4.85528300e+03 5.11902928e-07
4.85627100e+03 5.29317805e-07
4.85725800e+03 5.36423047e-07
4.85824600e+03 5.26748541e-07
4.85923300e+03 5.29735198e-07
4.86022000e+03 5.04711412e-07
4.86120800e+03 5.10895571e-07
4.86219500e+03 4.90084275e-07
4.86318300e+03 4.65643097e-07
4.86417000e+03 4.75122857e-07
4.86515700e+03 4.51975788e-07
4.86614500e+03 4.39312879e-07
4.86713200e+03 4.53669939e-07
4.86811900e+03 4.52627213e-07
4.86910600e+03 4.63041628e-07
4.87009400e+03 4.39067244e-07
4.87108100e+03 4.45595239e-07
4.87206800e+03 4.30342206e-07
4.87305600e+03 4.13594356e-07
4.87404300e+03 4.14704818e-07
4.87503000e+03 4.13047434e-07
4.87601700e+03 3.97406228e-07
4.87700400e+03 3.68611145e-07
4.87799200e+03 3.85712468e-07
4.87897900e+03 3.74246688e-07
4.87996600e+03 3.69731390e-07
4.88095300e+03 3.90764019e-07
4.88194000e+03 3.77645751e-07
4.88292700e+03 3.84039502e-07
4.88391500e+03 3.81923150e-07
4.88490100e+03 3.70002627e-07
4.88588900e+03 3.71503664e-07
4.88687500e+03 3.73118139e-07
4.88786200e+03 3.67808287e-07
4.88885000e+03 3.85721712e-07
4.88983600e+03 3.63920974e-07
4.89082400e+03 3.69435366e-07
4.89181100e+03 3.67486546e-07
4.89279700e+03 3.85753124e-07
4.89378400e+03 3.85765686e-07
4.89477100e+03 3.66744728e-07
4.89575800e+03 3.71992113e-07
4.89674500e+03 3.88725184e-07
4.89773200e+03 3.90913639e-07
4.89871900e+03 3.69786547e-07
4.89970600e+03 3.63896672e-07
4.90069200e+03 3.56949848e-07
4.90167900e+03 3.97146139e-07
4.90266600e+03 3.64027383e-07
4.90365300e+03 3.93316716e-07
4.90464000e+03 3.80227595e-07
4.90562600e+03 3.71012234e-07
4.90661300e+03 3.83687159e-07
4.90760000e+03 3.76722596e-07
4.90858700e+03 3.84554588e-07
4.90957400e+03 3.81771958e-07
4.91056000e+03 3.98293194e-07
4.91154700e+03 3.85231566e-07
4.91253400e+03 3.86706140e-07
4.91352000e+03 4.15203840e-07
4.91450700e+03 3.88771934e-07
4.91549400e+03 4.26222903e-07
4.91648000e+03 3.91841380e-07
4.91746700e+03 4.05904263e-07
4.91845300e+03 3.81395494e-07
4.91944000e+03 3.73752486e-07
4.92042600e+03 3.62484591e-07
4.92141300e+03 3.47230322e-07
4.92239900e+03 3.46218098e-07
4.92338600e+03 3.50330931e-07
4.92437300e+03 3.58577471e-07
4.92535900e+03 3.44428721e-07
4.92634500e+03 3.77551588e-07
4.92733200e+03 3.81207281e-07
4.92831800e+03 3.81185863e-07
4.92930500e+03 3.96328482e-07
4.93029100e+03 3.85713417e-07
4.93127700e+03 3.74554469e-07
4.93226400e+03 4.09507389e-07
4.93325000e+03 3.85778043e-07
4.93423700e+03 3.87669316e-07
4.93522300e+03 3.68171770e-07
4.93620900e+03 3.84354180e-07
4.93719600e+03 3.81575414e-07
4.93818200e+03 3.72008913e-07
4.93916800e+03 3.64924903e-07
4.94015400e+03 3.67925727e-07
4.94114100e+03 3.65783493e-07
4.94212700e+03 3.70932915e-07
4.94311300e+03 3.69256151e-07
4.94410000e+03 3.74886760e-07
4.94508500e+03 3.76826601e-07
4.94607200e+03 3.51847792e-07
4.94705800e+03 3.84133567e-07
4.94804400e+03 3.56159854e-07
4.94903000e+03 3.72587278e-07
4.95001700e+03 3.74585038e-07
5.00699800e+03 2.68387861e-07
5.00798400e+03 3.20243944e-07
5.00897200e+03 3.21344732e-07
5.00995800e+03 3.13508059e-07
5.01094500e+03 3.08109891e-07
5.01193300e+03 3.32698419e-07
5.01291900e+03 3.20214733e-07
5.01390600e+03 3.11723177e-07
5.01489300e+03 3.13667727e-07
5.01588000e+03 3.13010335e-07
5.01686700e+03 2.96922566e-07
5.01785400e+03 3.00639291e-07
5.01884000e+03 2.83401129e-07
5.01982700e+03 2.85633995e-07
5.02081400e+03 2.86382113e-07
5.02180100e+03 2.92898937e-07
5.02278800e+03 3.02769102e-07
5.02377400e+03 2.99864922e-07
5.02476100e+03 3.07100395e-07
5.02574800e+03 3.04144791e-07
5.02673400e+03 3.13232860e-07
5.02772100e+03 3.19297369e-07
5.02870800e+03 3.17268667e-07
5.02969400e+03 3.02629199e-07
5.03068100e+03 3.07592747e-07
5.03166700e+03 3.09961921e-07
5.03265400e+03 3.10794315e-07
5.03364100e+03 3.10529103e-07
5.03462700e+03 3.20074278e-07
5.03561300e+03 3.14451000e-07
5.03660000e+03 3.11340304e-07
5.03758600e+03 3.15807669e-07
5.03857300e+03 3.01533837e-07
5.03955900e+03 3.15863512e-07
5.04054500e+03 3.18043746e-07
5.04153200e+03 3.06971529e-07
5.04251800e+03 2.98567699e-07
5.04350500e+03 3.03588478e-07
5.04449100e+03 3.17672181e-07
5.04547700e+03 3.04744752e-07
5.04646300e+03 2.98571175e-07
5.04745000e+03 3.10359870e-07
5.04843600e+03 3.18653050e-07
5.04942200e+03 3.16916226e-07
5.05040900e+03 3.00807877e-07
5.05139500e+03 3.25906373e-07
5.05238100e+03 2.99773097e-07
5.05336700e+03 2.99077098e-07
5.05435300e+03 3.11675471e-07
5.05533900e+03 3.28210914e-07
5.05632500e+03 3.10439230e-07
5.05731200e+03 3.09553825e-07
5.05829700e+03 3.17765767e-07
5.05928400e+03 3.23291459e-07
5.06027000e+03 3.18445604e-07
5.06125600e+03 3.13588756e-07
5.06224200e+03 3.12816803e-07
5.06322800e+03 3.04083126e-07
5.06421300e+03 3.14126210e-07
5.06520000e+03 3.09301598e-07
5.06618600e+03 2.90173884e-07
5.06717100e+03 3.07459518e-07
5.06815700e+03 3.19809580e-07
5.06914300e+03 3.30966713e-07
5.07012900e+03 3.19567725e-07
5.07111500e+03 3.24854603e-07
5.07210100e+03 3.00814143e-07
5.07308600e+03 3.01938449e-07
5.07407200e+03 3.03047682e-07
5.07505800e+03 3.22011992e-07
5.07604300e+03 3.04904251e-07
5.07702900e+03 3.14608579e-07
5.07801500e+03 3.10130868e-07
5.07900000e+03 3.02867959e-07
5.07998600e+03 2.97328240e-07
5.08097200e+03 3.13286054e-07
5.08195800e+03 3.28349321e-07
5.08294300e+03 2.99156805e-07
5.08392900e+03 3.17813001e-07
5.08491400e+03 3.07108935e-07
5.08590000e+03 3.06717724e-07
5.08688500e+03 3.28924383e-07
5.08787100e+03 2.89628482e-07
5.08885600e+03 3.18837490e-07
5.08984200e+03 3.29934874e-07
5.09082700e+03 3.00525717e-07
5.09181200e+03 3.03660147e-07
5.09279800e+03 3.12199260e-07
5.09378300e+03 3.15947968e-07
5.09476900e+03 3.24266507e-07
5.09575400e+03 3.16364752e-07
5.09673900e+03 3.04670502e-07
5.09772500e+03 3.12368938e-07
5.09871000e+03 3.22523538e-07
5.09969500e+03 3.07274113e-07
5.10068100e+03 3.18893805e-07
5.10166600e+03 3.39036388e-07
5.10265100e+03 3.26581234e-07
5.10363600e+03 3.12670396e-07
5.10462200e+03 3.15668839e-07
5.10560600e+03 3.01141814e-07
5.10659200e+03 3.22893848e-07
5.10757700e+03 3.23940516e-07
5.10856200e+03 3.18253405e-07
5.10954700e+03 3.07217831e-07
5.11053200e+03 3.13062550e-07
5.11151700e+03 3.14090433e-07
5.11250200e+03 3.28170821e-07
5.11348700e+03 3.22744166e-07
5.11447200e+03 3.21709999e-07
5.11545800e+03 3.14686628e-07
5.11644200e+03 3.07299913e-07
5.11742700e+03 3.06778295e-07
5.11841200e+03 3.28655909e-07
5.11939700e+03 3.23073897e-07
5.12038200e+03 3.27860173e-07
5.12136700e+03 3.26377529e-07
5.12235200e+03 3.22089839e-07
5.12333600e+03 3.22375230e-07
5.12432100e+03 3.31101086e-07
5.12530600e+03 3.21327382e-07
5.12629100e+03 3.19244508e-07
5.12727600e+03 3.32732354e-07
5.12826000e+03 3.24493344e-07
5.12924500e+03 3.24095500e-07
5.13023000e+03 3.28096159e-07
5.13121400e+03 3.25242543e-07
5.13219900e+03 3.17076346e-07
5.13318400e+03 3.10283667e-07
5.13416800e+03 3.33713689e-07
5.13515300e+03 3.32112848e-07
5.13613800e+03 3.31390534e-07
5.13712200e+03 3.32354523e-07
5.13810700e+03 3.24948280e-07
5.13909100e+03 3.26507898e-07
5.14007600e+03 3.38563185e-07
5.14106100e+03 3.29573551e-07
5.14204500e+03 3.18240902e-07
5.14302900e+03 3.36762810e-07
5.14401400e+03 3.42412845e-07
5.14499800e+03 3.09851576e-07
5.14598200e+03 3.21668337e-07
5.14696700e+03 3.21753153e-07
5.14795100e+03 3.31568167e-07
5.14893600e+03 3.29787708e-07
5.14992000e+03 3.39693236e-07
5.15090400e+03 3.30689297e-07
5.15188900e+03 3.24007123e-07
5.15287300e+03 3.29471359e-07
5.15385700e+03 3.30180487e-07
5.15484100e+03 3.33448958e-07
5.15582600e+03 3.46133011e-07
5.15681000e+03 3.25864622e-07
5.15779400e+03 3.27113946e-07
5.15877800e+03 3.35424868e-07
5.15976200e+03 3.27369000e-07
5.16074700e+03 3.40465067e-07
5.16173000e+03 3.55666585e-07
5.16271400e+03 3.36546327e-07
5.16369900e+03 3.45470261e-07
5.16468300e+03 3.49266622e-07
5.16566700e+03 3.26205361e-07
5.16665100e+03 3.22466196e-07
5.16763500e+03 3.15605452e-07
5.16861900e+03 3.46208653e-07
5.16960300e+03 3.08332999e-07
5.17058600e+03 3.11208697e-07
5.17157000e+03 2.94710478e-07
5.17255400e+03 2.91214260e-07
5.17353800e+03 2.97842052e-07
5.17452200e+03 3.07942127e-07
5.17550600e+03 3.10410971e-07
5.17649000e+03 3.27199452e-07
5.17747400e+03 3.11080355e-07
5.17845800e+03 3.09763554e-07
5.17944100e+03 3.28091674e-07
5.18042500e+03 3.21994020e-07
5.18140900e+03 3.26708632e-07
5.18239300e+03 3.19808588e-07
5.18337600e+03 3.32242210e-07
5.18436000e+03 3.17988645e-07
5.18534300e+03 3.22338107e-07
5.18632700e+03 3.11958253e-07
5.18731100e+03 3.38523326e-07
5.18829400e+03 3.25028557e-07
5.18927800e+03 3.16070148e-07
5.19026100e+03 3.26897713e-07
5.19124500e+03 3.20402386e-07
5.19222900e+03 3.31407814e-07
5.19321200e+03 3.38206964e-07
5.19419500e+03 3.35875727e-07
5.19517900e+03 3.36208354e-07
5.19616300e+03 3.18683450e-07
5.19714600e+03 3.39348639e-07
5.19812900e+03 3.31481330e-07
5.19911300e+03 3.28230835e-07
5.20009600e+03 3.43565424e-07
5.20108000e+03 3.19989425e-07
5.20206300e+03 3.38451371e-07
5.20304600e+03 3.41200792e-07
5.20402900e+03 3.37304100e-07
5.20501300e+03 3.31283459e-07
5.20599600e+03 3.26207862e-07
5.20697900e+03 3.31395968e-07
5.20796200e+03 3.39249586e-07
5.20894600e+03 3.40098010e-07
5.20992900e+03 3.44460279e-07
5.21091200e+03 3.28512757e-07
5.21189500e+03 3.40819176e-07
5.21287800e+03 3.33827074e-07
5.21386100e+03 3.30210305e-07
5.21484500e+03 3.34923696e-07
5.21582800e+03 3.37935194e-07
5.21681100e+03 3.32236306e-07
5.21779400e+03 3.34366641e-07
5.21877700e+03 3.42797249e-07
5.21976000e+03 3.42713322e-07
5.22074300e+03 3.31848014e-07
5.22172600e+03 3.42600354e-07
5.22270800e+03 3.21984956e-07
5.22369100e+03 3.26594126e-07
5.22467400e+03 3.40970413e-07
5.22565700e+03 3.42975158e-07
5.22664000e+03 3.46689552e-07
5.22762300e+03 3.27206184e-07
5.22860600e+03 3.35407808e-07
5.22958900e+03 3.36060876e-07
5.23057200e+03 3.28325903e-07
5.23155400e+03 3.32054143e-07
5.23253700e+03 3.50119967e-07
5.23352000e+03 3.38399198e-07
5.23450200e+03 3.29785678e-07
5.23548500e+03 3.34142712e-07
5.23646800e+03 3.37845785e-07
5.23745100e+03 3.48047673e-07
5.23843400e+03 3.30668748e-07
5.23941600e+03 3.43464432e-07
5.24039800e+03 3.35283805e-07
5.24138100e+03 3.41325128e-07
5.24236400e+03 3.39857146e-07
5.24334600e+03 3.33372509e-07
5.24432900e+03 3.42376168e-07
5.24531200e+03 3.35503089e-07
5.24629400e+03 3.42327271e-07
5.24727600e+03 3.29613063e-07
5.24825900e+03 3.38525950e-07
5.24924100e+03 3.54412400e-07
5.25022400e+03 3.46568823e-07
5.25120600e+03 3.46578191e-07
5.25218800e+03 3.47641376e-07
5.25317100e+03 3.39308762e-07
5.25415300e+03 3.50349070e-07
5.25513600e+03 3.38001309e-07
5.25611800e+03 3.49959270e-07
5.25710000e+03 3.48097342e-07
5.25808300e+03 3.31489774e-07
5.25906500e+03 3.71459739e-07
5.26004700e+03 3.45645948e-07
5.26102900e+03 3.29160481e-07
5.26201100e+03 3.52441040e-07
5.26299400e+03 3.65435839e-07
5.26397600e+03 3.48948625e-07
5.26495800e+03 3.49587132e-07
5.26594000e+03 3.37859994e-07
5.26692200e+03 3.35429211e-07
5.26790400e+03 3.47637170e-07
5.26888600e+03 3.45195754e-07
5.26986800e+03 3.46363237e-07
5.27085100e+03 3.32005057e-07
5.27183300e+03 3.57734436e-07
5.27281400e+03 3.52765450e-07
5.27379600e+03 3.39913667e-07
5.27477800e+03 3.32805165e-07
5.27576000e+03 3.36289183e-07
5.27674200e+03 3.37294373e-07
5.27772400e+03 3.27641482e-07
5.27870600e+03 3.43474212e-07
5.27968800e+03 3.25465762e-07
5.28067000e+03 3.35786992e-07
5.28165200e+03 3.37122066e-07
5.28263300e+03 3.42034533e-07
5.28361500e+03 3.50507817e-07
5.28459700e+03 3.42223243e-07
5.28557900e+03 3.55722340e-07
5.28656100e+03 3.59195253e-07
5.28754200e+03 3.44986346e-07
5.28852400e+03 3.56718801e-07
5.28950600e+03 3.46343490e-07
5.29048700e+03 3.49934495e-07
5.29146900e+03 3.36051636e-07
5.29245100e+03 3.51073551e-07
5.29343200e+03 3.46094604e-07
5.29441400e+03 3.62253839e-07
5.29539600e+03 3.48185512e-07
5.29637700e+03 3.60274334e-07
5.29735800e+03 3.61702269e-07
5.29834000e+03 3.44444596e-07
5.29932100e+03 3.55956692e-07
5.30030300e+03 3.42368308e-07
5.30128400e+03 3.57368040e-07
5.30226600e+03 3.49971700e-07
5.30324700e+03 3.49270110e-07
5.30422900e+03 3.55553686e-07
5.30521000e+03 3.66298091e-07
5.30619100e+03 3.51575529e-07
5.30717300e+03 3.64167682e-07
5.30815400e+03 3.37429828e-07
5.30913500e+03 3.48404348e-07
5.31011700e+03 3.47547845e-07
5.31109800e+03 3.54627769e-07
5.31207900e+03 3.47288622e-07
5.31306100e+03 3.39644520e-07
5.31404200e+03 3.49633735e-07
5.31502300e+03 3.45541783e-07
5.31600400e+03 3.35684927e-07
5.31698500e+03 3.30668500e-07
5.31796600e+03 3.31240077e-07
5.31894700e+03 3.27649896e-07
5.31992900e+03 3.39211386e-07
5.32091000e+03 3.64975861e-07
5.32189100e+03 3.33332816e-07
5.32287200e+03 3.43728056e-07
5.32385300e+03 3.49743048e-07
5.32483400e+03 3.35791011e-07
5.32581500e+03 3.55175078e-07
5.32679600e+03 3.36051152e-07
5.32777700e+03 3.54652149e-07
5.32875800e+03 3.39651770e-07
5.32973900e+03 3.29761997e-07
5.33072000e+03 3.46085694e-07
5.33170000e+03 3.42928007e-07
5.33268100e+03 3.47556885e-07
5.33366200e+03 3.44248982e-07
5.33464300e+03 3.34488502e-07
5.33562400e+03 3.27434766e-07
5.33660400e+03 3.42868853e-07
5.33758500e+03 3.42039484e-07
5.33856600e+03 3.46065233e-07
5.33954700e+03 3.65162822e-07
5.34052700e+03 3.44251616e-07
5.34150800e+03 3.48376076e-07
5.34248900e+03 3.47903585e-07
5.34347000e+03 3.71688428e-07
5.34445000e+03 3.46994671e-07
5.34543100e+03 3.45007175e-07
5.34641200e+03 3.42528883e-07
5.34739200e+03 3.42795933e-07
5.34837300e+03 3.54681891e-07
5.34935300e+03 3.43842889e-07
5.35033300e+03 3.49907274e-07
5.35131400e+03 3.36722846e-07
5.35229400e+03 3.48528648e-07
5.35327500e+03 3.46191909e-07
5.35425500e+03 3.57259287e-07
5.35523600e+03 3.45606337e-07
5.35621600e+03 3.38342449e-07
5.35719700e+03 3.43385431e-07
5.35817700e+03 3.47793882e-07
5.35915800e+03 3.57801568e-07
5.36013800e+03 3.55518170e-07
5.36111800e+03 3.48417901e-07
5.36209900e+03 3.61960830e-07
5.36307900e+03 3.40495402e-07
5.36405900e+03 3.41394782e-07
5.36504000e+03 3.68786868e-07
5.36602000e+03 3.42613771e-07
5.36700000e+03 3.36220194e-07
5.36798000e+03 3.55973227e-07
5.36896000e+03 3.58994846e-07
5.36994000e+03 3.54935428e-07
5.37092000e+03 3.59230909e-07
5.37190000e+03 3.51879819e-07
5.37288100e+03 3.50593169e-07
5.37386100e+03 3.51968986e-07
5.37484100e+03 3.51050520e-07
5.37582100e+03 3.47284009e-07
5.37680100e+03 3.49308845e-07
5.37778100e+03 3.56295280e-07
5.37876100e+03 3.37759873e-07
5.37974100e+03 3.44101181e-07
5.38072100e+03 3.60367345e-07
5.38170100e+03 3.45108902e-07
5.38268100e+03 3.56633701e-07
5.38366100e+03 3.57453427e-07
5.38464000e+03 3.63665490e-07
5.38562000e+03 3.53107098e-07
5.38660000e+03 3.58531802e-07
5.38758000e+03 3.64089438e-07
5.38856000e+03 3.55967995e-07
5.38954000e+03 3.56274219e-07
5.39051900e+03 3.54772384e-07
5.39149900e+03 3.63283209e-07
5.39247900e+03 3.53361813e-07
5.39345800e+03 3.63351492e-07
5.39443800e+03 3.66666331e-07
5.39541800e+03 3.53723575e-07
5.39639700e+03 3.67551360e-07
5.39737700e+03 3.57042892e-07
5.39835600e+03 3.60785856e-07
5.39933600e+03 3.86061703e-07
5.40031600e+03 3.77903111e-07
5.40129500e+03 3.57688212e-07
5.40227500e+03 3.74824137e-07
5.40325400e+03 3.70729371e-07
5.40423400e+03 3.90912816e-07
5.40521300e+03 3.61964658e-07
5.40619300e+03 3.85047296e-07
5.40717200e+03 3.98354761e-07
5.40815200e+03 3.74749502e-07
5.40913100e+03 3.82532020e-07
5.41011100e+03 3.67575187e-07
5.41109000e+03 3.83901577e-07
5.41206900e+03 3.81189661e-07
5.41304900e+03 3.77625238e-07
5.41402800e+03 3.82081594e-07
5.41500700e+03 3.81359142e-07
5.41598600e+03 3.89445629e-07
5.41696600e+03 3.81683575e-07
5.41794500e+03 3.86558739e-07
5.41892400e+03 3.84432725e-07
5.41990300e+03 3.83867041e-07
5.42088300e+03 3.84337164e-07
5.42186200e+03 3.86550078e-07
5.42284100e+03 3.78909476e-07
5.42382000e+03 3.79164106e-07
5.42479900e+03 3.65542165e-07
5.42577800e+03 3.61171394e-07
5.42675700e+03 3.72747272e-07
5.42773600e+03 3.57739213e-07
5.42871500e+03 3.49726292e-07
5.42969400e+03 3.62830068e-07
5.43067300e+03 3.36226592e-07
5.43165200e+03 3.58337081e-07
5.43263100e+03 3.51200285e-07
5.43361000e+03 3.66319074e-07
5.43458900e+03 3.44024938e-07
5.43556800e+03 3.47621140e-07
5.43654700e+03 3.50805511e-07
5.43752600e+03 3.59551845e-07
5.43850500e+03 3.56120944e-07
5.43948400e+03 3.49760350e-07
5.44046200e+03 3.60703747e-07
5.44144100e+03 3.43628140e-07
5.44242000e+03 3.66692449e-07
5.44339900e+03 3.56792445e-07
5.44437700e+03 3.53473339e-07
5.44535600e+03 3.56241225e-07
5.44633500e+03 3.58361681e-07
5.44731300e+03 3.45720188e-07
5.44829200e+03 3.53015405e-07
5.44927100e+03 3.52760638e-07
5.45025000e+03 3.54041534e-07
5.45122800e+03 3.51106819e-07
5.45220700e+03 3.53910488e-07
5.45318600e+03 3.56113604e-07
5.45416400e+03 3.52778829e-07
5.45514300e+03 3.61959441e-07
5.45612100e+03 3.61088141e-07
5.45710000e+03 3.58885930e-07
5.45807800e+03 3.55128786e-07
5.45905700e+03 3.63812174e-07
5.46003500e+03 3.63990192e-07
5.46101300e+03 3.50526215e-07
5.46199200e+03 3.73431854e-07
5.46297000e+03 3.60962274e-07
5.46394800e+03 3.56888216e-07
5.46492700e+03 3.49275453e-07
5.46590500e+03 3.67910835e-07
5.46688300e+03 3.60693432e-07
5.46786200e+03 3.56447062e-07
5.46884000e+03 3.62776859e-07
5.46981800e+03 3.74698066e-07
5.47079600e+03 3.51378627e-07
5.47177500e+03 3.60962115e-07
5.47275300e+03 3.61501967e-07
5.47373100e+03 3.50189173e-07
5.47470900e+03 3.37863180e-07
5.47568800e+03 3.66196667e-07
5.47666600e+03 3.52086365e-07
5.47764400e+03 3.62502743e-07
5.47862200e+03 3.60491803e-07
5.47960000e+03 3.61570638e-07
5.48057800e+03 3.59267048e-07
5.48155600e+03 3.48852462e-07
5.48253400e+03 3.47083292e-07
5.48351200e+03 3.69268044e-07
5.48449000e+03 3.54584694e-07
5.48546800e+03 3.69165093e-07
5.48644600e+03 3.65538572e-07
5.48742400e+03 3.53660116e-07
5.48840100e+03 3.56626039e-07
5.48937900e+03 3.69399145e-07
5.49035700e+03 3.48134952e-07
5.49133500e+03 3.44535635e-07
5.49231300e+03 3.56215270e-07
5.49329100e+03 3.68995063e-07
5.49426900e+03 3.65887463e-07
5.49524600e+03 3.51715896e-07
5.49622400e+03 3.57219389e-07
5.49720200e+03 3.68890556e-07
5.49818000e+03 3.74922194e-07
5.49915700e+03 3.66283331e-07
5.50013500e+03 3.46462772e-07
5.50111300e+03 3.62796317e-07
5.50209000e+03 3.68486320e-07
5.50306800e+03 3.64776476e-07
5.50404500e+03 3.69393345e-07
5.50502300e+03 3.61596885e-07
5.50600000e+03 3.68150051e-07
5.50697800e+03 3.72118238e-07
5.50795600e+03 3.57258380e-07
5.50893300e+03 3.56316694e-07
5.50991100e+03 3.53573811e-07
5.51088800e+03 3.39219531e-07
5.51186600e+03 3.53094177e-07
5.51284300e+03 3.51596749e-07
5.51382000e+03 3.48243004e-07
5.51479800e+03 3.46112210e-07
5.51577500e+03 3.50525847e-07
5.51675200e+03 3.41453923e-07
5.51773000e+03 3.53807116e-07
5.51870700e+03 3.49450614e-07
5.51968500e+03 3.45212108e-07
5.52066200e+03 3.45207338e-07
5.52163900e+03 3.46167176e-07
5.52261600e+03 3.58003208e-07
5.52359400e+03 3.48233292e-07
5.52457100e+03 3.56048992e-07
5.52554800e+03 3.52780415e-07
5.52652500e+03 3.56310410e-07
5.52750200e+03 3.53187589e-07
5.52847900e+03 3.45715620e-07
5.52945700e+03 3.52092933e-07
5.53043400e+03 3.53182149e-07
5.53141100e+03 3.44625211e-07
5.53238800e+03 3.49027030e-07
5.53336500e+03 3.44577902e-07
5.53434200e+03 3.45760276e-07
5.53531900e+03 3.43571596e-07
5.53629600e+03 3.34022137e-07
5.53727300e+03 3.50756201e-07
5.53825000e+03 3.42635954e-07
5.53922700e+03 3.58181542e-07
5.54020400e+03 3.45884202e-07
5.54118100e+03 3.47037813e-07
5.54215700e+03 3.61373395e-07
5.54313400e+03 3.43594074e-07
5.54411100e+03 3.54483596e-07
5.54508800e+03 3.46163576e-07
5.54606500e+03 3.48262602e-07
5.54704200e+03 3.60056741e-07
5.54801800e+03 3.52592994e-07
5.54899500e+03 3.62469605e-07
5.54997200e+03 3.48970671e-07
5.55094800e+03 3.57005752e-07
5.55192500e+03 3.55170747e-07
5.55290200e+03 3.57248341e-07
5.55387800e+03 3.55741706e-07
5.55485500e+03 3.38423404e-07
5.55583200e+03 3.49367162e-07
5.55680800e+03 3.44169001e-07
5.55778500e+03 3.56228180e-07
5.55876100e+03 3.35785734e-07
5.55973800e+03 3.43439115e-07
5.56071400e+03 3.44262402e-07
5.56169100e+03 3.45996702e-07
5.56266700e+03 3.48751239e-07
5.56364400e+03 3.42852875e-07
5.56462100e+03 3.48133193e-07
5.56559700e+03 3.65901213e-07
5.56657300e+03 3.52117770e-07
5.56755000e+03 3.52008965e-07
5.56852600e+03 3.37294049e-07
5.56950200e+03 3.57525900e-07
5.57047900e+03 3.47034283e-07
5.57145500e+03 3.55541273e-07
5.57243100e+03 3.51485982e-07
5.57340800e+03 3.47539824e-07
5.57438400e+03 3.68383244e-07
5.57536000e+03 3.55481793e-07
5.57633600e+03 3.66543706e-07
5.57731200e+03 3.71914245e-07
5.57828900e+03 3.61049359e-07
5.57926500e+03 3.70851616e-07
5.58024100e+03 3.75021645e-07
5.58121700e+03 3.42719338e-07
5.58219300e+03 3.52235887e-07
5.58316900e+03 3.47175501e-07
5.58414600e+03 3.54626307e-07
5.58512200e+03 3.55813152e-07
5.58609800e+03 3.51595857e-07
5.58707400e+03 3.50928347e-07
5.58804900e+03 3.47224057e-07
5.58902500e+03 3.62277322e-07
5.59000100e+03 3.50532063e-07
5.59097800e+03 3.51727395e-07
5.59195300e+03 3.42908941e-07
5.59292900e+03 3.44631106e-07
5.59390500e+03 3.39120131e-07
5.59488100e+03 3.38348952e-07
5.59585700e+03 3.52444214e-07
5.59683300e+03 3.56439079e-07
5.59780900e+03 3.40434917e-07
5.59878400e+03 3.29980850e-07
5.59976000e+03 3.41624562e-07
5.60073600e+03 3.53354194e-07
5.60171100e+03 3.59802981e-07
5.60268800e+03 3.57662765e-07
5.60366300e+03 3.47937791e-07
5.60463900e+03 3.54445624e-07
5.60561400e+03 3.57598904e-07
5.60659000e+03 3.36709691e-07
5.60756500e+03 3.51251437e-07
5.60854100e+03 3.43471086e-07
5.60951700e+03 3.36364626e-07
5.61049200e+03 3.45900761e-07
5.61146800e+03 3.46474166e-07
5.61244300e+03 3.45067551e-07
5.61341900e+03 3.38659680e-07
5.61439500e+03 3.39206463e-07
5.61537000e+03 3.43429691e-07
5.61634500e+03 3.47585979e-07
5.61732100e+03 3.51456006e-07
5.61829600e+03 3.41143261e-07
5.61927100e+03 3.53628058e-07
5.62024700e+03 3.37230013e-07
5.62122300e+03 3.28559553e-07
5.62219800e+03 3.55030473e-07
5.62317300e+03 3.50284827e-07
5.62414800e+03 3.39280642e-07
5.62512400e+03 3.35800853e-07
5.62609900e+03 3.46467679e-07
5.62707400e+03 3.38676785e-07
5.62804900e+03 3.40234935e-07
5.62902500e+03 3.39724155e-07
5.63000000e+03 3.42959331e-07
5.63097500e+03 3.32548978e-07
5.63195000e+03 3.46542063e-07
5.63292500e+03 3.50690995e-07
5.63390000e+03 3.30622223e-07
5.63487500e+03 3.45986387e-07
5.63585100e+03 3.40898067e-07
5.63682600e+03 3.57237995e-07
5.63780100e+03 3.45029625e-07
5.63877600e+03 3.36144372e-07
5.63975100e+03 3.50366820e-07
5.64072600e+03 3.44950587e-07
5.64170100e+03 3.41242119e-07
5.64267600e+03 3.50925533e-07
5.64365100e+03 3.36542556e-07
5.64462500e+03 3.39563161e-07
5.64560100e+03 3.42687582e-07
5.64657500e+03 3.46535792e-07
5.64755000e+03 3.33540547e-07
5.64852500e+03 3.47144791e-07
5.64950000e+03 3.53129196e-07
5.65047500e+03 3.50708396e-07
5.65145000e+03 3.41523160e-07
5.65242400e+03 3.28705429e-07
5.65339900e+03 3.54820381e-07
5.65437400e+03 3.44189482e-07
5.65534900e+03 3.40853463e-07
5.65632300e+03 3.44231014e-07
5.65729800e+03 3.43060580e-07
5.65827200e+03 3.48051846e-07
5.65924700e+03 3.38650671e-07
5.66022200e+03 3.39843084e-07
5.66119600e+03 3.48002865e-07
5.66217100e+03 3.54310925e-07
5.66314600e+03 3.45571359e-07
5.66412000e+03 3.37161519e-07
5.66509500e+03 3.46919443e-07
5.66606900e+03 3.51927060e-07
5.66704300e+03 3.53787720e-07
5.66801800e+03 3.46578106e-07
5.66899300e+03 3.48392170e-07
5.66996700e+03 3.40490939e-07
5.67094100e+03 3.37135025e-07
5.67191600e+03 3.41018385e-07
5.67289000e+03 3.46070488e-07
5.67386500e+03 3.50301695e-07
5.67483900e+03 3.37777370e-07
5.67581300e+03 3.56269783e-07
5.67678800e+03 3.28060994e-07
5.67776200e+03 3.41855736e-07
5.67873600e+03 3.47755452e-07
5.67971000e+03 3.42683245e-07
5.68068500e+03 3.51760165e-07
5.68165900e+03 3.41292104e-07
5.68263300e+03 3.48397598e-07
5.68360700e+03 3.59639663e-07
5.68458100e+03 3.33660429e-07
5.68555500e+03 3.47569643e-07
5.68652900e+03 3.53358625e-07
5.68750300e+03 3.49555555e-07
5.68847800e+03 3.30304108e-07
5.68945200e+03 3.47124853e-07
5.69042600e+03 3.51812746e-07
5.69140000e+03 3.43251095e-07
5.69237400e+03 3.46836111e-07
5.69334800e+03 3.39474807e-07
5.69432200e+03 3.45922030e-07
5.69529600e+03 3.43332022e-07
5.69627000e+03 3.44260108e-07
5.69724400e+03 3.51514177e-07
5.69821700e+03 3.35254204e-07
5.69919100e+03 3.48577994e-07
5.70016500e+03 3.51653943e-07
5.70113900e+03 3.40890308e-07
5.70211300e+03 3.39614225e-07
5.70308700e+03 3.51829890e-07
5.70406100e+03 3.53444772e-07
5.70503400e+03 3.35635928e-07
5.70600800e+03 3.52083688e-07
5.70698200e+03 3.45507372e-07
5.70795600e+03 3.44400304e-07
5.70892900e+03 3.39243487e-07
5.70990300e+03 3.48542025e-07
5.71087600e+03 3.50624777e-07
5.71185000e+03 3.28366473e-07
5.71282400e+03 3.59203612e-07
5.71379700e+03 3.40823787e-07
5.71477100e+03 3.62504134e-07
5.71574500e+03 3.47217645e-07
5.71671800e+03 3.39530192e-07
5.71769100e+03 3.33526232e-07
5.71866500e+03 3.45699019e-07
5.71963900e+03 3.38808548e-07
5.72061200e+03 3.37137311e-07
5.72158500e+03 3.28072412e-07
5.72255900e+03 3.47391341e-07
5.72353200e+03 3.45573455e-07
5.72450500e+03 3.28074887e-07
5.72547900e+03 3.36980518e-07
5.72645200e+03 3.41031732e-07
5.72742600e+03 3.31653690e-07
5.72839900e+03 3.44800736e-07
5.72937200e+03 3.48158137e-07
5.73034600e+03 3.48392627e-07
5.73131900e+03 3.49901876e-07
5.73229200e+03 3.42280243e-07
5.73326500e+03 3.43928046e-07
5.73423800e+03 3.48302713e-07
5.73521100e+03 3.45593712e-07
5.73618500e+03 3.41762095e-07
5.73715800e+03 3.39965762e-07
5.73813100e+03 3.34760379e-07
5.73910400e+03 3.56005928e-07
5.74007700e+03 3.27526134e-07
5.74105000e+03 3.50312350e-07
5.74202300e+03 3.35522811e-07
5.74299700e+03 3.50238470e-07
5.74397000e+03 3.35134240e-07
5.74494200e+03 3.52196590e-07
5.74591600e+03 3.38461014e-07
5.74688900e+03 3.30306077e-07
5.74786100e+03 3.43730192e-07
5.74883400e+03 3.35746601e-07
5.74980700e+03 3.37024316e-07
5.75078000e+03 3.53549357e-07
5.75175300e+03 3.37561908e-07
5.75272600e+03 3.61434378e-07
5.75369900e+03 3.44988247e-07
5.75467100e+03 3.55528799e-07
5.75564400e+03 3.51136833e-07
5.75661700e+03 3.42128882e-07
5.75759000e+03 3.36976855e-07
5.75856200e+03 3.38284987e-07
5.75953500e+03 3.56908277e-07
5.76050800e+03 3.25800860e-07
5.76148000e+03 3.32309648e-07
5.76245300e+03 3.45454765e-07
5.76342600e+03 3.46230784e-07
5.76439800e+03 3.40235071e-07
5.76537100e+03 3.42989907e-07
5.76634400e+03 3.50651866e-07
5.76731600e+03 3.37412288e-07
5.76828900e+03 3.38787080e-07
5.76926100e+03 3.42446608e-07
5.77023400e+03 3.35535113e-07
5.77120700e+03 3.35059810e-07
5.77217900e+03 3.43634709e-07
5.77315100e+03 3.44559199e-07
5.77412400e+03 3.23685748e-07
5.77509600e+03 3.12898866e-07
5.77606900e+03 3.37181563e-07
5.77704100e+03 3.50299090e-07
5.77801300e+03 3.31639600e-07
5.77898600e+03 3.37664290e-07
5.77995800e+03 3.42140752e-07
5.78093000e+03 3.48851498e-07
5.78190300e+03 3.31734845e-07
5.78287500e+03 3.42465705e-07
5.78384700e+03 3.36660267e-07
5.78481900e+03 3.50266008e-07
5.78579200e+03 3.47507275e-07
5.78676400e+03 3.37068286e-07
5.78773600e+03 3.58249091e-07
5.78870800e+03 3.50329526e-07
5.78968000e+03 3.54518570e-07
5.79065200e+03 3.52042964e-07
5.79162500e+03 3.50328211e-07
5.79259700e+03 3.59669400e-07
5.79356900e+03 3.43405035e-07
5.79454100e+03 3.43172430e-07
5.79551300e+03 3.51009119e-07
5.79648500e+03 3.30159279e-07
5.79745700e+03 3.57696132e-07
5.79842900e+03 3.45582913e-07
5.79940100e+03 3.47653630e-07
5.80037300e+03 3.70980291e-07
5.80134500e+03 3.44132086e-07
5.80231600e+03 3.39600835e-07
5.80328900e+03 3.53791609e-07
5.80426000e+03 3.70913128e-07
5.80523200e+03 3.45641794e-07
5.80620400e+03 3.53429852e-07
5.80717600e+03 3.63595842e-07
5.80814700e+03 3.48436130e-07
5.80911900e+03 3.54683878e-07
5.81009100e+03 3.53835506e-07
5.81106300e+03 3.42255350e-07
5.81203500e+03 3.46058021e-07
5.81300600e+03 3.43784676e-07
5.81397800e+03 3.51176190e-07
5.81495000e+03 3.68759984e-07
5.81592100e+03 3.60625857e-07
5.81689300e+03 3.51995511e-07
5.81786400e+03 3.58423572e-07
5.81883600e+03 3.46717123e-07
5.81980800e+03 3.45345076e-07
5.82077900e+03 3.43521374e-07
5.82175000e+03 3.39735272e-07
5.82272200e+03 3.36687941e-07
5.82369300e+03 3.48574268e-07
5.82466500e+03 3.48139966e-07
5.82563700e+03 3.59885048e-07
5.82660800e+03 3.60244667e-07
5.82757900e+03 3.45358698e-07
5.82855100e+03 3.49767774e-07
5.82952200e+03 3.47742336e-07
5.83049400e+03 3.42250289e-07
5.83146500e+03 3.35385824e-07
5.83243600e+03 3.39461227e-07
5.83340700e+03 3.40568005e-07
5.83437900e+03 3.36095173e-07
5.83535000e+03 3.47564736e-07
5.83632100e+03 3.39336680e-07
5.83729200e+03 3.31295682e-07
5.83826400e+03 3.41294791e-07
5.83923500e+03 3.52444624e-07
5.84020600e+03 3.53787476e-07
5.84117700e+03 3.34197698e-07
5.84214800e+03 3.41521283e-07
5.84312000e+03 3.40982840e-07
5.84409000e+03 3.43318410e-07
5.84506200e+03 3.52731042e-07
5.84603300e+03 3.45043018e-07
5.84700400e+03 3.52721179e-07
5.84797500e+03 3.39293485e-07
5.84894600e+03 3.32099372e-07
5.84991700e+03 3.58776290e-07
5.85088800e+03 3.49902072e-07
5.85185900e+03 3.38661254e-07
5.85283000e+03 3.36428688e-07
5.85380000e+03 3.27496206e-07
5.85477100e+03 3.31174034e-07
5.85574200e+03 3.28318779e-07
5.85671300e+03 3.26671128e-07
5.85768400e+03 3.32477713e-07
5.85865500e+03 3.39308334e-07
5.85962500e+03 3.41045807e-07
5.86059600e+03 3.34251215e-07
5.86156700e+03 3.31539323e-07
5.86253800e+03 3.43870780e-07
5.86350900e+03 3.32358278e-07
5.86447900e+03 3.31945247e-07
5.86545000e+03 3.49148474e-07
5.86642100e+03 3.46910247e-07
5.86739100e+03 3.54824708e-07
5.86836200e+03 3.56042166e-07
5.86933300e+03 3.49822740e-07
5.87030300e+03 3.67973773e-07
5.87127400e+03 3.59666035e-07
5.87224400e+03 3.56245293e-07
5.87321500e+03 3.63016724e-07
5.87418600e+03 3.70187963e-07
5.87515600e+03 3.49520372e-07
5.87612600e+03 3.29229520e-07
5.87709700e+03 3.31149732e-07
5.87806700e+03 3.31508620e-07
5.87903800e+03 3.32579410e-07
5.88000800e+03 3.34852618e-07
5.88097900e+03 3.33398033e-07
5.88194900e+03 3.63223104e-07
5.88291900e+03 3.31597333e-07
5.88389000e+03 3.44923388e-07
5.88486000e+03 3.41981119e-07
5.88583000e+03 3.35399421e-07
5.88680000e+03 3.58827197e-07
5.88777100e+03 3.31762122e-07
5.88874100e+03 3.44864194e-07
5.88971100e+03 3.36354011e-07
5.89068100e+03 3.32734333e-07
5.89165100e+03 3.30557293e-07
5.89262200e+03 3.20570005e-07
5.89359200e+03 3.20775897e-07
5.89456200e+03 3.19529708e-07
5.89553200e+03 3.15407124e-07
5.89650200e+03 3.24498481e-07
5.89747200e+03 3.19655342e-07
5.89844200e+03 3.35751453e-07
5.89941300e+03 3.14353969e-07
5.90038200e+03 3.11251271e-07
5.90135300e+03 3.32110477e-07
5.90232200e+03 3.14491319e-07
5.90329200e+03 3.28461045e-07
5.90426200e+03 3.43121226e-07
5.90523200e+03 3.35250811e-07
5.90620200e+03 3.32976343e-07
5.90717200e+03 3.23096942e-07
5.90814200e+03 3.33722559e-07
5.90911200e+03 3.30502576e-07
5.91008200e+03 3.37175122e-07
5.91105100e+03 3.36218137e-07
5.91202100e+03 3.37223895e-07
5.91299100e+03 3.25393888e-07
5.91396000e+03 3.24506286e-07
5.91493100e+03 3.32906350e-07
5.91590000e+03 3.40379710e-07
5.91687000e+03 3.29491725e-07
5.91783900e+03 3.29705484e-07
5.91880900e+03 3.39125394e-07
5.91977900e+03 3.37191728e-07
5.92074900e+03 3.32764102e-07
5.92171800e+03 3.27241380e-07
5.92268800e+03 3.32835638e-07
5.92365700e+03 3.35699150e-07
5.92462700e+03 3.36804124e-07
5.92559600e+03 3.31271288e-07
5.92656600e+03 3.24239867e-07
5.92753500e+03 3.26880213e-07
5.92850500e+03 3.27521767e-07
5.92947400e+03 3.41759315e-07
5.93044400e+03 3.49008606e-07
5.93141300e+03 3.28413323e-07
5.93238200e+03 3.43418137e-07
5.93335200e+03 3.39213564e-07
5.93432100e+03 3.30729476e-07
5.93529100e+03 3.25966748e-07
5.93626000e+03 3.40832065e-07
5.93722900e+03 3.37611147e-07
5.93819900e+03 3.26889581e-07
5.93916800e+03 3.37714490e-07
5.94013700e+03 3.36021078e-07
5.94110600e+03 3.35635446e-07
5.94207600e+03 3.42783552e-07
5.94304500e+03 3.28958538e-07
5.94401400e+03 3.33394654e-07
5.94498300e+03 3.32555360e-07
5.94595200e+03 3.27894821e-07
5.94692100e+03 3.47789323e-07
5.94789100e+03 3.29456923e-07
5.94885900e+03 3.43117409e-07
5.94982900e+03 3.36824335e-07
5.95079800e+03 3.25229483e-07
5.95176700e+03 3.33610551e-07
5.95273600e+03 3.29941608e-07
5.95370500e+03 3.35116992e-07
5.95467400e+03 3.35519228e-07
5.95564300e+03 3.33204598e-07
5.95661100e+03 3.24803273e-07
5.95758100e+03 3.41387475e-07
5.95854900e+03 3.38589035e-07
5.95951800e+03 3.32069743e-07
5.96048700e+03 3.35654161e-07
5.96145600e+03 3.39465166e-07
5.96242500e+03 3.34870034e-07
5.96339400e+03 3.31211321e-07
5.96436200e+03 3.28441869e-07
5.96533100e+03 3.31954600e-07
5.96630000e+03 3.44137602e-07
5.96726900e+03 3.32422967e-07
5.96823700e+03 3.27127579e-07
5.96920600e+03 3.15415499e-07
5.97017500e+03 3.32975548e-07
5.97114400e+03 3.38976174e-07
5.97211200e+03 3.25873428e-07
5.97308100e+03 3.44526192e-07
5.97404900e+03 3.46211202e-07
5.97501800e+03 3.29847462e-07
5.97598600e+03 3.46286062e-07
5.97695500e+03 3.20784730e-07
5.97792300e+03 3.43097443e-07
5.97889200e+03 3.31207329e-07
5.97986000e+03 3.29476182e-07
5.98082900e+03 3.26711952e-07
5.98179700e+03 3.30732341e-07
5.98276600e+03 3.41962285e-07
5.98373400e+03 3.30317626e-07
5.98470300e+03 3.36821268e-07
5.98567100e+03 3.33631705e-07
5.98663900e+03 3.32836067e-07
5.98760800e+03 3.27567323e-07
5.98857600e+03 3.39307150e-07
5.98954400e+03 3.34599767e-07
5.99051300e+03 3.37664419e-07
5.99148100e+03 3.35461613e-07
5.99244900e+03 3.36081297e-07
5.99341700e+03 3.30315946e-07
5.99438600e+03 3.39188475e-07
5.99535400e+03 3.43754779e-07
5.99632200e+03 3.36805312e-07
5.99729000e+03 3.31441999e-07
5.99825800e+03 3.36967214e-07
5.99922700e+03 3.31708547e-07
6.00019400e+03 3.36261929e-07
6.00116300e+03 3.41697141e-07
6.00213000e+03 3.30616125e-07
6.00309900e+03 3.31148766e-07
6.00406600e+03 3.22432457e-07
6.00503500e+03 3.25904791e-07
6.00600200e+03 3.36011214e-07
6.00697100e+03 3.46741190e-07
6.05418600e+03 2.99096386e-07
6.05514600e+03 3.15232558e-07
6.05610700e+03 3.25409419e-07
6.05706800e+03 3.21363384e-07
6.05802900e+03 3.29376408e-07
6.05899000e+03 3.26559548e-07
6.05995100e+03 3.25525628e-07
6.06091200e+03 3.37365768e-07
6.06187200e+03 3.26614868e-07
6.06283300e+03 3.33671124e-07
6.06379300e+03 3.33794739e-07
6.06475400e+03 3.33619968e-07
6.06571500e+03 3.34831358e-07
6.06667500e+03 3.32493187e-07
6.06763600e+03 3.22783006e-07
6.06859700e+03 3.33818503e-07
6.06955700e+03 3.30710483e-07
6.07051800e+03 3.38094819e-07
6.07147800e+03 3.33960695e-07
6.07243800e+03 3.33234991e-07
6.07339900e+03 3.45266583e-07
6.07435900e+03 3.32954276e-07
6.07532000e+03 3.36554975e-07
6.07628000e+03 3.35241388e-07
6.07724000e+03 3.30750858e-07
6.07820100e+03 3.38659523e-07
6.07916100e+03 3.37726185e-07
6.08012100e+03 3.31969609e-07
6.08108100e+03 3.46496471e-07
6.08204200e+03 3.46969896e-07
6.08300100e+03 3.39375015e-07
6.08396100e+03 3.31054834e-07
6.08492100e+03 3.27779892e-07
6.08588200e+03 3.30681058e-07
6.08684200e+03 3.41070592e-07
6.08780200e+03 3.39379557e-07
6.08876200e+03 3.49852255e-07
6.08972200e+03 3.46037968e-07
6.09068100e+03 3.39054024e-07
6.09164100e+03 3.32667866e-07
6.09260100e+03 3.36918436e-07
6.09356100e+03 3.21433330e-07
6.09452100e+03 3.43130412e-07
6.09548000e+03 3.41050963e-07
6.09644000e+03 3.31727110e-07
6.09740000e+03 3.52982754e-07
6.09835900e+03 3.35249738e-07
6.09931900e+03 3.38479832e-07
6.10027900e+03 3.41143639e-07
6.10123800e+03 3.45285209e-07
6.10219800e+03 3.38364824e-07
6.10315800e+03 3.44819955e-07
6.10411700e+03 3.34765144e-07
6.10507700e+03 3.38697405e-07
6.10603600e+03 3.46002798e-07
6.10699600e+03 3.43996600e-07
6.10795500e+03 3.40609868e-07
6.10891400e+03 3.40044352e-07
6.10987400e+03 3.37779163e-07
6.11083300e+03 3.52189625e-07
6.11179200e+03 3.42436701e-07
6.11275100e+03 3.23892630e-07
6.11371000e+03 3.36718420e-07
6.11467000e+03 3.44688388e-07
6.11562900e+03 3.37836679e-07
6.11658800e+03 3.45982021e-07
6.11754700e+03 3.34468992e-07
6.11850600e+03 3.42113967e-07
6.11946500e+03 3.40065699e-07
6.12042400e+03 3.38066557e-07
6.12138300e+03 3.57626348e-07
6.12234200e+03 3.35342549e-07
6.12330100e+03 3.53080938e-07
6.12426000e+03 3.39550122e-07
6.12521900e+03 3.53822015e-07
6.12617800e+03 3.44097903e-07
6.12713700e+03 3.45099261e-07
6.12809600e+03 3.40427892e-07
6.12905400e+03 3.42487810e-07
6.13001300e+03 3.52451251e-07
6.13097200e+03 3.55692874e-07
6.13193100e+03 3.47440116e-07
6.13288900e+03 3.56649413e-07
6.13384800e+03 3.43497452e-07
6.13480600e+03 3.34189600e-07
6.13576500e+03 3.46689659e-07
6.13672400e+03 3.47816352e-07
6.13768200e+03 3.50795600e-07
6.13864100e+03 3.51118207e-07
6.13959900e+03 3.50400110e-07
6.14055800e+03 3.46564971e-07
6.14151600e+03 3.55931554e-07
6.14247400e+03 3.57424815e-07
6.14343300e+03 3.56450024e-07
6.14439100e+03 3.42513782e-07
6.14534900e+03 3.58178306e-07
6.14630800e+03 3.51426035e-07
6.14726600e+03 3.43499147e-07
6.14822400e+03 3.46402661e-07
6.14918200e+03 3.34724839e-07
6.15014000e+03 3.54455032e-07
6.15109900e+03 3.43156890e-07
6.15205700e+03 3.39950434e-07
6.15301500e+03 3.53386718e-07
6.15397300e+03 3.56305198e-07
6.15493100e+03 3.38198199e-07
6.15588900e+03 3.26917167e-07
6.15684700e+03 3.46305064e-07
6.15780500e+03 3.58050664e-07
6.15876200e+03 3.56681549e-07
6.15972000e+03 3.48380725e-07
6.16067800e+03 3.44546929e-07
6.16163600e+03 3.47031866e-07
6.16259400e+03 3.54234563e-07
6.16355200e+03 3.39352192e-07
6.16450900e+03 3.41194631e-07
6.16546700e+03 3.49169405e-07
6.16642500e+03 3.56270897e-07
6.16738200e+03 3.46735843e-07
6.16834000e+03 3.56789553e-07
6.16929700e+03 3.46638296e-07
6.17025500e+03 3.49590180e-07
6.17121300e+03 3.46909276e-07
6.17217000e+03 3.47050870e-07
6.17312700e+03 3.44244279e-07
6.17408500e+03 3.49162212e-07
6.17504200e+03 1.34192491e-07
6.17600000e+03 3.40557883e-07
6.17695800e+03 3.49306427e-07
6.17791500e+03 3.48669841e-07
6.17887200e+03 3.51943155e-07
6.17982900e+03 3.39719113e-07
6.18078700e+03 3.54668859e-07
6.18174400e+03 3.54350894e-07
6.18270100e+03 3.69863265e-07
6.18365800e+03 3.52401264e-07
6.18461500e+03 3.55241875e-07
6.18557200e+03 3.51000069e-07
6.18652900e+03 3.48939506e-07
6.18748600e+03 3.40655148e-07
6.18844300e+03 3.62388271e-07
6.18940000e+03 3.53996281e-07
6.19035700e+03 3.67136599e-07
6.19131400e+03 3.54606314e-07
6.19227100e+03 3.39614627e-07
6.19322900e+03 3.53249717e-07
6.19418500e+03 3.64186119e-07
6.19514200e+03 3.57235358e-07
6.19609900e+03 3.38446125e-07
6.19705600e+03 3.52661861e-07
6.19801200e+03 3.51044068e-07
6.19896900e+03 3.42268905e-07
6.19992600e+03 3.65308135e-07
6.20088200e+03 3.62645935e-07
6.20183900e+03 3.62986018e-07
6.20279600e+03 3.65414333e-07
6.20375200e+03 3.45259840e-07
6.20470900e+03 3.51904580e-07
6.20566600e+03 3.55704537e-07
6.20662200e+03 3.56615160e-07
6.20757900e+03 3.47401295e-07
6.20853500e+03 3.55534674e-07
6.20949100e+03 3.46539919e-07
6.21044800e+03 3.43145719e-07
6.21140400e+03 3.49453042e-07
6.21236000e+03 3.51036173e-07
6.21331700e+03 3.44820418e-07
6.21427300e+03 3.56739272e-07
6.21522900e+03 3.46261448e-07
6.21618600e+03 3.42928836e-07
6.21714200e+03 3.50386657e-07
6.21809800e+03 3.65372114e-07
6.21905400e+03 3.34932294e-07
6.22001000e+03 3.38328433e-07
6.22096600e+03 3.50814833e-07
6.22192200e+03 3.60477843e-07
6.22287800e+03 3.63087225e-07
6.22383400e+03 3.53119116e-07
6.22479000e+03 3.50887690e-07
6.22574600e+03 3.61229004e-07
6.22670200e+03 3.47193053e-07
6.22765800e+03 3.46763403e-07
6.22861400e+03 3.43322443e-07
6.22956900e+03 3.51956518e-07
6.23052500e+03 3.42528658e-07
6.23148100e+03 3.56696218e-07
6.23243700e+03 3.43925220e-07
6.23339300e+03 3.57653554e-07
6.23434800e+03 3.59728632e-07
6.23530400e+03 3.73091550e-07
6.23626000e+03 3.56188817e-07
6.23721500e+03 3.60119214e-07
6.23817100e+03 3.70573486e-07
6.23912600e+03 3.47820667e-07
6.24008200e+03 3.62964399e-07
6.24103700e+03 3.58448277e-07
6.24199300e+03 3.55291988e-07
6.24294800e+03 3.60710409e-07
6.24390400e+03 3.62157515e-07
6.24485900e+03 3.52551948e-07
6.24581400e+03 3.50075682e-07
6.24677000e+03 3.43868285e-07
6.24772500e+03 3.59403716e-07
6.24868000e+03 3.52667716e-07
6.24963500e+03 3.66469891e-07
6.25059100e+03 3.48127199e-07
6.25154600e+03 3.60379378e-07
6.25250100e+03 3.55983521e-07
6.25345600e+03 3.53773620e-07
6.25441100e+03 3.26393734e-07
6.25536600e+03 3.48375456e-07
6.25632100e+03 3.43588858e-07
6.25727600e+03 3.60711103e-07
6.25823100e+03 3.64723635e-07
6.25918700e+03 3.63617059e-07
6.26014100e+03 3.36502806e-07
6.26109600e+03 3.57480337e-07
6.26205100e+03 3.59835411e-07
6.26300600e+03 3.53151795e-07
6.26396000e+03 3.55983818e-07
6.26491600e+03 3.46481702e-07
6.26587000e+03 3.50352817e-07
6.26682500e+03 3.54022226e-07
6.26778000e+03 3.56499208e-07
6.26873400e+03 3.60301386e-07
6.26968900e+03 3.52995610e-07
6.27064400e+03 3.62991877e-07
6.27159800e+03 3.47894677e-07
6.27255300e+03 3.58677579e-07
6.27350700e+03 3.54220813e-07
6.27446200e+03 3.42009526e-07
6.27541700e+03 3.28698429e-07
6.27637100e+03 3.35385667e-07
6.27732500e+03 3.29890270e-07
6.27828000e+03 3.22627071e-07
6.27923400e+03 3.35112290e-07
6.28018800e+03 3.30682330e-07
6.28114300e+03 3.37088180e-07
6.28209700e+03 3.38025937e-07
6.28305100e+03 3.39451622e-07
6.28400500e+03 3.51000651e-07
6.28495900e+03 3.42731839e-07
6.28591400e+03 3.48159966e-07
6.28686800e+03 3.57539139e-07
6.28782200e+03 3.67706714e-07
6.28877600e+03 3.53204609e-07
6.28973000e+03 3.55374871e-07
6.29068400e+03 3.42293386e-07
6.29163800e+03 3.38556061e-07
6.29259200e+03 3.48426054e-07
6.29354600e+03 3.52248340e-07
6.29450000e+03 3.60728700e-07
6.29545400e+03 3.45429973e-07
6.29640800e+03 3.36146352e-07
6.29736200e+03 3.79698967e-07
6.29831500e+03 3.72702746e-07
6.29926900e+03 3.73580933e-07
6.30022300e+03 3.55497389e-07
6.30117700e+03 3.73917165e-07
6.30213000e+03 3.69191418e-07
6.30308400e+03 3.64140043e-07
6.30403800e+03 3.53349039e-07
6.30499100e+03 3.65704760e-07
6.30594500e+03 3.50633594e-07
6.30689800e+03 3.51608674e-07
6.30785200e+03 3.62847345e-07
6.30880600e+03 3.49111808e-07
6.30975900e+03 3.51218231e-07
6.31071200e+03 3.54418333e-07
6.31166600e+03 3.59598795e-07
6.31261900e+03 3.53008004e-07
6.31357300e+03 3.69481373e-07
6.31452600e+03 3.56780453e-07
6.31547900e+03 3.51303502e-07
6.31643300e+03 3.61320260e-07
6.31738600e+03 3.64234425e-07
6.31833900e+03 3.55822649e-07
6.31929200e+03 3.68989141e-07
6.32024500e+03 3.67863839e-07
6.32119800e+03 3.65811583e-07
6.32215100e+03 3.66730025e-07
6.32310400e+03 3.56632470e-07
6.32405800e+03 3.64701352e-07
6.32501100e+03 3.58199753e-07
6.32596400e+03 3.66935437e-07
6.32691700e+03 3.73918388e-07
6.32787000e+03 3.53977897e-07
6.32882200e+03 3.55178383e-07
6.32977500e+03 3.56125634e-07
6.33072800e+03 3.68662929e-07
6.33168100e+03 3.66780378e-07
6.33263400e+03 3.76493076e-07
6.33358600e+03 3.56940123e-07
6.33454000e+03 3.47700374e-07
6.33549200e+03 3.58860366e-07
6.33644500e+03 3.56749584e-07
6.33739700e+03 3.75337197e-07
6.33835000e+03 3.68741327e-07
6.33930300e+03 3.73368638e-07
6.34025500e+03 3.56743267e-07
6.34120800e+03 3.80948901e-07
6.34216000e+03 3.55905109e-07
6.34311300e+03 3.64440651e-07
6.34406500e+03 3.71012942e-07
6.34501800e+03 3.46816320e-07
6.34597000e+03 3.62040005e-07
6.34692200e+03 3.57796727e-07
6.34787500e+03 3.50475457e-07
6.34882700e+03 3.58193326e-07
6.34977900e+03 3.67702408e-07
6.35073100e+03 3.51626035e-07
6.35168400e+03 3.56207005e-07
6.35263600e+03 3.61920605e-07
6.35358800e+03 3.73391937e-07
6.35454100e+03 3.60951458e-07
6.35549300e+03 3.58338272e-07
6.35644500e+03 3.71273013e-07
6.35739600e+03 3.68777921e-07
6.35834900e+03 3.54137985e-07
6.35930100e+03 3.76726323e-07
6.36025300e+03 3.74743531e-07
6.36120500e+03 3.83378515e-07
6.36215700e+03 3.79030838e-07
6.36310800e+03 3.82434571e-07
6.36406100e+03 3.77256909e-07
6.36501200e+03 3.72662367e-07
6.36596400e+03 3.65035109e-07
6.36691600e+03 3.54942298e-07
6.36786800e+03 3.51414675e-07
6.36881900e+03 3.66935799e-07
6.36977100e+03 3.68252715e-07
6.37072300e+03 3.41586233e-07
6.37167400e+03 3.62168770e-07
6.37262600e+03 3.51053459e-07
6.37357800e+03 3.59132988e-07
6.37452900e+03 3.48217383e-07
6.37548000e+03 3.65112011e-07
6.37643200e+03 3.62293072e-07
6.37738400e+03 3.57372987e-07
6.37833500e+03 3.63903744e-07
6.37928700e+03 3.63757074e-07
6.38023800e+03 3.59240783e-07
6.38118900e+03 3.58888379e-07
6.38214100e+03 3.69098808e-07
6.38309200e+03 3.75494270e-07
6.38404300e+03 3.68542974e-07
6.38499500e+03 3.73707221e-07
6.38594600e+03 3.80630996e-07
6.38689700e+03 3.68972723e-07
6.38784800e+03 3.74000177e-07
6.38879900e+03 3.65784873e-07
6.38975000e+03 3.73263709e-07
6.39070100e+03 3.75730717e-07
6.39165200e+03 3.61527049e-07
6.39260400e+03 3.65367286e-07
6.39355500e+03 3.66464202e-07
6.39450500e+03 3.64195826e-07
6.39545700e+03 3.63811129e-07
6.39640700e+03 3.78873576e-07
6.39735800e+03 3.63651496e-07
6.39830900e+03 3.63537833e-07
6.39926000e+03 3.76164704e-07
6.40021000e+03 3.73679650e-07
6.40116200e+03 3.86468063e-07
6.40211200e+03 3.70933344e-07
6.40306300e+03 3.72190706e-07
6.40401400e+03 3.78250573e-07
6.40496400e+03 3.71579322e-07
6.40591500e+03 3.56812806e-07
6.40686600e+03 3.63406482e-07
6.40781600e+03 3.74054394e-07
6.40876700e+03 3.63888530e-07
6.40971700e+03 3.67201001e-07
6.41066700e+03 3.67730808e-07
6.41161800e+03 3.62019790e-07
6.41256800e+03 3.68099920e-07
6.41351900e+03 3.85313190e-07
6.41446900e+03 3.71721157e-07
6.41542000e+03 3.70959470e-07
6.41637000e+03 3.71729572e-07
6.41732000e+03 3.58685807e-07
6.41827100e+03 3.62382472e-07
6.41922100e+03 3.77264078e-07
6.42017100e+03 3.71539873e-07
6.42112100e+03 3.68608826e-07
6.42207100e+03 3.59525441e-07
6.42302100e+03 3.76249204e-07
6.42397200e+03 3.68526587e-07
6.42492200e+03 3.60421162e-07
6.42587200e+03 3.72277457e-07
6.42682200e+03 3.64536097e-07
6.42777200e+03 3.74204748e-07
6.42872200e+03 3.65888491e-07
6.42967200e+03 3.71685588e-07
6.43062200e+03 3.77417533e-07
6.43157100e+03 3.69476990e-07
6.43252100e+03 3.69008448e-07
6.43347100e+03 3.70458596e-07
6.43442100e+03 3.60048796e-07
6.43537100e+03 3.70417754e-07
6.43632000e+03 3.58140123e-07
6.43727000e+03 3.78631042e-07
6.43822000e+03 3.67794398e-07
6.43916900e+03 3.57386998e-07
6.44011900e+03 3.72993371e-07
6.44106900e+03 3.59356626e-07
6.44201800e+03 3.70224738e-07
6.44296800e+03 3.82213125e-07
6.44391700e+03 3.76964541e-07
6.44486700e+03 3.64936012e-07
6.44581600e+03 3.72619813e-07
6.44676600e+03 3.70138436e-07
6.44771500e+03 3.63997270e-07
6.44866500e+03 3.70118972e-07
6.44961400e+03 3.80719989e-07
6.45056300e+03 3.76133383e-07
6.45151200e+03 3.81435261e-07
6.45246200e+03 3.73793640e-07
6.45341100e+03 3.57007201e-07
6.45436000e+03 3.56685853e-07
6.45530900e+03 3.67803658e-07
6.45625800e+03 3.67184427e-07
6.45720800e+03 3.78091792e-07
6.45815700e+03 3.60878852e-07
6.45910600e+03 3.72428467e-07
6.46005500e+03 3.83351639e-07
6.46100400e+03 3.73256715e-07
6.46195300e+03 3.79436261e-07
6.46290200e+03 3.90147388e-07
6.46385100e+03 3.85938982e-07
6.46479900e+03 3.80015140e-07
6.46574900e+03 3.67152024e-07
6.46669700e+03 3.87664877e-07
6.46764600e+03 3.78073058e-07
6.46859500e+03 3.79456222e-07
6.46954300e+03 3.69130960e-07
6.47049200e+03 3.88071484e-07
6.47144100e+03 3.85357143e-07
6.47239000e+03 3.88726133e-07
6.47333800e+03 3.69947424e-07
6.47428700e+03 3.73922271e-07
6.47523500e+03 3.90234661e-07
6.47618400e+03 3.79852621e-07
6.47713300e+03 3.62733201e-07
6.47808100e+03 3.69332142e-07
6.47903000e+03 3.61764897e-07
6.47997800e+03 3.65361235e-07
6.48092600e+03 3.69978768e-07
6.48187500e+03 3.67648083e-07
6.48282300e+03 3.46292974e-07
6.48377100e+03 3.70261562e-07
6.48472000e+03 3.70232759e-07
6.48566800e+03 3.67548849e-07
6.48661600e+03 3.67159580e-07
6.48756400e+03 3.72173957e-07
6.48851300e+03 3.81718593e-07
6.48946100e+03 3.68830266e-07
6.49040900e+03 3.47101829e-07
6.49135700e+03 3.62989671e-07
6.49230500e+03 3.65366925e-07
6.49325300e+03 3.71322660e-07
6.49420100e+03 3.68827821e-07
6.49514900e+03 3.70445553e-07
6.49609700e+03 3.76400513e-07
6.49704500e+03 3.63175252e-07
6.49799300e+03 3.81680370e-07
6.49894100e+03 3.72370513e-07
6.49988900e+03 3.77386837e-07
6.50083700e+03 3.64654004e-07
6.50178500e+03 3.57403659e-07
6.50273200e+03 3.56999554e-07
6.50368000e+03 3.67361217e-07
6.50462800e+03 3.79979046e-07
6.50557600e+03 3.60245304e-07
6.50652300e+03 3.74128751e-07
6.50747100e+03 3.75754854e-07
6.50841800e+03 3.83472465e-07
6.50936600e+03 3.59833462e-07
6.51031300e+03 3.86660915e-07
6.51126100e+03 3.65341729e-07
6.51220800e+03 3.52410025e-07
6.51315600e+03 3.68988508e-07
6.51410400e+03 3.62778138e-07
6.51505100e+03 3.53339483e-07
6.51599800e+03 3.60937591e-07
6.51694500e+03 3.71152973e-07
6.51789300e+03 3.72946584e-07
6.51884000e+03 3.64140221e-07
6.51978800e+03 3.62732891e-07
6.52073500e+03 3.80823251e-07
6.52168200e+03 3.64153393e-07
6.52262900e+03 3.86945982e-07
6.52357600e+03 3.83979041e-07
6.52452300e+03 3.78979711e-07
6.52547000e+03 3.62166868e-07
6.52641700e+03 3.79668317e-07
6.52736500e+03 3.86859587e-07
6.52831200e+03 3.79909547e-07
6.52925900e+03 3.77034909e-07
6.53020600e+03 3.83299633e-07
6.53115200e+03 3.90861357e-07
6.53209900e+03 3.98310719e-07
6.53304600e+03 4.01148969e-07
6.53399300e+03 3.95814493e-07
6.53494000e+03 4.01616439e-07
6.53588700e+03 3.82970046e-07
6.53683300e+03 3.81120031e-07
6.53778000e+03 3.89933068e-07
6.53872700e+03 4.04591854e-07
6.53967300e+03 4.12758324e-07
6.54062000e+03 4.22351820e-07
6.54156700e+03 4.14721178e-07
6.54251400e+03 4.36115488e-07
6.54346000e+03 4.48300515e-07
6.54440700e+03 4.78859084e-07
6.54535300e+03 4.92546978e-07
6.54629900e+03 5.00672822e-07
6.54724600e+03 4.95262086e-07
6.54819200e+03 5.06971016e-07
6.54913900e+03 5.28209395e-07
6.55008500e+03 5.36082055e-07
6.55103200e+03 5.57212088e-07
6.55197800e+03 5.79255476e-07
6.55292400e+03 6.00304552e-07
6.55387100e+03 6.34651245e-07
6.55481600e+03 6.40637157e-07
6.55576300e+03 6.92800621e-07
6.55670900e+03 7.30529058e-07
6.55765500e+03 7.69948178e-07
6.55860100e+03 7.82568993e-07
6.55954700e+03 8.03261984e-07
6.56049300e+03 8.25002598e-07
6.56143900e+03 8.18481434e-07
6.56238500e+03 8.10520152e-07
6.56333200e+03 7.89935258e-07
6.56427700e+03 7.90974221e-07
6.56522300e+03 7.56570730e-07
6.56616900e+03 7.34610896e-07
6.56711500e+03 7.57309157e-07
6.56806100e+03 7.44576112e-07
6.56900700e+03 7.32606157e-07
6.56995300e+03 7.16486523e-07
6.57089800e+03 6.97922184e-07
6.57184400e+03 6.94174753e-07
6.57279000e+03 6.85044119e-07
6.57373500e+03 6.82791134e-07
6.57468100e+03 6.63751629e-07
6.57562600e+03 6.57758699e-07
6.57657200e+03 6.31674064e-07
6.57751800e+03 5.98660381e-07
6.57846300e+03 5.77515540e-07
6.57940900e+03 5.51083076e-07
6.58035400e+03 5.48974184e-07
6.58130000e+03 5.14301933e-07
6.58224500e+03 4.98739446e-07
6.58319000e+03 4.94227612e-07
6.58413600e+03 4.63154486e-07
6.58508100e+03 4.76927857e-07
6.58602600e+03 4.62124883e-07
6.58697200e+03 4.59686858e-07
6.58791700e+03 4.58181989e-07
6.58886200e+03 4.40730365e-07
6.58980700e+03 4.38618743e-07
6.59075200e+03 4.27756835e-07
6.59169800e+03 4.40136325e-07
6.59264300e+03 4.34434012e-07
6.59358800e+03 4.34353857e-07
6.59453300e+03 4.25569295e-07
6.59547800e+03 4.48258694e-07
6.59642300e+03 4.17406388e-07
6.59736800e+03 4.16064390e-07
6.59831300e+03 4.15192674e-07
6.59925800e+03 4.19190603e-07
6.60020300e+03 4.28667027e-07
6.60114700e+03 4.27407697e-07
6.60209200e+03 4.22605463e-07
6.60303700e+03 4.24374261e-07
6.60398200e+03 4.22232047e-07
6.60492700e+03 4.11197699e-07
6.60587100e+03 4.13237782e-07
6.60681600e+03 4.17092962e-07
6.60776100e+03 4.10552163e-07
6.60870500e+03 4.08867868e-07
6.60965000e+03 4.12602229e-07
6.61059400e+03 4.10654458e-07
6.61153900e+03 4.12744286e-07
6.61248300e+03 4.13758076e-07
6.61342800e+03 4.16209535e-07
6.61437300e+03 4.15664084e-07
6.61531700e+03 4.06680884e-07
6.61626100e+03 4.08718602e-07
6.61720600e+03 4.28604507e-07
6.61815000e+03 4.17600880e-07
6.61909400e+03 4.16828708e-07
6.62003900e+03 4.01798967e-07
6.62098300e+03 4.00209661e-07
6.62192700e+03 4.17444886e-07
6.62287200e+03 4.11913796e-07
6.62381500e+03 4.08137798e-07
6.62476000e+03 4.11579233e-07
6.62570400e+03 4.12263227e-07
6.62664800e+03 4.09170115e-07
6.62759200e+03 4.02203210e-07
6.62853600e+03 4.21696787e-07
6.62948000e+03 4.15193432e-07
6.63042400e+03 4.10396441e-07
6.63136800e+03 4.06462715e-07
6.63231200e+03 4.25527524e-07
6.63325600e+03 4.16026578e-07
6.63420000e+03 4.11850889e-07
6.63514400e+03 3.94836420e-07
6.63608700e+03 4.07857465e-07
6.63703100e+03 4.02981750e-07
6.63797500e+03 4.13163314e-07
6.63891800e+03 4.16423924e-07
6.63986200e+03 4.10632075e-07
6.64080600e+03 4.09763699e-07
6.64175000e+03 4.04686364e-07
6.64269300e+03 4.00753385e-07
6.64363700e+03 4.03525769e-07
6.64458100e+03 4.10426082e-07
6.64552400e+03 4.16247238e-07
6.64646700e+03 4.02623718e-07
6.64741100e+03 4.02851538e-07
6.64835400e+03 4.01903034e-07
6.64929800e+03 4.08538275e-07
6.65024100e+03 4.11102271e-07
6.65118500e+03 4.13698444e-07
6.65212800e+03 4.00911771e-07
6.65307100e+03 4.04641483e-07
6.65401500e+03 4.09324714e-07
6.65495800e+03 4.13410065e-07
6.65590100e+03 4.12832750e-07
6.65684400e+03 4.01974782e-07
6.65778700e+03 4.13515914e-07
6.65873000e+03 4.02502057e-07
6.65967300e+03 4.25778803e-07
6.66061700e+03 4.23912133e-07
6.66156000e+03 4.17087887e-07
6.66250300e+03 4.14789822e-07
6.66344600e+03 4.00645211e-07
6.66438900e+03 4.16006527e-07
6.66533200e+03 4.18592860e-07
6.66627400e+03 4.23002528e-07
6.66721700e+03 4.35882233e-07
6.66816000e+03 4.37506826e-07
6.66910300e+03 4.27685361e-07
6.67004600e+03 4.22017091e-07
6.67098900e+03 4.34569453e-07
6.67193200e+03 4.23999299e-07
6.67287400e+03 4.39010965e-07
6.67381700e+03 4.26899682e-07
6.67476000e+03 4.43513435e-07
6.67570200e+03 4.41786413e-07
6.67664500e+03 4.41967712e-07
6.67758700e+03 4.48174902e-07
6.67853000e+03 4.33078570e-07
6.67947300e+03 4.21158268e-07
6.68041500e+03 4.22990281e-07
6.68135700e+03 4.25852141e-07
6.68230000e+03 4.28418642e-07
6.68324200e+03 4.42154770e-07
6.68418500e+03 4.31207617e-07
6.68512700e+03 4.44383140e-07
6.68606900e+03 4.48798261e-07
6.68701200e+03 4.54604441e-07
6.68795400e+03 4.39792087e-07
6.68889600e+03 4.58811523e-07
6.68983800e+03 4.59795339e-07
6.69078100e+03 4.60400978e-07
6.69172300e+03 4.45641210e-07
6.69266500e+03 4.50282575e-07
6.69360700e+03 4.34474766e-07
6.69454900e+03 4.29883947e-07
6.69549100e+03 4.33671689e-07
6.69643300e+03 4.33451671e-07
6.69737500e+03 4.09988685e-07
6.69831700e+03 4.28378080e-07
6.69925900e+03 4.20989087e-07
6.70020100e+03 4.19758873e-07
6.70114300e+03 4.13616496e-07
6.70208400e+03 4.15199385e-07
6.70302600e+03 4.00906514e-07
6.70396800e+03 3.92695128e-07
6.70491000e+03 4.20280428e-07
6.70585200e+03 4.13511336e-07
6.70679300e+03 3.93795884e-07
6.70773500e+03 3.89315873e-07
6.70867700e+03 3.95149740e-07
6.70961900e+03 4.07156117e-07
6.71056000e+03 4.15018638e-07
6.71150100e+03 4.05113737e-07
6.71244300e+03 4.15730753e-07
6.71338500e+03 4.10149384e-07
6.71432600e+03 4.12494720e-07
6.71526800e+03 3.98586884e-07
6.71620900e+03 4.20090137e-07
6.71715000e+03 4.16210708e-07
6.71809200e+03 4.07329810e-07
6.71903300e+03 4.23708409e-07
6.71997500e+03 3.96328899e-07
6.72091600e+03 4.05401011e-07
6.72185700e+03 4.00799539e-07
6.72279800e+03 4.08813630e-07
6.72373900e+03 4.11012325e-07
6.72468100e+03 4.08535384e-07
6.72562200e+03 4.08357759e-07
6.72656300e+03 4.08431100e-07
6.72750400e+03 4.09728915e-07
6.72844500e+03 3.95852539e-07
6.72938600e+03 4.05636703e-07
6.73032700e+03 4.08912937e-07
6.73126800e+03 4.12787543e-07
6.73220900e+03 4.08426547e-07
6.73315000e+03 4.10428267e-07
6.73409100e+03 4.11081450e-07
6.73503200e+03 4.05052995e-07
6.73597300e+03 3.86832138e-07
6.73691400e+03 4.17688004e-07
6.73785400e+03 4.13197202e-07
6.73879500e+03 4.09832660e-07
6.73973600e+03 4.04862851e-07
6.74067600e+03 4.06630199e-07
6.74161700e+03 4.16479143e-07
6.74255800e+03 4.06102005e-07
6.74349800e+03 4.09798444e-07
6.74443900e+03 4.08089612e-07
6.74537900e+03 4.16127260e-07
6.74632000e+03 3.97164347e-07
6.74726000e+03 3.93973386e-07
6.74820100e+03 3.98160724e-07
6.74914100e+03 4.03226894e-07
6.75008200e+03 4.03210723e-07
6.75102200e+03 3.97793323e-07
6.75196200e+03 4.02890788e-07
6.75290300e+03 3.95052061e-07
6.75384300e+03 4.05749581e-07
6.75478300e+03 4.04786737e-07
6.75572400e+03 4.00507776e-07
6.75666400e+03 4.10390867e-07
6.75760400e+03 4.00498104e-07
6.75854400e+03 3.94670013e-07
6.75948400e+03 3.98261367e-07
6.76042400e+03 3.86381601e-07
6.76136500e+03 3.93071692e-07
6.76230500e+03 3.97334860e-07
6.76324500e+03 3.97239987e-07
6.76418500e+03 3.92813981e-07
6.76512500e+03 3.85948291e-07
6.76606400e+03 3.89002775e-07
6.76700400e+03 4.06560918e-07
6.76794400e+03 3.94126155e-07
6.76888400e+03 3.95702490e-07
6.76982400e+03 3.99870010e-07
6.77076400e+03 4.09687928e-07
6.77170400e+03 3.98705043e-07
6.77264400e+03 3.83186732e-07
6.77358300e+03 3.97396471e-07
6.77452300e+03 3.75148242e-07
6.77546200e+03 3.85169026e-07
6.77640200e+03 3.97495036e-07
6.77734200e+03 4.01544414e-07
6.77828100e+03 3.81328876e-07
6.77922100e+03 3.94919630e-07
6.78016000e+03 4.02809877e-07
6.78110000e+03 3.91305689e-07
6.78204000e+03 4.01051548e-07
6.78297900e+03 3.91909988e-07
6.78391800e+03 3.88883667e-07
6.78485700e+03 3.82780837e-07
6.78579700e+03 3.92236708e-07
6.78673600e+03 3.94193973e-07
6.78767500e+03 3.89475013e-07
6.78861500e+03 3.86555893e-07
6.78955400e+03 3.90526351e-07
6.79049300e+03 3.88505847e-07
6.79143300e+03 3.75256347e-07
6.79237200e+03 3.84041213e-07
6.79331100e+03 3.88734890e-07
6.79425000e+03 3.96480315e-07
6.79518900e+03 3.94256906e-07
6.79612800e+03 4.00233355e-07
6.79706700e+03 3.81822354e-07
6.79800600e+03 3.85491716e-07
6.79894500e+03 3.80808490e-07
6.79988400e+03 3.88755212e-07
6.80082300e+03 3.97081755e-07
6.80176200e+03 3.83441375e-07
6.80270000e+03 3.95722795e-07
6.80363900e+03 3.85520678e-07
6.80457800e+03 3.82231795e-07
6.80551700e+03 3.85140285e-07
6.80645600e+03 3.83885774e-07
6.80739400e+03 3.87040599e-07
6.80833300e+03 3.76452863e-07
6.80927100e+03 3.87152492e-07
6.81021000e+03 3.82141426e-07
6.81114900e+03 3.84016422e-07
6.81208700e+03 3.81555713e-07
6.81302600e+03 3.96533739e-07
6.81396400e+03 3.81274790e-07
6.81490300e+03 3.75547884e-07
6.81584100e+03 3.84543553e-07
6.81678000e+03 3.78344124e-07
6.81771800e+03 3.82405489e-07
6.81865700e+03 3.87284256e-07
6.81959500e+03 3.74949522e-07
6.82053300e+03 3.82964088e-07
6.82147200e+03 3.90881569e-07
6.82241000e+03 3.79875484e-07
6.82334800e+03 3.73758343e-07
6.82428600e+03 3.88437792e-07
6.82522400e+03 4.02433304e-07
6.82616300e+03 3.91016779e-07
6.82710100e+03 3.81922191e-07
6.82803900e+03 3.95848391e-07
6.82897700e+03 3.95650007e-07
6.82991500e+03 3.82039939e-07
6.83085300e+03 3.92320035e-07
6.83179100e+03 3.85774273e-07
6.83272900e+03 3.97699605e-07
6.83366700e+03 3.98126694e-07
6.83460400e+03 3.90930367e-07
6.83554200e+03 3.91888070e-07
6.83648000e+03 3.81455228e-07
6.83741800e+03 3.85562130e-07
6.83835600e+03 3.81156368e-07
6.83929300e+03 3.76493621e-07
6.84023100e+03 4.02341866e-07
6.84116900e+03 3.83590361e-07
6.84210600e+03 3.74600064e-07
6.84304400e+03 3.90747293e-07
6.84398200e+03 3.90284410e-07
6.84491900e+03 3.79329230e-07
6.84585700e+03 3.78805864e-07
6.84679400e+03 3.79673266e-07
6.84773200e+03 3.80715344e-07
6.84866900e+03 3.69330219e-07
6.84960700e+03 3.72295151e-07
6.85054400e+03 3.74757062e-07
6.85148200e+03 3.84916140e-07
6.85241900e+03 3.68975639e-07
6.85335600e+03 3.88375803e-07
6.85429400e+03 3.72060508e-07
6.85523100e+03 3.85505142e-07
6.85616800e+03 3.83072859e-07
6.85710500e+03 3.82624721e-07
6.85804300e+03 3.76793631e-07
6.85898000e+03 3.97047621e-07
6.85991700e+03 3.92339516e-07
6.86085400e+03 3.79512498e-07
6.86179100e+03 4.01094222e-07
6.86272800e+03 3.77516131e-07
6.86366600e+03 3.68140183e-07
6.86460200e+03 3.48866798e-07
6.86553900e+03 3.34260671e-07
6.86647600e+03 3.01083911e-07
6.86741300e+03 2.76327477e-07
6.86835000e+03 2.71131030e-07
6.86928700e+03 2.63096340e-07
6.87022400e+03 2.43509031e-07
6.87116100e+03 2.51355575e-07
6.87209700e+03 2.73625912e-07
6.87303400e+03 2.70906118e-07
6.87397100e+03 2.72957046e-07
6.87490700e+03 2.73476266e-07
6.87584400e+03 2.94598062e-07
6.87678100e+03 3.20656058e-07
6.87771700e+03 3.26292472e-07
6.87865400e+03 3.31907726e-07
6.87959000e+03 3.36329371e-07
6.88052700e+03 3.44951532e-07
6.88146300e+03 3.61175523e-07
6.88240000e+03 3.52555353e-07
6.88333600e+03 3.33281876e-07
6.88427200e+03 3.39576843e-07
6.88520900e+03 3.44783276e-07
6.88614600e+03 3.39272757e-07
6.88708200e+03 3.24336760e-07
6.88801800e+03 3.25150695e-07
6.88895400e+03 3.21816216e-07
6.88989100e+03 3.30668468e-07
6.89082700e+03 3.35372915e-07
6.89176300e+03 3.34593744e-07
6.89269900e+03 3.14635403e-07
6.89363500e+03 3.21628934e-07
6.89457100e+03 3.32957557e-07
6.89550700e+03 3.15884348e-07
6.89644300e+03 3.20163355e-07
6.89737900e+03 3.46432032e-07
6.89831500e+03 3.43816061e-07
6.89925100e+03 3.40328938e-07
6.90018800e+03 3.53194251e-07
6.90112300e+03 3.53730582e-07
6.90205900e+03 3.44988563e-07
6.90299500e+03 3.49289002e-07
6.90393100e+03 3.49934838e-07
6.90486700e+03 3.35020042e-07
6.90580200e+03 3.48234705e-07
6.90673800e+03 3.38735683e-07
6.90767400e+03 3.41567772e-07
6.90860900e+03 3.44052917e-07
6.90954500e+03 3.44059428e-07
6.91048000e+03 3.54201184e-07
6.91141600e+03 3.43479356e-07
6.91235200e+03 3.66911737e-07
6.91328700e+03 3.45454139e-07
6.91422300e+03 3.51845784e-07
6.91515800e+03 3.51808645e-07
6.91609400e+03 3.63208294e-07
6.91702900e+03 3.58937172e-07
6.91796400e+03 3.49827333e-07
6.91890000e+03 3.57348637e-07
6.91983500e+03 3.52293206e-07
6.92077100e+03 3.62959352e-07
6.92170600e+03 3.64170897e-07
6.92264100e+03 3.69666277e-07
6.92357600e+03 3.66158379e-07
6.92451200e+03 3.57822051e-07
6.92544700e+03 3.63577570e-07
6.92638200e+03 3.52734954e-07
6.92731700e+03 3.63779427e-07
6.92825200e+03 3.46886620e-07
6.92918700e+03 3.73421389e-07
6.93012200e+03 3.72814499e-07
6.93105700e+03 3.48944718e-07
6.93199200e+03 3.43476050e-07
6.93292700e+03 3.62519862e-07
6.93386200e+03 3.45937667e-07
6.93479700e+03 3.76523941e-07
6.93573200e+03 3.75454674e-07
6.93666700e+03 3.54999545e-07
6.93760200e+03 3.72207661e-07
6.93853600e+03 3.58867721e-07
6.93947100e+03 3.59458831e-07
6.94040600e+03 3.61222949e-07
6.94134000e+03 3.53277340e-07
6.94227500e+03 3.61103579e-07
6.94320900e+03 3.47629014e-07
6.94414400e+03 3.64584851e-07
6.94507900e+03 3.53452322e-07
6.94601300e+03 3.78773456e-07
6.94694800e+03 3.85663520e-07
6.94788200e+03 3.66926271e-07
6.94881700e+03 3.74838789e-07
6.94975100e+03 3.88681473e-07
6.95068600e+03 3.69207002e-07
6.95162000e+03 3.63418281e-07
6.95255400e+03 3.79250088e-07
6.95348900e+03 3.66728993e-07
6.95442300e+03 3.64438928e-07
6.95535700e+03 3.61324026e-07
6.95629200e+03 3.46631643e-07
6.95722600e+03 3.63007694e-07
6.95816000e+03 3.59822152e-07
6.95909400e+03 3.64223631e-07
6.96002800e+03 3.64854885e-07
6.96096200e+03 3.62080565e-07
6.96189600e+03 3.67927388e-07
6.96283100e+03 3.66675485e-07
6.96376500e+03 3.74809175e-07
6.96469900e+03 3.63966399e-07
6.96563200e+03 3.51561156e-07
6.96656600e+03 3.69279297e-07
6.96750000e+03 3.71168338e-07
6.96843400e+03 3.60166838e-07
6.96936800e+03 3.54728735e-07
6.97030200e+03 3.79406727e-07
6.97123600e+03 3.74878805e-07
6.97216900e+03 3.45749958e-07
6.97310300e+03 3.61918863e-07
6.97403700e+03 3.54252848e-07
6.97497100e+03 3.68046671e-07
6.97590400e+03 3.74092480e-07
6.97683800e+03 3.81060675e-07
6.97777100e+03 3.56779665e-07
6.97870500e+03 3.76544713e-07
6.97963900e+03 3.60246258e-07
6.98057200e+03 3.56411454e-07
6.98150500e+03 3.62456422e-07
6.98243900e+03 3.81668720e-07
6.98337300e+03 3.60056263e-07
6.98430600e+03 3.61945132e-07
6.98523900e+03 3.67130156e-07
6.98617200e+03 3.67984984e-07
6.98710600e+03 3.67790008e-07
6.98803900e+03 3.55270399e-07
6.98897300e+03 3.67412915e-07
6.98990600e+03 3.62946444e-07
6.99083900e+03 3.56941328e-07
6.99177200e+03 3.57160511e-07
6.99270500e+03 3.70229419e-07
6.99363800e+03 3.57833932e-07
6.99457100e+03 3.75097976e-07
6.99550400e+03 3.64357067e-07
6.99643800e+03 3.61526051e-07
6.99737100e+03 3.61470170e-07
6.99830400e+03 3.73836912e-07
6.99923600e+03 3.65363279e-07
7.00016900e+03 3.62125314e-07
7.00110200e+03 3.60761067e-07
7.00203500e+03 3.62271336e-07
7.00296800e+03 3.54265174e-07
7.00390100e+03 3.63015732e-07
7.00483300e+03 3.69080241e-07
7.00576600e+03 3.59115203e-07
7.00669900e+03 3.66756915e-07
7.00763200e+03 3.58285599e-07
7.00856400e+03 3.55672120e-07
7.00949700e+03 3.65660489e-07
7.01043000e+03 3.58808744e-07
7.01136200e+03 3.66846249e-07
7.01229500e+03 3.66591829e-07
7.01322800e+03 3.53774646e-07
7.01416000e+03 3.52154452e-07
7.01509200e+03 3.43812168e-07
7.01602500e+03 3.39970286e-07
7.01695700e+03 3.61943989e-07
7.01789000e+03 3.64047767e-07
7.01882200e+03 3.55168329e-07
7.01975400e+03 3.61193660e-07
7.02068700e+03 3.59141613e-07
7.02161900e+03 3.57021897e-07
7.02255100e+03 3.52277296e-07
