[EG21] 1 3263 120.26 1.296  3934.016  7023.845               EG21
 4000.00   1.9044E-13   50.000     1528872.
 4050.00   2.1645E-13   50.000     1997798.
 4100.00   1.4815E-13   50.000     1487857.
 4150.00   2.0145E-13   50.000     2352506.
 4200.00   2.3002E-13   50.000     2903557.
 4250.00   2.1953E-13   50.000     2968740.
 4300.00   1.7431E-13   50.000     2494912.
 4350.00   1.2305E-13   50.000     1828385.
 4400.00   1.7562E-13   50.000     2851300.
 4450.00   1.9442E-13   50.000     3307884.
 4500.00   1.9545E-13   50.000     3557252.
 4550.00   1.8960E-13   50.000     3693348.
 4600.00   1.8313E-13   50.000     3760742.
 4650.00   1.7643E-13   50.000     3800243.
 4700.00   1.6861E-13   50.000     3778128.
 4750.00   1.5736E-13   50.000     3620643.
 4800.00   1.3620E-13   50.000     3215126.
 4850.00   9.3150E-14   50.000     2208698.
 4900.00   1.0911E-13   50.000     2719317.
 4950.00   1.3166E-13   50.000     2018403.
 5000.00   1.3475E-13   50.000     1391606.
 5050.00   1.3258E-13   50.000     3521607.
 5100.00   1.3024E-13   50.000     3593105.
 5150.00   1.2725E-13   50.000     3652731.
 5200.00   1.2378E-13   50.000     3714476.
 5250.00   1.1988E-13   50.000     3757625.
 5300.00   1.1634E-13   50.000     3775838.
 5350.00   1.1250E-13   50.000     3808831.
 5400.00   1.0901E-13   50.000     3816762.
 5450.00   1.0594E-13   50.000     3792871.
 5500.00   1.0307E-13   50.000     3761220.
 5550.00   1.0002E-13   50.000     3715729.
 5600.00   9.7072E-14   50.000     3666974.
 5650.00   9.3966E-14   50.000     3565385.
 5700.00   9.0974E-14   50.000     3488955.
 5750.00   8.8010E-14   50.000     3499163.
 5800.00   8.5943E-14   50.000     3413782.
 5850.00   8.3860E-14   50.000     3403635.
 5900.00   8.1015E-14   50.000     3362786.
 5950.00   7.8133E-14   50.000     3333279.
 6000.00   7.5922E-14   50.000     2249815.
 6050.00   7.3919E-14   50.000     1360146.
 6100.00   7.2245E-14   50.000     3171125.
 6150.00   7.0749E-14   50.000     3170109.
 6200.00   6.8847E-14   50.000     3163674.
 6250.00   6.6391E-14   50.000     3136179.
 6300.00   6.3736E-14   50.000     3076018.
 6350.00   6.2679E-14   50.000     3101495.
 6400.00   6.0410E-14   50.000     3061503.
 6450.00   5.7326E-14   50.000     2966892.
 6500.00   5.1575E-14   50.000     2727566.
 6550.00   4.0122E-14   50.000     2136015.
 6600.00   4.4461E-14   50.000     2457513.
 6650.00   5.0423E-14   50.000     2817278.
 6700.00   5.1584E-14   50.000     2984888.
 6750.00   5.0917E-14   50.000     2910842.
 6800.00   4.9757E-14   50.000     2886295.
 6850.00   4.6697E-14   50.000     2696319.
 6900.00   4.3308E-14   50.000     2566744.
 6950.00   4.5994E-14   50.000     2724924.
