6.677832054467103262e-01 0.000000000000000000e+00 0.000000000000000000e+00
6.682323226119137871e-01 -1.327495087662705357e-07 -1.540980992056617929e-08
6.686814397771172480e-01 1.010692841140354777e-07 -2.073477021071375869e-08
6.691305569423207089e-01 1.749518849118101161e-08 -9.130335195557111031e-09
6.695796741075525915e-01 6.069621557955529702e-08 -8.920959948780412100e-10
6.700287912727560524e-01 -3.655228393018205321e-07 -3.619645466146377253e-08
6.704779084379595133e-01 -2.656678169249674838e-07 -1.131526832129158354e-07
6.709270256031629742e-01 -5.983986898825566295e-08 -1.627123764848152907e-07
6.713761427683664351e-01 -3.369633988205910129e-08 -1.902102059376028283e-07
6.718252599335698960e-01 2.126160506088856162e-08 -2.106030677372645726e-07
6.722743770988017786e-01 9.372238541861162748e-08 -2.176365605199447663e-07
6.727234942640052395e-01 1.255085882186283590e-08 -2.255928495203952138e-07
6.731726114292087004e-01 2.933057386098126306e-08 -2.409935434100812378e-07
6.736217285944121613e-01 9.115333975806580239e-08 -2.479939238604201729e-07
6.740708457596156222e-01 6.391219762711915636e-08 -2.507387170926804776e-07
6.745199629248475048e-01 1.137605501640835606e-07 -2.501288473562115303e-07
6.749690800900509657e-01 -3.214304890675702938e-08 -2.595646176047243981e-07
6.754181972552544266e-01 -4.788340642698658537e-08 -2.877335768981775888e-07
6.758673144204578875e-01 8.146204555805298933e-08 -3.046522811658110743e-07
6.763164315856613484e-01 -4.859562765776826335e-08 -3.222846304146364034e-07
6.767655487508932310e-01 -3.036540036073705448e-07 -3.852677741906217274e-07
6.772146659160966919e-01 1.541810622278969633e-08 -4.462514732046079143e-07
6.776637830813001528e-01 -2.078597655074860833e-07 -5.011005604703214764e-07
6.781129002465036137e-01 -1.654977041805548159e-07 -5.810518315690289019e-07
6.785620174117070746e-01 -2.418147539255772031e-07 -6.715217101179588965e-07
6.790111345769389573e-01 -4.880709002911424670e-08 -7.558443046026771961e-07
6.794602517421424182e-01 1.050400082339986209e-08 -8.172725547130497642e-07
6.799093689073458791e-01 1.081788488081801779e-07 -8.640993247234794256e-07
6.803584860725493400e-01 -1.676466472410141813e-08 -9.159111775633136319e-07
6.808076032377528009e-01 1.289533649247724138e-07 -9.674803686457230636e-07
6.812567204029846835e-01 1.893832987296885082e-08 -1.016849964030174627e-06
6.817058375681881444e-01 1.478082315602388806e-07 -1.065547550814901509e-06
6.821549547333916053e-01 5.596364412724784365e-08 -1.111211753836877249e-06
6.826040718985950662e-01 3.440211404867168697e-07 -1.134866723211617439e-06
6.830531890637985271e-01 3.844569669784186052e-07 -1.118648022407474622e-06
6.835023062290019880e-01 2.722192891868714030e-07 -1.104692315429773672e-06
6.839514233942338706e-01 2.834188145230202052e-07 -1.096726293702901186e-06
6.844005405594373315e-01 4.249634770169669979e-07 -1.066025653487275004e-06
6.848496577246407924e-01 1.099836417513795766e-07 -1.048106811518628750e-06
6.852987748898442533e-01 2.160116100317910758e-08 -1.071205209704305943e-06
6.857478920550477142e-01 4.112918082159202320e-08 -1.101017429587454128e-06
6.861970092202795968e-01 1.511427781342117427e-07 -1.115227077414864878e-06
6.866461263854830577e-01 2.822996919444732591e-07 -1.099181990356270626e-06
6.870952435506865186e-01 8.390012955125030762e-08 -1.085483955893250403e-06
6.875443607158899795e-01 1.948755340291656484e-08 -1.097239181392063802e-06
6.879934778810934404e-01 1.135108229981703390e-07 -1.103375560913385867e-06
6.884425950463253230e-01 -9.744351929597297661e-08 -1.120365329074275700e-06
6.888917122115287839e-01 1.918103644508516746e-07 -1.126792029078240376e-06
6.893408293767322448e-01 2.318713826482995972e-07 -1.092436217556242614e-06
6.897899465419357057e-01 2.755036041893291181e-07 -1.041539575233024258e-06
6.902390637071391666e-01 2.691050149545568691e-07 -9.779725005509246065e-07
6.906881808723710492e-01 1.627474880021979097e-07 -9.181062758917113353e-07
6.911372980375745101e-01 -6.173700869332442746e-09 -8.815726353910628313e-07
6.915864152027779710e-01 1.385082052890449783e-07 -8.420889548358960614e-07
6.920355323679814319e-01 -9.551644327176252599e-08 -8.071793066851683154e-07
6.924846495331848928e-01 1.087522080608082241e-07 -7.707110387457552334e-07
6.929337666984167754e-01 6.574679652903430191e-09 -7.174920907463514471e-07
6.933828838636202363e-01 9.870833228288921770e-08 -6.590342316483716807e-07
6.938320010288236972e-01 1.020512202194993858e-07 -5.828768879509934028e-07
6.942811181940271581e-01 -2.290811591175412064e-07 -5.366304757171782279e-07
6.947302353592306190e-01 4.210209568989667816e-08 -4.928376881656362229e-07
6.951793525244340799e-01 -1.299431020717835413e-07 -4.336189748156249903e-07
6.956284696896659625e-01 -9.106132902755707833e-08 -3.846041216213542099e-07
6.960775868548694234e-01 -1.407734985291051318e-07 -3.330504604099777196e-07
6.965267040200728843e-01 -5.414714262541930740e-09 -2.678132122574440363e-07
6.969758211852763452e-01 -2.178005522371299395e-07 -2.066436247355534256e-07
6.974249383504798061e-01 -2.465014697544269663e-07 -1.693981074999812449e-07
6.978740555157116887e-01 -1.133258747744443128e-07 -1.188787600194717835e-07
6.983231726809151496e-01 -3.275738514220183447e-07 -7.546755338712771751e-08
6.987722898461186105e-01 -6.161143381293369968e-07 -8.918175609581819251e-08
6.992214070113220714e-01 -3.215150621270172134e-07 -1.073303512487692868e-07
6.996705241765255323e-01 -2.699972228808216642e-07 -9.095890016363124945e-08
7.001196413417574149e-01 -2.738091326980952954e-07 -7.103125112538772302e-08
7.005687585069608758e-01 -4.603232840051298266e-07 -7.492778709924141347e-08
7.010178756721643367e-01 -6.656129489484842961e-07 -1.287161108949282412e-07
7.014669928373677976e-01 -3.506243735243856899e-07 -1.795482225111106376e-07
7.019161100025712585e-01 -4.932560453443607262e-07 -2.196682149580494139e-07
7.023652271678031411e-01 -3.676675217360256432e-07 -2.697444556474775892e-07
7.028143443330066020e-01 -5.815411433089535951e-07 -3.389640124782738260e-07
7.032634614982100629e-01 -2.574152559322638684e-07 -4.061294316274848115e-07
7.037125786634135238e-01 -1.592400374896846927e-07 -4.345155651723069443e-07
7.041616958286169847e-01 -2.400358161567835623e-07 -4.666922488147070009e-07
7.046108129938488673e-01 9.989452826514941405e-08 -4.748469418658667393e-07
7.050599301590523282e-01 5.499404379057847407e-09 -4.578150601920642241e-07
7.055090473242557891e-01 -5.399133903589392349e-08 -4.591786378877149788e-07
7.059581644894592500e-01 -1.340582274867913945e-07 -4.792421635722433425e-07
7.064072816546627109e-01 -1.648422725003694888e-07 -5.166044098148907596e-07
7.068563988198661718e-01 1.849001712501642918e-08 -5.423981233013405011e-07
7.073055159850980544e-01 4.729945358830995062e-08 -5.482585772948786257e-07
7.077546331503015153e-01 1.660536976925911720e-08 -5.567267948611624098e-07
7.082037503155049762e-01 1.846828851154346227e-07 -5.518137806172341427e-07
7.086528674807084371e-01 1.939449176753271371e-07 -5.273385150831078773e-07
7.091019846459118980e-01 6.871413917531361562e-08 -5.151941412272663342e-07
7.095511018111437807e-01 4.753656275177860327e-08 -5.202431233657756717e-07
7.100002189763472416e-01 2.739877848290641909e-07 -5.034663271639534558e-07
7.104493361415507025e-01 1.616019426422729974e-07 -4.730204455141304795e-07
7.108984533067541633e-01 2.003162491291886795e-07 -4.492200408519129502e-07
7.113475704719576242e-01 3.807460687863921434e-09 -4.425762962641373716e-07
7.117966876371895069e-01 4.989974044147091850e-08 -4.540798622242603134e-07
7.122458048023929678e-01 -3.993832007946640049e-09 -4.690652640431959572e-07
7.126949219675964287e-01 -1.286544776822136682e-07 -5.076061243924982321e-07
7.131440391327998896e-01 9.618550235710932076e-08 -5.397287661300921375e-07
7.135931562980033505e-01 4.023850786559553421e-08 -5.565428369606821603e-07
7.140422734632352331e-01 -5.476425379185089924e-08 -5.933308244911418945e-07
7.144913906284386940e-01 5.456717462147272950e-08 -6.328874941760418881e-07
7.149405077936421549e-01 4.909021294154870799e-08 -6.648853148437675973e-07
7.153896249588456158e-01 -1.690166350364462644e-09 -7.068575908874107538e-07
7.158387421240490767e-01 6.925534632090519993e-08 -7.507806452195828764e-07
7.162878592892809593e-01 1.322852325724567263e-07 -7.833944397345157751e-07
7.167369764544844202e-01 1.025529427936762441e-07 -8.149106703693527181e-07
7.171860936196878811e-01 3.848354859476152282e-07 -8.195362834487500696e-07
7.176352107848913420e-01 2.086879597567438731e-07 -8.111733230899158966e-07
7.180843279500948029e-01 2.882752502259128580e-07 -8.118461317024020198e-07
7.185334451152982638e-01 3.531590622854816082e-07 -7.944791387537865850e-07
7.189825622805301464e-01 2.326017712848867704e-07 -7.802872274327902210e-07
7.194316794457336073e-01 1.683850448590574364e-07 -7.845796527582487107e-07
7.198807966109370682e-01 1.754195210498202293e-07 -7.945003409411797492e-07
7.203299137761405291e-01 4.025310346078365445e-07 -7.767488405968168119e-07
7.207790309413439900e-01 3.255081166952818094e-07 -7.380229296501740442e-07
7.212281481065758726e-01 2.475327167986333780e-07 -7.115016313890820157e-07
7.216772652717793335e-01 3.705590295155098921e-07 -6.753596641157424259e-07
7.221263824369827944e-01 1.684692055131453713e-07 -6.430306744819224836e-07
7.225754996021862553e-01 2.762143356185582094e-07 -6.167937434528510558e-07
7.230246167673897162e-01 1.537629700323306344e-07 -5.881460088728813823e-07
7.234737339326215988e-01 6.543282823532441305e-08 -5.796641651579637680e-07
7.239228510978250597e-01 1.530821137158174655e-07 -5.692029754944180880e-07
7.243719682630285206e-01 1.891209729115067336e-07 -5.421305239687495064e-07
7.248210854282319815e-01 2.339034322892135820e-07 -5.016733447413982761e-07
7.252702025934354424e-01 1.758039243975740906e-08 -4.757864925795718461e-07
7.257193197586673250e-01 -3.710589610348370407e-08 -4.777202292698184302e-07
7.261684369238707859e-01 -1.477465637455362275e-07 -4.982776567699057332e-07
7.266175540890742468e-01 -2.412510733694278556e-07 -5.439510549738743399e-07
7.270666712542777077e-01 -8.612574286723227783e-08 -5.864998641236515113e-07
7.275157884194811686e-01 8.620632581086434809e-08 -5.945596540353061998e-07
7.279649055847130512e-01 -6.361364033448151275e-08 -5.996778446445658625e-07
7.284140227499165121e-01 1.992323575691781801e-07 -5.909959336158219656e-07
7.288631399151199730e-01 4.093631338865097684e-08 -5.679984287124102083e-07
7.293122570803234339e-01 -7.064751514896441472e-08 -5.726496467576933339e-07
7.297613742455268948e-01 -3.630936115063494009e-08 -5.856323692015896603e-07
7.302104914107303557e-01 -1.058736498476520386e-08 -5.918881872470803868e-07
7.306596085759622383e-01 1.844562668832938251e-07 -5.720031341226373740e-07
7.311087257411656992e-01 1.395618529285424530e-08 -5.459469764095282313e-07
7.315578429063691601e-01 7.550613367816086933e-08 -5.286433370925255208e-07
7.320069600715726210e-01 1.554656597384004468e-07 -4.920696545734310885e-07
7.324560772367760819e-01 1.245525213215568743e-08 -4.579994944281814174e-07
7.329051944020079645e-01 6.766568431423357689e-08 -4.297378548511931293e-07
7.333543115672114254e-01 -6.480162876293837876e-08 -4.068425921633469566e-07
7.338034287324148863e-01 5.307344918236339010e-08 -3.827568381978007605e-07
7.342525458976183472e-01 -4.967573805468862612e-08 -3.540305537536172258e-07
7.347016630628218081e-01 -8.434718539786825336e-08 -3.380094182412399071e-07
7.351507802280536907e-01 -5.484411040860778711e-08 -3.208532657005487663e-07
7.355998973932571516e-01 -3.085474254421880145e-07 -3.279745560856801366e-07
7.360490145584606125e-01 -1.931745720225985911e-07 -3.521138439007059429e-07
7.364981317236640734e-01 -3.719203296866682626e-07 -3.864113692226398244e-07
7.369472488888675343e-01 -1.551057034667887604e-07 -4.201331546589949121e-07
7.373963660540994169e-01 -7.665808496254698363e-08 -4.232753772420230163e-07
7.378454832193028778e-01 -2.756573574173229316e-07 -4.407478993599280969e-07
7.382946003845063387e-01 -3.958291663496818924e-07 -4.971606719835658026e-07
7.387437175497097996e-01 -3.777578866295845783e-07 -5.714467101589661426e-07
7.391928347149132605e-01 -2.096493592545358148e-07 -6.318724610012362312e-07
7.396419518801451432e-01 -2.771902411228822294e-07 -6.866409704074932418e-07
7.400910690453486040e-01 -3.992997067799313423e-07 -7.686287911478744590e-07
7.405401862105520649e-01 -3.833573802419676519e-07 -8.708647363176322515e-07
7.409893033757555258e-01 -2.678914323069200113e-07 -9.676401364710487513e-07
7.414384205409589867e-01 -2.153559450038252258e-07 -1.053747245171072843e-06
7.418875377061624476e-01 -1.065998884322833497e-07 -1.128462966164465417e-06
7.423366548713943303e-01 -1.040660898763832267e-07 -1.196048653190316713e-06
7.427857720365977912e-01 -5.320519209414877150e-08 -1.262179049169417477e-06
7.432348892018012521e-01 -5.500437911539251513e-08 -1.326945701146560658e-06
7.436840063670047130e-01 -1.123858540772358798e-08 -1.390778414531016530e-06
7.441331235322081739e-01 9.750415249746796186e-08 -1.440505584775074264e-06
7.445822406974400565e-01 1.467530712220895871e-07 -1.473749991021972185e-06
7.450313578626435174e-01 -5.694042314862916722e-08 -1.524842128400662179e-06
7.454804750278469783e-01 2.601830645151862323e-07 -1.564487235020764990e-06
7.459295921930504392e-01 2.002384934453674730e-07 -1.574608061251013605e-06
7.463787093582539001e-01 7.184479194643491258e-08 -1.603646503562873521e-06
7.468278265234857827e-01 1.721263996059797388e-07 -1.635025595626896502e-06
7.472769436886892436e-01 2.144193479208859060e-07 -1.649120663320784409e-06
7.477260608538927045e-01 2.099894738168394888e-07 -1.656176070124698638e-06
7.481751780190961654e-01 3.599398751741036011e-07 -1.642950869359633626e-06
7.486242951842996263e-01 4.379655288533012830e-07 -1.597748730577523497e-06
7.490734123495315089e-01 3.407053553727688999e-07 -1.545975864845916990e-06
7.495225295147349698e-01 4.102008097251827880e-07 -1.488178512022431528e-06
7.499716466799384307e-01 4.272121392320187377e-07 -1.410743458625862681e-06
7.504207638451418916e-01 2.554378628681280809e-07 -1.339908291586818053e-06
7.508698810103453525e-01 3.274074123982462784e-07 -1.270413563403638635e-06
7.513189981755772351e-01 2.436393865369580339e-07 -1.192587654455303635e-06
7.517681153407806960e-01 1.460586450899571825e-07 -1.125626151040063139e-06
7.522172325059841569e-01 1.898266764597773046e-07 -1.056328638932421140e-06
7.526663496711876178e-01 -9.069901459983204107e-08 -1.006089920621737065e-06
7.531154668363910787e-01 2.826341757940354401e-08 -9.686389417133457836e-07
7.535645840015945396e-01 -3.674668901767571303e-08 -9.206759978935342031e-07
7.540137011668264222e-01 -1.557619214993754143e-07 -8.890034908406084543e-07
7.544628183320298831e-01 -3.267851678005036486e-08 -8.538662847012533646e-07
7.549119354972333440e-01 -1.219106901292836175e-07 -8.117100653413455739e-07
7.553610526624368049e-01 -3.199356884666472524e-07 -7.993403552841551754e-07
7.558101698276402658e-01 -1.013183670951077468e-07 -7.845080273615038861e-07
7.562592869928721484e-01 -1.538292033205537582e-07 -7.502433019461058218e-07
7.567084041580756093e-01 -2.761193380363227259e-07 -7.342273660490153135e-07
7.571575213232790702e-01 -3.166008008284369804e-07 -7.372650297180992900e-07
7.576066384884825311e-01 -3.236443224289562908e-07 -7.481905480309860608e-07
7.580557556536859920e-01 -2.381497818312284487e-07 -7.533186373363253413e-07
7.585048728189178746e-01 -3.532835982032730046e-07 -7.646314034969010183e-07
7.589539899841213355e-01 -2.408996044705595579e-07 -7.797339187583127373e-07
7.594031071493247964e-01 -1.813183089040266063e-07 -7.787820670098742038e-07
7.598522243145282573e-01 -2.205259084056785778e-07 -7.776639463229999842e-07
7.603013414797317182e-01 -2.069196046984214621e-07 -7.817563041695109532e-07
7.607504586449636008e-01 -1.853295433492246324e-07 -7.846091007370200437e-07
7.611995758101670617e-01 -2.201816026031639740e-07 -7.917381303088291792e-07
7.616486929753705226e-01 6.403537243879123396e-08 -7.731342092864867228e-07
7.620978101405739835e-01 -9.340068574532496241e-08 -7.402722528262614368e-07
7.625469273057774444e-01 -1.958313046752649550e-07 -7.365960908047690432e-07
7.629960444710093270e-01 -2.744575124308906481e-07 -7.562121216445824223e-07
7.634451616362127879e-01 -4.472973417233953376e-07 -8.098053805240083497e-07
7.638942788014162488e-01 -2.879363397942484253e-07 -8.733096754819374098e-07
7.643433959666197097e-01 -3.565999498228148233e-07 -9.354819874635245573e-07
7.647925131318231706e-01 -5.966196196044104966e-08 -9.799505754739057273e-07
7.652416302970266315e-01 -1.065384185519558034e-07 -1.002027424364149476e-06
7.656907474622585141e-01 -3.109192703574416632e-08 -1.024819601792475948e-06
7.661398646274619750e-01 1.512479841408569804e-08 -1.037463876684851607e-06
7.665889817926654359e-01 7.590860457935212732e-08 -1.040437412713118309e-06
7.670380989578688968e-01 1.167001193894993800e-07 -1.033230589811475365e-06
7.674872161230723577e-01 3.328209216740056667e-08 -1.031423005117159164e-06
7.679363332883042403e-01 1.877387872716292315e-07 -1.022363645704704193e-06
7.683854504535077012e-01 1.598577680444241848e-07 -9.987765919246158408e-07
7.688345676187111621e-01 2.759685845035318124e-07 -9.635330183720506346e-07
7.692836847839146230e-01 1.923984564610766804e-07 -9.218793197112953467e-07
7.697328019491180839e-01 5.756092618702151107e-08 -9.023345273171242827e-07
7.701819191143499665e-01 4.129749325460594518e-08 -8.995498468441529315e-07
7.706310362795534274e-01 4.586327386248189794e-08 -8.991551772990883268e-07
7.710801534447568883e-01 4.528874703080552769e-08 -8.995417863983093955e-07
7.715292706099603492e-01 -1.536447651745085782e-07 -9.243614407648679811e-07
7.719783877751638101e-01 -7.544067538842938381e-08 -9.670218147653543563e-07
7.724275049403956928e-01 3.818598238367786333e-08 -9.929937236525190891e-07
7.728766221055991537e-01 -4.951489842726161418e-08 -1.019525624845778630e-06
7.733257392708026146e-01 -1.171884526177676002e-07 -1.067553783636882920e-06
7.737748564360060755e-01 3.338065045720370239e-08 -1.111542824071641398e-06
7.742239736012095364e-01 1.558697520795672765e-08 -1.145012354626863220e-06
7.746730907664414190e-01 2.709318879900746510e-07 -1.154427358760780687e-06
7.751222079316448799e-01 3.346789750849272992e-07 -1.127539377120060369e-06
7.755713250968483408e-01 1.369894594158372009e-07 -1.112934323547332638e-06
7.760204422620518017e-01 3.233383629102703322e-07 -1.097710254961197129e-06
7.764695594272552626e-01 1.752400583727466669e-07 -1.076021141603665644e-06
7.769186765924587235e-01 9.459590496283831705e-08 -1.078152372880499356e-06
7.773677937576906061e-01 8.402935013666883218e-09 -1.099476545391456445e-06
7.778169109228940670e-01 -1.958763412881235569e-08 -1.135860509664836162e-06
7.782660280880975279e-01 -1.491055480825460210e-07 -1.193800038700989050e-06
7.787151452533009888e-01 -5.021806918600343797e-08 -1.260670856006355083e-06
7.791642624185044497e-01 7.448799095452330942e-08 -1.307633780888240800e-06
7.796133795837363323e-01 1.752858318492306746e-07 -1.332018620169184146e-06
7.800624967489397932e-01 8.245588821635709434e-08 -1.356415231675538346e-06
7.805116139141432541e-01 4.427821276876111009e-08 -1.396794322244863948e-06
7.809607310793467150e-01 2.929988467738597124e-10 -1.449034946259590552e-06
7.814098482445501759e-01 1.766230080242577087e-07 -1.489288746690360354e-06
7.818589654097820585e-01 3.602118448606528529e-07 -1.489598607098647813e-06
7.823080825749855194e-01 1.466725392326302945e-07 -1.490739124387167767e-06
7.827571997401889803e-01 2.922857876421395377e-07 -1.497149548462655097e-06
7.832063169053924412e-01 4.139143178581960159e-07 -1.470433898693317508e-06
7.836554340705959021e-01 2.965777657119969613e-07 -1.437510149794365997e-06
7.841045512358277847e-01 2.678045037562470348e-07 -1.415241217671329654e-06
7.845536684010312456e-01 1.628259707836668645e-07 -1.403433492796630175e-06
7.850027855662347065e-01 2.929234120551192339e-07 -1.384835779345713472e-06
7.854519027314381674e-01 2.889170386658365834e-07 -1.347042811394913392e-06
7.859010198966416283e-01 5.310611394027182491e-08 -1.330551887411035525e-06
7.863501370618450892e-01 1.411660690182376455e-07 -1.327106824992626631e-06
7.867992542270769718e-01 8.895372890396455584e-08 -1.316872259152906495e-06
7.872483713922804327e-01 1.347583396671780015e-07 -1.304066379675790888e-06
7.876974885574838936e-01 -1.033996869148286292e-07 -1.310067609301726357e-06
7.881466057226873545e-01 3.406131369603753899e-08 -1.326329531382193956e-06
7.885957228878908154e-01 7.388059750864301239e-08 -1.321697269338516005e-06
7.890448400531226980e-01 5.687964048988902727e-09 -1.317789454291543421e-06
7.894939572183261589e-01 4.946155097613087188e-08 -1.314283951383860481e-06
7.899430743835296198e-01 -8.228809668842901191e-08 -1.318661866753729432e-06
7.903921915487330807e-01 1.330971704079551270e-08 -1.325812235228529164e-06
7.908413087139365416e-01 1.007264861029877822e-08 -1.321148976411147396e-06
7.912904258791684242e-01 -5.199782153439765841e-08 -1.321738647150221602e-06
7.917395430443718851e-01 2.542276014367541100e-08 -1.318853272810057304e-06
7.921886602095753460e-01 3.235052748694497523e-08 -1.304168517872978180e-06
7.926377773747788069e-01 1.579692263989173307e-09 -1.289053960210952428e-06
7.930868945399822678e-01 -5.753865263511350767e-08 -1.281249363625342753e-06
7.935360117052141504e-01 -4.545036603285046312e-08 -1.276685334453318422e-06
7.939851288704176113e-01 -2.280505896799301085e-08 -1.266317136757415551e-06
7.944342460356210722e-01 2.237794179061465152e-07 -1.222393523717183058e-06
7.948833632008245331e-01 -2.614918635612624894e-08 -1.173081379429433362e-06
7.953324803660279940e-01 -1.436741482265424566e-07 -1.160312804802882836e-06
7.957815975312598766e-01 -7.733569703917732305e-08 -1.151549183310686721e-06
7.962307146964633375e-01 2.397746824948312728e-10 -1.124706005335840601e-06
7.966798318616667984e-01 -1.817701523254507457e-07 -1.106799087236444491e-06
7.971289490268702593e-01 -1.822731919955379251e-07 -1.108034707783037945e-06
7.975780661920737202e-01 -1.376077374512078560e-07 -1.104301496509734775e-06
7.980271833572771811e-01 -1.024940919136157889e-07 -1.091016476229693590e-06
7.984763005225090637e-01 -7.577186475952078024e-08 -1.069340037566162057e-06
7.989254176877125246e-01 -5.638056922096415353e-08 -1.040332667287085551e-06
7.993745348529159855e-01 -1.598098584702741356e-07 -1.018481854615055293e-06
7.998236520181194464e-01 -2.286165138865902282e-07 -1.014981072841376856e-06
8.002727691833229073e-01 -1.667577248567493099e-07 -1.012768431300678493e-06
8.007218863485547899e-01 -1.176675307786740475e-07 -9.983888572579244621e-07
8.011710035137582508e-01 -2.116239466968085891e-07 -9.887132734117811812e-07
8.016201206789617117e-01 -1.680017393111632217e-07 -9.850056562942192985e-07
8.020692378441651726e-01 -9.787098386249440336e-08 -9.689626716442534352e-07
8.025183550093686335e-01 -1.746349411493399813e-07 -9.533207161038835279e-07
8.029674721746005162e-01 -2.016772163998225295e-07 -9.495256661316578329e-07
8.034165893398039771e-01 8.578307689292055582e-09 -9.256451757505662186e-07
8.038657065050074380e-01 4.816426157329972589e-08 -8.718689640988190311e-07
8.043148236702108989e-01 -1.410597610759815557e-07 -8.315157760090668002e-07
8.047639408354143598e-01 -2.421195284811664181e-07 -8.225999983697137482e-07
8.052130580006462424e-01 -6.507824942945091759e-08 -8.061690242248931553e-07
8.056621751658497033e-01 -1.665569466277868761e-07 -7.815513017944138989e-07
8.061112923310531642e-01 -2.345218744211637140e-07 -7.764182560510957141e-07
8.065604094962566251e-01 -2.372275371413379290e-07 -7.815191400419912646e-07
8.070095266614600860e-01 -3.772651357858323522e-07 -8.063689548703757503e-07
8.074586438266919686e-01 -2.769831423849975958e-07 -8.411336836999702214e-07
8.079077609918954295e-01 -1.252154610075031813e-07 -8.529278924252451402e-07
8.083568781570988904e-01 -6.754075372039041734e-08 -8.441229717969820831e-07
8.088059953223023513e-01 -3.750248131959280196e-08 -8.266051894452660892e-07
8.092551124875058122e-01 -2.025280275477472994e-08 -8.041647514257822849e-07
8.097042296527092731e-01 -6.220790277096386843e-08 -7.846906259797157464e-07
8.101533468179411557e-01 -3.771742223990367427e-08 -7.677332394784377226e-07
8.106024639831446166e-01 3.485002033078390624e-08 -7.403278518079327938e-07
8.110515811483480775e-01 3.828013887335088989e-08 -7.038498413912738453e-07
8.115006983135515384e-01 1.386316161021805261e-07 -6.541874758492507005e-07
8.119498154787549993e-01 -4.626702104708253488e-08 -6.119078729003418009e-07
8.123989326439868819e-01 -2.384650573364131175e-07 -6.119229684135155649e-07
8.128480498091903428e-01 -2.777215119926289673e-07 -6.419824904928045777e-07
8.132971669743938037e-01 -5.471661046434364793e-08 -6.570739827085753392e-07
8.137462841395972646e-01 4.614218881443754869e-08 -6.391849675496554044e-07
8.141954013048007255e-01 -4.721972218179287734e-09 -6.164793400360574117e-07
8.146445184700326081e-01 -3.699566323199183327e-08 -6.039114086760554671e-07
8.150936356352360690e-01 -3.967785185014347904e-08 -5.970015483797437856e-07
8.155427528004395299e-01 -3.785445024954934682e-08 -5.923850554654844494e-07
8.159918699656429908e-01 -1.038980921215303396e-07 -5.976251451812918938e-07
8.164409871308464517e-01 -4.889946991840367929e-08 -6.075524284977124608e-07
8.168901042960783343e-01 8.552288087631298932e-08 -5.993051688644479771e-07
8.173392214612817952e-01 3.494202535257435493e-08 -5.830805305378468311e-07
8.177883386264852561e-01 4.244794341828452550e-08 -5.727053760769165799e-07
8.182374557916887170e-01 6.668230010782340725e-08 -5.600942483989324397e-07
8.186865729568921779e-01 2.189135901373110477e-07 -5.281578185456379370e-07
8.191356901221240605e-01 -1.564220204577807720e-07 -5.211682088444203390e-07
8.195848072873275214e-01 -2.352304803007339824e-07 -5.686377387164295082e-07
8.200339244525309823e-01 -1.903414555951010293e-07 -6.275398926664381098e-07
8.204830416177344432e-01 -1.472269677670080651e-07 -6.846675097389067224e-07
8.209321587829379041e-01 -1.059820449556473102e-07 -7.399255617946464742e-07
8.213812759481413650e-01 -6.669307629971718021e-08 -7.932276596949522526e-07
8.218303931133732476e-01 -2.943703280937967693e-08 -8.444968324296688653e-07
8.222795102785767085e-01 5.719115434343738506e-09 -8.936661099177679291e-07
8.227286274437801694e-01 3.871880672452855916e-08 -9.406789304523317533e-07
8.231777446089836303e-01 6.951613909339356148e-08 -9.854893920655724041e-07
8.236268617741870912e-01 9.807598331568301406e-08 -1.028062365532237505e-06
8.240759789394189738e-01 9.858862003651030455e-08 -1.071366697132444639e-06
8.245250961046224347e-01 1.910395030684411546e-07 -1.107765369279856783e-06
8.249742132698258956e-01 2.703266105092497578e-07 -1.127075860278017676e-06
8.254233304350293565e-01 2.535322676773760455e-07 -1.139880722355412522e-06
8.258724476002328174e-01 2.746829893328929597e-07 -1.152028840924838165e-06
8.263215647654647000e-01 1.667103522517709300e-07 -1.173860298386766546e-06
8.267706819306681609e-01 1.563300977839152073e-07 -1.209905857796682998e-06
8.272197990958716218e-01 2.546909979454401529e-07 -1.237539293540580376e-06
8.276689162610750827e-01 3.023082852511979812e-07 -1.248886807833926297e-06
8.281180334262785436e-01 2.292977356128592386e-07 -1.261894457238706008e-06
8.285671505915104262e-01 1.385506791134933966e-07 -1.292662463469055106e-06
8.290162677567138871e-01 8.600358281835577280e-08 -1.340576903418645074e-06
8.294653849219173480e-01 6.632514950576283465e-08 -1.399024654225135995e-06
8.299145020871208089e-01 1.413602734557545220e-07 -1.454066481421433451e-06
8.303636192523242698e-01 2.564176980186641889e-07 -1.489406896063782968e-06
8.308127364175561524e-01 2.311038678396038297e-07 -1.514313634578567085e-06
8.312618535827596133e-01 1.932218714223314910e-07 -1.545228804140457044e-06
8.317109707479630742e-01 3.747097633809252604e-07 -1.558639619233938463e-06
8.321600879131665351e-01 3.692279474938656260e-07 -1.548750613606366953e-06
8.326092050783699960e-01 2.668873921531838360e-07 -1.545929207499165048e-06
8.330583222435734569e-01 2.829781390503753613e-07 -1.548435833620870636e-06
8.335074394088053396e-01 2.605539769155330946e-07 -1.547558310693440654e-06
8.339565565740088005e-01 3.374254852981682017e-07 -1.535865485917198226e-06
8.344056737392122614e-01 4.129499530075641533e-07 -1.500840090206375812e-06
8.348547909044157223e-01 3.307304365276546656e-07 -1.458515113104832577e-06
8.353039080696191832e-01 3.591547510204652812e-07 -1.413736247932394383e-06
8.357530252348510658e-01 4.702869695423945049e-07 -1.343995496902430951e-06
8.362021424000545267e-01 2.922367960677778288e-07 -1.270813020245014000e-06
8.366512595652579876e-01 1.187471890193405764e-07 -1.227186984066234678e-06
8.371003767304614485e-01 1.956881925296501817e-09 -1.209519263263674283e-06
8.375494938956649094e-01 -2.823642634469020351e-08 -1.204205254755841854e-06
8.379986110608967920e-01 -2.436359977566074364e-08 -1.198723090948445623e-06
8.384477282261002529e-01 -9.608320860429711510e-08 -1.197996786308487700e-06
8.388968453913037138e-01 -7.274479102227682436e-08 -1.200399459046264118e-06
8.393459625565071747e-01 -1.121586113358756525e-07 -1.202623860749633560e-06
8.397950797217106356e-01 -1.036129698376157767e-07 -1.206465980731295271e-06
8.402441968869425182e-01 -5.377532789580855051e-08 -1.201837730952060524e-06
8.406933140521459791e-01 -1.356271822170226451e-08 -1.184251826148299574e-06
8.411424312173494400e-01 5.960708381140772978e-08 -1.149741326172292394e-06
8.415915483825529009e-01 1.677944540966159257e-08 -1.106313464554866115e-06
8.420406655477563618e-01 -1.242793201898345559e-07 -1.078126664872539705e-06
8.424897827129882444e-01 -1.191364456871009789e-07 -1.061523430938512499e-06
8.429388998781917053e-01 -1.232553122273363318e-07 -1.042074702386149691e-06
8.433880170433951662e-01 -1.691780488381593474e-07 -1.025591235299621435e-06
8.438371342085986271e-01 -1.687771606579720182e-07 -1.012063425743703194e-06
8.442862513738020880e-01 -1.443914460112885030e-07 -9.938327523513671897e-07
8.447353685390055489e-01 -1.061237082304509743e-07 -9.661761203089452559e-07
8.451844857042374315e-01 -1.289769184518970779e-07 -9.337612287872165650e-07
8.456336028694408924e-01 -5.641258920447155150e-08 -8.923245546492729240e-07
8.460827200346443533e-01 -7.499082557593408365e-08 -8.406494154381816272e-07
8.465318371998478142e-01 -2.043058887355205508e-07 -8.013535960851904252e-07
8.469809543650512751e-01 -1.604191307429089576e-07 -7.688261256268803578e-07
8.474300715302831577e-01 -1.698451707924580630e-07 -7.301443310066291838e-07
8.478791886954866186e-01 -2.332932790883672445e-07 -6.973534747886283148e-07
8.483283058606900795e-01 -2.037960226919809269e-07 -6.668288650189278065e-07
8.487774230258935404e-01 -2.920753528720791089e-07 -6.419341338701654060e-07
8.492265401910970013e-01 -3.310317034118485986e-07 -6.314438222956176111e-07
8.496756573563288839e-01 -3.160002007896372618e-07 -6.251060272680206050e-07
8.501247745215323448e-01 -3.585274690145800829e-07 -6.239200462391815100e-07
8.505738916867358057e-01 -1.490800493618405914e-07 -6.059862803592419136e-07
8.510230088519392666e-01 -6.088378867987159369e-08 -5.544301414913817104e-07
8.514721260171427275e-01 -7.673020851311739192e-08 -4.919548688707953825e-07
8.519212431823746101e-01 -1.501069936947965195e-07 -4.364143732460216287e-07
8.523703603475780710e-01 -1.751721821525904182e-07 -3.899242117874287897e-07
8.528194775127815319e-01 -1.669034484993122967e-07 -3.442501548558534768e-07
8.532685946779849928e-01 -2.073815182983037444e-07 -3.015064862652370544e-07
8.537177118431884537e-01 -2.216185463943904930e-07 -2.648482780945544926e-07
8.541668290084203363e-01 -2.563593551074422021e-07 -2.344722583937241474e-07
8.546159461736237972e-01 -1.868632238958689350e-07 -2.015124802075354920e-07
8.550650633388272581e-01 -1.949080129834747394e-07 -1.627445411515851172e-07
8.555141805040307190e-01 -2.579670131654045612e-07 -1.330863660167396298e-07
8.559632976692341799e-01 -1.718416683975761404e-07 -1.027452806215031404e-07
8.564124148344376408e-01 -2.074909922519890848e-07 -6.858895276067255585e-08
8.568615319996695234e-01 -1.645251934627820734e-07 -3.533522242453879249e-08
8.573106491648729843e-01 -9.157542275286798345e-08 9.405014634838126174e-09
8.577597663300764452e-01 -2.124887378398364924e-07 4.772784891444273440e-08
8.582088834952799061e-01 -2.623262657334954841e-07 6.455105765898972888e-08
8.586580006604833670e-01 -2.525300145541497030e-07 7.263828599907522219e-08
8.591071178257152496e-01 -3.150109415823755295e-07 6.956667920453185836e-08
8.595562349909187105e-01 -2.677400717561345397e-07 5.851618362103798724e-08
8.600053521561221714e-01 -1.842650966548037367e-07 5.565320227626124529e-08
8.604544693213256323e-01 -1.251519150763755222e-07 6.334687593286511314e-08
8.609035864865290932e-01 -4.909421547453666457e-08 8.196582131450488849e-08
8.613527036517609758e-01 -1.513056798104148315e-07 9.402343670222042358e-08
8.618018208169644367e-01 -2.256228649473133808e-07 8.140271480005853741e-08
8.622509379821678976e-01 -7.921490232487787239e-08 7.039794402890875950e-08
8.627000551473713585e-01 -7.354010674710714312e-08 7.064080807754347947e-08
8.631491723125748194e-01 -1.651994312263164014e-07 5.587606853559851889e-08
8.635982894778067021e-01 -2.435844888008744585e-07 1.488602841860515235e-08
8.640474066430101630e-01 -1.836143510170076490e-07 -3.732321013627996819e-08
8.644965238082136239e-01 -3.094967356876150205e-08 -7.481481108411733442e-08
8.649456409734170848e-01 -5.883159051713142217e-09 -9.969858786085469420e-08
8.653947581386205457e-01 -9.409424220861225032e-08 -1.382643738146213403e-07
8.658438753038524283e-01 3.772412071429759647e-08 -1.792993230127319674e-07
8.662929924690558892e-01 1.249373624681828952e-07 -2.023636640589340612e-07
8.667421096342593501e-01 1.760802133354188838e-07 -2.145459226513263314e-07
8.671912267994628110e-01 2.045139396756138253e-07 -2.212133911342982641e-07
8.676403439646662719e-01 1.681020427366127518e-07 -2.316864772035013173e-07
8.680894611298697328e-01 1.147809830296900319e-07 -2.556294551268930546e-07
8.685385782951016154e-01 1.627484562196987032e-07 -2.844413189813301678e-07
8.689876954603050763e-01 1.904999515405054344e-07 -3.089356104463690214e-07
8.694368126255085372e-01 2.341288616945361434e-07 -3.288399358891989895e-07
8.698859297907119981e-01 3.645741362121120945e-07 -3.314444587023933698e-07
8.703350469559154590e-01 4.399127431232544350e-07 -3.109389127497026422e-07
8.707841641211473416e-01 3.785577711686784957e-07 -2.869046811568765847e-07
8.712332812863508025e-01 3.492981988013983183e-07 -2.709856838714602957e-07
8.716823984515542634e-01 3.056475026893752657e-07 -2.618943032238945941e-07
8.721315156167577243e-01 4.032200554671750079e-07 -2.455145266686119019e-07
8.725806327819611852e-01 4.258236238846191848e-07 -2.132338806772620843e-07
8.730297499471930678e-01 4.500249753790995449e-07 -1.717600728071351483e-07
8.734788671123965287e-01 4.399526511076038365e-07 -1.238601599097180901e-07
8.739279842775999896e-01 3.273056378859951257e-07 -8.473220198965776627e-08
8.743771014428034505e-01 3.141434372774712179e-07 -5.570502906602095820e-08
8.748262186080069114e-01 2.957015003172252432e-07 -2.693124103525509165e-08
8.752753357732387940e-01 2.639993671991880710e-07 -5.676254137880604404e-10
8.757244529384422549e-01 2.647210937410471540e-07 2.537027186124398816e-08
8.761735701036457158e-01 2.790211744979080323e-07 5.619796951173180989e-08
8.766226872688491767e-01 2.136205311334312443e-07 8.478002533415410743e-08
8.770718044340526376e-01 1.016706298074323191e-07 9.621494454822730528e-08
8.775209215992845202e-01 9.131835879016598660e-08 9.505647925544760543e-08
8.779700387644879811e-01 1.265905682914635803e-07 9.710433310247207144e-08
8.784191559296914420e-01 1.440502185031804711e-07 1.060302802563325123e-07
8.788682730948949029e-01 7.308757171717116757e-08 1.103242439336821650e-07
8.793173902600983638e-01 3.511725022824703314e-08 1.031145252145965827e-07
8.797665074253018247e-01 -2.440383019069144224e-08 8.457095413353242996e-08
8.802156245905337073e-01 2.731279675019727432e-08 6.400417976223991607e-08
8.806647417557371682e-01 4.002537473701872932e-08 4.973440869387951539e-08
8.811138589209406291e-01 9.242695488305920696e-08 4.267178144151561891e-08
8.815629760861440900e-01 1.806390124326912344e-08 3.361053944678775520e-08
8.820120932513475509e-01 4.824464928059969826e-08 1.985867013119648987e-08
8.824612104165794335e-01 2.886756243389394426e-08 7.401526781308299366e-09
8.829103275817828944e-01 3.927264838343744608e-08 -5.801185419332047696e-09
8.833594447469863553e-01 1.261424849234189353e-07 -7.388326865749150450e-09
8.838085619121898162e-01 -7.547093814949393150e-08 -2.062425976730325770e-08
8.842576790773932771e-01 -5.748934123530655907e-09 -4.868850527200390298e-08
8.847067962426251597e-01 1.127812597992879986e-07 -5.590999985746330969e-08
8.851559134078286206e-01 5.022053546376279828e-08 -5.527225750367346401e-08
8.856050305730320815e-01 1.725144967774796621e-07 -4.543683804480032015e-08
8.860541477382355424e-01 2.008516141403751508e-07 -1.484393477182263788e-08
8.865032649034390033e-01 1.544807450303111205e-07 1.912924777806933266e-08
8.869523820686708859e-01 9.681917595355319133e-08 4.675700428130975425e-08
8.874014992338743468e-01 -1.938477283782385912e-09 6.115226357434690764e-08
8.878506163990778077e-01 3.747309591117568313e-08 7.205485518589495508e-08
8.882997335642812686e-01 -1.264835285500076273e-07 7.145002749975424304e-08
8.887488507294847295e-01 -9.784154418073398468e-08 5.679083828356883321e-08
8.891979678947166121e-01 7.277663605759836637e-08 6.538358219373421359e-08
8.896470850599200730e-01 2.374496832099760930e-08 9.071686374190301325e-08
8.900962022251235339e-01 3.782906522615426816e-08 1.163385818499671049e-07
8.905453193903269948e-01 -5.514472539191148083e-08 1.370390924010014412e-07
8.909944365555304557e-01 2.275976284592157490e-09 1.571750986960349126e-07
8.914435537207339166e-01 -5.420621067319029065e-08 1.807865202955420462e-07
8.918926708859657992e-01 -1.469176121126237120e-07 1.906783315523547557e-07
8.923417880511692601e-01 -1.347569893891649003e-07 1.931951200371596951e-07
8.927909052163727210e-01 -1.869901832595551986e-08 2.116728761352819803e-07
8.932400223815761819e-01 -8.536565872960902296e-08 2.385828197069538329e-07
8.936891395467796428e-01 -1.796824677154064696e-07 2.502593842381201333e-07
8.941382567120115255e-01 -1.371844455475158426e-07 2.575647613321576146e-07
8.945873738772149864e-01 -1.196978681883099182e-07 2.728824243012083546e-07
8.950364910424184473e-01 -2.033661114287043933e-07 2.823109039386597683e-07
8.954856082076219082e-01 -2.474131324938189864e-07 2.779344854448145528e-07
8.959347253728253690e-01 -1.274568950157501714e-07 2.817921655210770959e-07
8.963838425380572517e-01 1.443840882393990189e-07 3.313626444241564927e-07
8.968329597032607126e-01 1.352522345978215349e-07 4.164484104236633308e-07
8.972820768684641735e-01 1.513773874388505431e-07 5.108911766932319027e-07
8.977311940336676344e-01 1.430016200339042575e-08 6.004300138739765670e-07
8.981803111988710953e-01 -1.307706563638661930e-08 6.790392916479342465e-07
8.986294283641029779e-01 -8.990318507616942835e-08 7.521049692278517475e-07
8.990785455293064388e-01 -2.505514468393270994e-07 8.031612329676781485e-07
8.995276626945098997e-01 -2.912945337528535133e-07 8.336601431777321866e-07
8.999767798597133606e-01 -4.348209076344591036e-07 8.430910955900489902e-07
9.004258970249168215e-01 -4.051108658328590887e-07 8.371608901896188198e-07
9.008750141901487041e-01 -2.427744382279932656e-07 8.495992645242742865e-07
9.013241313553521650e-01 -3.302572418779940575e-07 8.687000171773232758e-07
9.017732485205556259e-01 -3.465122719396702704e-07 8.743198448940784540e-07
9.022223656857590868e-01 -2.433133496994860002e-07 8.870110874188406653e-07
9.026714828509625477e-01 -2.547286132258004051e-07 9.080086851272911421e-07
9.031206000161660086e-01 -2.571375088660771577e-07 9.258410530598437700e-07
9.035697171813978912e-01 -3.868577759653125089e-07 9.263130297631437211e-07
9.040188343466013521e-01 -4.135024612085003071e-07 9.046505253846062048e-07
9.044679515118048130e-01 -5.065046608225009729e-07 8.627174964772118587e-07
9.049170686770082739e-01 -3.630912932240054161e-07 8.181482457173502347e-07
9.053661858422117348e-01 -4.688930572600596391e-07 7.693237537959164855e-07
9.058153030074436174e-01 -3.545068395854527992e-07 7.125912060748186693e-07
9.062644201726470783e-01 -3.088129761963568149e-07 6.648910547502479238e-07
9.067135373378505392e-01 -3.492803077836197365e-07 6.094548265038659969e-07
9.071626545030540001e-01 -2.187210775243400808e-07 5.555259588999137972e-07
9.076117716682574610e-01 -1.679582139338939320e-07 5.141135148783646738e-07
9.080608888334893436e-01 -9.917984276798373109e-08 4.796454348576190498e-07
9.085100059986928045e-01 -3.057316418499141785e-08 4.551580092243200908e-07
9.089591231638962654e-01 -6.350903913876220695e-08 4.301133305866600890e-07
9.094082403290997263e-01 7.392296403194756288e-08 4.126102797727234811e-07
9.098573574943031872e-01 2.270415179904544426e-07 4.252266464160957896e-07
9.103064746595350698e-01 2.644294255959893999e-07 4.597173126056970941e-07
9.107555918247385307e-01 1.673872284485912116e-07 4.894178752953914828e-07
9.112047089899419916e-01 1.904149948611179466e-07 5.121009597708174762e-07
9.116538261551454525e-01 8.348068737395885993e-08 5.258335811839723376e-07
9.121029433203489134e-01 -1.031188908347458706e-07 5.053139878945138822e-07
9.125520604855807960e-01 -6.838822877904135769e-08 4.633462737317546844e-07
9.130011776507842569e-01 3.464531874702005378e-08 4.314086816897131502e-07
9.134502948159877178e-01 -2.699592427867641839e-08 3.996212900351895556e-07
9.138994119811911787e-01 -1.658894589138071000e-07 3.401197527990925281e-07
9.143485291463946396e-01 4.472571761097966681e-08 2.817515432763316650e-07
9.147976463115981005e-01 1.492688073673812174e-07 2.532104421722765927e-07
9.152467634768299831e-01 1.359620610514063433e-07 2.320076333018759390e-07
9.156958806420334440e-01 1.987988730651435783e-07 2.142943667633165292e-07
9.161449978072369049e-01 1.430324687395512262e-07 1.956957203532059868e-07
9.165941149724403658e-01 1.125887806502350321e-07 1.654556867209087308e-07
9.170432321376438267e-01 2.320662732640380824e-07 1.428409785484263326e-07
9.174923493028757093e-01 3.020194732797845592e-07 1.405319494943095064e-07
9.179414664680791702e-01 7.477850628696023606e-08 1.206334055266788454e-07
9.183905836332826311e-01 -5.986739530994778450e-08 5.761803849605621546e-08
9.188397007984860920e-01 -6.293301305205299956e-08 -2.693576029240554079e-08
9.192888179636895529e-01 -5.069539971441243932e-08 -1.179548118749434396e-07
9.197379351289214355e-01 -9.356783545528954454e-08 -2.203424710925556772e-07
9.201870522941248964e-01 -7.696886593831937462e-08 -3.343711947561957964e-07
9.206361694593283573e-01 9.804720808246914397e-08 -4.355101390318555738e-07
9.210852866245318182e-01 1.689891319752885626e-07 -5.155438686618133891e-07
9.215344037897352791e-01 1.614771329990609217e-07 -5.929209800231260636e-07
9.219835209549671617e-01 1.615470233588672808e-07 -6.751811085599100440e-07
9.224326381201706226e-01 2.812968632057468574e-07 -7.476843950888719577e-07
9.228817552853740835e-01 4.915824733500959583e-08 -8.359408134948247273e-07
9.233308724505775444e-01 -1.066774293340800819e-07 -9.732652278348170677e-07
9.237799896157810053e-01 8.193696331315726483e-08 -1.115650147065901987e-06
9.242291067810128880e-01 2.537181365387832445e-07 -1.225016342288930468e-06
9.246782239462163488e-01 2.526938360056599934e-07 -1.319240243790034811e-06
9.251273411114198097e-01 3.478402768106484007e-07 -1.405118913448042524e-06
9.255764582766232706e-01 4.507687528072945338e-07 -1.469278382538037226e-06
9.260255754418267315e-01 3.625610955536513734e-07 -1.530308283097151782e-06
9.264746926070301924e-01 2.980954884907889356e-07 -1.607027175328174479e-06
9.269238097722620751e-01 2.011449465413347149e-07 -1.701876024432443797e-06
9.273729269374655360e-01 2.267558327958374505e-07 -1.806042160878964175e-06
9.278220441026689969e-01 2.837918774426170218e-07 -1.902297471028715706e-06
9.282711612678724578e-01 3.887019534125598083e-07 -1.980218700261303075e-06
9.287202784330759187e-01 3.281718676671473982e-07 -2.051161899743688481e-06
9.291693955983078013e-01 3.839177847018692028e-07 -2.119838850820968598e-06
9.296185127635112622e-01 2.965177618932277835e-07 -2.188918702416666299e-06
9.300676299287147231e-01 1.801754130131820823e-07 -2.278237830790433637e-06
9.305167470939181840e-01 3.787293305068321253e-07 -2.356597661598657798e-06
9.309658642591216449e-01 4.717527066891259895e-07 -2.398294531793445556e-06
9.314149814243535275e-01 2.354615160456972279e-07 -2.449712831531686481e-06
9.318640985895569884e-01 1.616474164512538034e-07 -2.531238040711009975e-06
9.323132157547604493e-01 2.952528535580676835e-07 -2.603112326791522790e-06
9.327623329199639102e-01 2.493041210774623367e-07 -2.660934769403840355e-06
9.332114500851673711e-01 1.335628104737812768e-07 -2.732062763609500542e-06
9.336605672503992537e-01 6.210120493512525409e-08 -2.820862559495945613e-06
9.341096844156027146e-01 7.870795469904830841e-08 -2.913807901006421912e-06
9.345588015808061755e-01 1.294999873381942566e-07 -2.997045292780269633e-06
9.350079187460096364e-01 -2.527045120167469550e-08 -3.089321132464854019e-06
9.354570359112130973e-01 -1.636203452872795748e-07 -3.213495635612983521e-06
9.359061530764449799e-01 7.618594460875501886e-09 -3.335051353397400840e-06
9.363552702416484408e-01 7.460962577724783234e-10 -3.438253102551401610e-06
9.368043874068519017e-01 -2.491982352630168968e-07 -3.569854599208378219e-06
9.372535045720553626e-01 -1.888420022804369901e-07 -3.724989551253786124e-06
9.377026217372588235e-01 -6.664843796473305826e-08 -3.862780808283776727e-06
9.381517389024622844e-01 -5.782658197117825941e-08 -3.987080728339709220e-06
9.386008560676941670e-01 -7.176474989981299671e-08 -4.112044514446457603e-06
9.390499732328976279e-01 -1.642461910718013999e-07 -4.249356819618282049e-06
9.394990903981010888e-01 1.291439041367825967e-08 -4.378016678698196543e-06
9.399482075633045497e-01 -5.885042383216333687e-08 -4.494520034725268102e-06
9.403973247285080106e-01 -8.141626523578214363e-08 -4.620619283424051830e-06
9.408464418937398932e-01 -1.967707793926992457e-07 -4.762323794599700851e-06
9.412955590589433541e-01 -1.190887977338457808e-07 -4.909564085979822752e-06
9.417446762241468150e-01 -7.604378891274773641e-08 -5.044395521582942994e-06
9.421937933893502759e-01 -1.451508991804183418e-09 -5.165688821115555987e-06
9.426429105545537368e-01 1.697081583282301283e-07 -5.257018491749442971e-06
9.430920277197856194e-01 1.544719602531221600e-07 -5.325563070651616057e-06
9.435411448849890803e-01 -3.384004846966975394e-09 -5.407157958974423146e-06
9.439902620501925412e-01 1.581707509997647803e-07 -5.482854840886029635e-06
9.444393792153960021e-01 1.204211664305967791e-07 -5.538226528181401701e-06
9.448884963805994630e-01 3.946248993807330570e-08 -5.599432409682889242e-06
9.453376135458313456e-01 -1.041409293723681374e-07 -5.679654199329005806e-06
9.457867307110348065e-01 -5.754226000002478583e-08 -5.766380063797581218e-06
9.462358478762382674e-01 -7.677840752536442498e-08 -5.846071113930117937e-06
9.466849650414417283e-01 -1.459139777459429943e-07 -5.931596395809201744e-06
9.471340822066451892e-01 -3.795878010451041770e-08 -6.009034793398657629e-06
9.475831993718486501e-01 5.947616599780552224e-09 -6.064604197010195107e-06
9.480323165370805327e-01 -6.788940409028079794e-08 -6.117309634540601704e-06
9.484814337022839936e-01 -1.374055748601917856e-07 -6.180339170144895506e-06
9.489305508674874545e-01 -1.680850961914189807e-07 -6.250132379345490681e-06
9.493796680326909154e-01 -4.023422296840277571e-08 -6.304814349664280117e-06
9.498287851978943763e-01 -1.047402065184506985e-07 -6.346986961136290135e-06
9.502779023631262589e-01 -2.081525986253843521e-07 -6.402507703054268337e-06
9.507270195283297198e-01 -1.658958290724526113e-07 -6.460809415576710002e-06
9.511761366935331807e-01 -1.299395597444173931e-07 -6.506362809200896053e-06
9.516252538587366416e-01 -2.285991162432359846e-07 -6.554503909333199237e-06
9.520743710239401025e-01 -2.764693975051575025e-07 -6.615627915069234317e-06
9.525234881891719851e-01 -2.890105774549674890e-07 -6.681503324508353694e-06
9.529726053543754460e-01 -2.030134596640898616e-07 -6.737424770097329942e-06
9.534217225195789069e-01 -3.099778243466755719e-07 -6.793592631847728053e-06
9.538708396847823678e-01 -3.658603144968800578e-07 -6.866838252716899362e-06
9.543199568499858287e-01 -2.125546455076277940e-07 -6.929103866374936291e-06
9.547690740152177113e-01 -2.852531347892113843e-07 -6.981426325633574157e-06
9.552181911804211722e-01 -2.461218583661269206e-07 -7.036287500273707527e-06
9.556673083456246331e-01 -3.813673398786297794e-07 -7.101540284482684815e-06
9.561164255108280940e-01 -2.925117857819147814e-07 -7.172827657110708071e-06
9.565655426760315549e-01 -3.363083924749055014e-07 -7.240435995483120044e-06
9.570146598412634376e-01 -2.746681578776030499e-07 -7.307355292175026378e-06
9.574637770064668985e-01 -3.465899284083335525e-07 -7.377003690257992994e-06
9.579128941716703594e-01 -3.712180713693926055e-07 -7.459905951784801037e-06
9.583620113368738203e-01 -4.498282427899267543e-07 -7.558453012147451439e-06
9.588111285020772812e-01 -5.828167007898196508e-07 -7.687032286474230732e-06
9.592602456672807421e-01 -4.123716840489549046e-07 -7.820007850880254406e-06
9.597093628325126247e-01 -3.394965857003742640e-07 -7.933888981237143090e-06
9.601584799977160856e-01 -3.877796805113708892e-07 -8.051926675892414676e-06
9.606075971629195465e-01 -3.543999466804996124e-07 -8.179106616593999254e-06
9.610567143281230074e-01 -3.320536372599304532e-07 -8.308134197796422285e-06
9.615058314933264683e-01 -2.992129983316786336e-07 -8.439147874154083801e-06
9.619549486585583509e-01 -2.720138001844340976e-07 -8.571653647418868503e-06
9.624040658237618118e-01 -2.547403340214334911e-07 -8.707453846169291111e-06
9.628531829889652727e-01 -1.907544690317378970e-07 -8.842447355221937216e-06
9.633023001541687336e-01 -8.987781194733679736e-08 -8.966635143542457632e-06
9.637514173193721945e-01 -1.982243661577226364e-07 -9.098649655133413442e-06
9.642005344846040771e-01 -7.435700162527569730e-08 -9.236471439356631200e-06
9.646496516498075380e-01 1.261571667583508767e-07 -9.344642306105799720e-06
9.650987688150109989e-01 5.425578440731717717e-08 -9.442460386651316555e-06
9.655478859802144598e-01 6.362792775942924524e-08 -9.550852281010123226e-06
9.659970031454179207e-01 2.053304213496723446e-07 -9.646032065259912283e-06
9.664461203106498033e-01 3.074518262118900794e-07 -9.715656416792767228e-06
9.668952374758532642e-01 1.836531110445150646e-07 -9.787693738822081320e-06
9.673443546410567251e-01 1.066433321494308368e-07 -9.883169739061825897e-06
9.677934718062601860e-01 2.629050171274828984e-07 -9.972045004477517971e-06
9.682425889714636469e-01 3.169455850408117031e-07 -1.003827703324796308e-05
9.686917061366955295e-01 1.958445842472879776e-07 -1.011153881036160985e-05
9.691408233018989904e-01 1.526963528639643279e-07 -1.020384329217042002e-05
9.695899404671024513e-01 2.679829689589570896e-07 -1.028973904239650024e-05
9.700390576323059122e-01 2.334603956169390983e-07 -1.036741982679899577e-05
9.704881747975093731e-01 1.038254214270629180e-07 -1.046433928479449542e-05
9.709372919627128340e-01 1.709916702607013564e-07 -1.057067945363214172e-05
9.713864091279447166e-01 2.277659490615993360e-07 -1.066566447878725901e-05
9.718355262931481775e-01 1.977908545226458252e-07 -1.075917354022939557e-05
9.722846434583516384e-01 2.339647797202738149e-07 -1.085329563854023716e-05
9.727337606235550993e-01 2.927996939045949500e-07 -1.093764587018380261e-05
9.731828777887585602e-01 2.432249096655449647e-07 -1.102098817452135948e-05
9.736319949539904428e-01 1.681990447941648667e-07 -1.111864374105004515e-05
9.740811121191939037e-01 3.275581609527276759e-07 -1.120778332439812131e-05
9.745302292843973646e-01 3.761691784189937897e-07 -1.127298489963618852e-05
9.749793464496008255e-01 4.578282964416218858e-07 -1.132058021358617283e-05
9.754284636148042864e-01 3.145310327437472149e-07 -1.137092587929046730e-05
9.758775807800361690e-01 1.746995341618135211e-07 -1.145005835751203342e-05
9.763266979452396299e-01 2.082125589489779130e-07 -1.154055690120132145e-05
9.767758151104430908e-01 2.756202322570673760e-07 -1.161950208018613572e-05
9.772249322756465517e-01 1.688832446871157234e-07 -1.170181938488422483e-05
9.776740494408500126e-01 1.660920473700002581e-07 -1.179594159383572633e-05
9.781231666060818952e-01 1.801083593498942682e-07 -1.188902576085484033e-05
9.785722837712853561e-01 1.170147551484808826e-07 -1.198783009473877105e-05
9.790214009364888170e-01 2.800496880716349556e-07 -1.207554116531260680e-05
9.794705181016922779e-01 1.523260175492400577e-07 -1.215832814014932442e-05
9.799196352668957388e-01 2.146572930471619393e-07 -1.224724970660498897e-05
9.803687524321276214e-01 2.449287744409144342e-07 -1.232453763269173077e-05
9.808178695973310823e-01 2.040080784734338469e-07 -1.240083041182946741e-05
9.812669867625345432e-01 2.670697175651071374e-07 -1.247215855667864598e-05
9.817161039277380041e-01 2.964441237690390008e-07 -1.252978280622654274e-05
9.821652210929414650e-01 2.274111203231723276e-07 -1.258754675136023215e-05
9.826143382581449259e-01 2.891414091424673248e-07 -1.264174117586111443e-05
9.830634554233768085e-01 1.714747309126045654e-07 -1.269766801591849131e-05
9.835125725885802694e-01 3.732243572733896564e-07 -1.273931679798766667e-05
9.839616897537837303e-01 1.936782753490496653e-07 -1.277240228384218772e-05
9.844108069189871912e-01 1.808467703546609180e-07 -1.282103598732522416e-05
9.848599240841906521e-01 2.112670079144601653e-07 -1.286266461583851918e-05
9.853090412494225347e-01 1.514523235760371227e-07 -1.290210025048810650e-05
9.857581584146259956e-01 7.082582065330639804e-08 -1.295213792688232689e-05
9.862072755798294565e-01 9.989424356846715962e-08 -1.300374657307853771e-05
9.866563927450329174e-01 9.850227504008203169e-08 -1.304801546534381145e-05
9.871055099102363783e-01 4.826941533755737670e-08 -1.309348254230760136e-05
9.875546270754682610e-01 -5.855272621589549012e-08 -1.315266289873705775e-05
9.880037442406717219e-01 3.161679855651204120e-08 -1.321087264138385011e-05
9.884528614058751828e-01 7.037014955834794447e-08 -1.325120964533532299e-05
9.889019785710786437e-01 6.083477753033796931e-08 -1.328344292981734352e-05
9.893510957362821046e-01 4.043883465826278331e-08 -1.331374735016664370e-05
9.898002129015139872e-01 1.424739101229213123e-08 -1.334405954228403116e-05
9.902493300667174481e-01 -6.658757204785970044e-09 -1.337466049348879792e-05
9.906984472319209090e-01 -3.198664944297700705e-08 -1.340570566983294293e-05
9.911475643971243699e-01 -9.495786954599989647e-08 -1.344235265852365296e-05
9.915966815623278308e-01 -8.794553264916236672e-08 -1.348167442446855110e-05
9.920457987275597134e-01 -8.922648389680713060e-08 -1.351700508240395249e-05
9.924949158927631743e-01 -9.638516327657876471e-08 -1.354976318600646406e-05
9.929440330579666352e-01 -7.092375249283530153e-08 -1.357678501341932697e-05
9.933931502231700961e-01 -1.419847252339353781e-07 -1.360510094616507171e-05
9.938422673883735570e-01 -7.267346911221091363e-08 -1.363000684194862829e-05
9.942913845535770179e-01 -1.743478148925101007e-07 -1.365493513111050305e-05
9.947405017188089005e-01 -1.411240708174982876e-07 -1.368433334668090273e-05
9.951896188840123614e-01 -1.235732900568964577e-07 -1.370509518958670552e-05
9.956387360492158223e-01 -1.189850522041203221e-08 -1.370742868313688329e-05
9.960878532144192832e-01 -6.392728273869157473e-08 -1.369770936130985452e-05
9.965369703796227441e-01 -1.036918324762925413e-07 -1.369256490283764945e-05
9.969860875448546267e-01 -2.145055591417362104e-07 -1.369969074678310439e-05
9.974352047100580876e-01 -1.212133361707872956e-07 -1.370531917474773123e-05
9.978843218752615485e-01 -1.686922827896635943e-07 -1.370225696274061811e-05
9.983334390404650094e-01 -2.220385301452827566e-07 -1.370691842816274419e-05
9.987825562056684703e-01 -2.691480537850178298e-07 -1.372043686881300369e-05
9.992316733709003529e-01 -2.078046154022927462e-07 -1.373076385187241191e-05
9.996807905361038138e-01 -2.855706960513466797e-07 -1.374139663633403626e-05
1.000129907701307275e+00 -2.631561349460841203e-07 -1.375717214601637203e-05
1.000579024866510736e+00 -1.957259322471257335e-07 -1.376206313448322660e-05
1.001028142031714196e+00 -2.262608221814120173e-07 -1.376130364755254930e-05
1.001477259196946079e+00 -2.324974950960181887e-07 -1.376312521482560447e-05
1.001926376362149540e+00 -3.088762098452587934e-07 -1.377342387033874256e-05
1.002375493527353001e+00 -2.783460208669218263e-07 -1.378911979909823144e-05
1.002824610692556462e+00 -2.305080415764269161e-07 -1.379661298151087664e-05
1.003273727857759923e+00 -1.881209329714501351e-07 -1.379386295181502881e-05
1.003722845022991805e+00 -1.329355582406300213e-07 -1.377915549932286331e-05
1.004171962188195266e+00 -2.021606438294159406e-07 -1.376443157494470205e-05
1.004621079353398727e+00 -1.728581416874109718e-07 -1.375299380893879188e-05
1.005070196518602188e+00 -1.771615172890919776e-07 -1.373794979009544514e-05
1.005519313683805649e+00 -1.941145325524044061e-07 -1.372455549219260489e-05
1.005968430849009110e+00 -9.899204570711479911e-08 -1.370172243925418126e-05
1.006417548014240992e+00 -9.879236782805137235e-08 -1.366671186446571290e-05
1.006866665179444453e+00 -1.020847757321690145e-07 -1.362993332138148818e-05
1.007315782344647914e+00 -1.511579094203025363e-07 -1.359724150933936262e-05
1.007764899509851375e+00 -2.349392474564761200e-07 -1.357873907288050131e-05
1.008214016675054836e+00 -1.491200518845092327e-07 -1.356058271229592556e-05
1.008663133840286719e+00 -2.271422984171329478e-07 -1.354237584568023318e-05
1.009112251005490180e+00 -1.614581822339962802e-07 -1.352667199638516883e-05
1.009561368170693640e+00 -1.168856324213534629e-07 -1.349971721812344583e-05
1.010010485335897101e+00 -2.030824730180870520e-07 -1.347812687896583869e-05
1.010459602501100562e+00 -1.598765870091768677e-07 -1.346285014808245812e-05
1.010908719666332445e+00 -1.534968601496592170e-07 -1.344400064073967082e-05
1.011357836831535906e+00 -9.346303077736504073e-08 -1.341939172850932881e-05
1.011806953996739367e+00 -1.874323532288588167e-07 -1.340020521424862334e-05
1.012256071161942828e+00 -1.546740369719016153e-07 -1.339034459512171993e-05
1.012705188327146288e+00 -1.296787867761328988e-07 -1.337712219934459413e-05
1.013154305492378171e+00 -1.439550989676831084e-07 -1.336571539231459283e-05
1.013603422657581632e+00 -1.842699796644850369e-07 -1.336397528355408882e-05
1.014052539822785093e+00 -9.315877771541794273e-08 -1.336075738685765161e-05
1.014501656987988554e+00 -1.276702463703475274e-08 -1.334189791506208525e-05
1.014950774153192015e+00 -1.310281294106722432e-07 -1.333002660149286528e-05
1.015399891318423897e+00 -3.710034244910168400e-08 -1.332436246118927031e-05
1.015849008483627358e+00 -1.534666953634488732e-08 -1.330932170709597800e-05
1.016298125648830819e+00 4.545901172078360347e-08 -1.328771747754007714e-05
1.016747242814034280e+00 8.695934930191188423e-08 -1.325654980335018584e-05
1.017196359979237741e+00 3.727248104260837673e-09 -1.323152456331556268e-05
1.017645477144441202e+00 5.285862521673059810e-08 -1.321244725304141410e-05
1.018094594309673084e+00 8.173623052228627114e-08 -1.318694315217794780e-05
1.018543711474876545e+00 9.276407874786107355e-08 -1.315872035713972904e-05
1.018992828640080006e+00 8.439378559569351807e-08 -1.313179895924894079e-05
1.019441945805283467e+00 5.281476505998139538e-08 -1.311125289570077668e-05
1.019891062970486928e+00 1.993436166883372994e-07 -1.307975907785341301e-05
1.020340180135718811e+00 1.024825370562133216e-07 -1.304366980318805231e-05
1.020789297300922271e+00 8.916025095192760751e-08 -1.302102735079944901e-05
1.021238414466125732e+00 1.333402102308794189e-07 -1.299688557688557994e-05
1.021687531631329193e+00 3.585385238648411752e-08 -1.298078628341052869e-05
1.022136648796532654e+00 9.521613969206215344e-08 -1.297175758630308123e-05
1.022585765961764537e+00 1.463227511585590383e-07 -1.295320032505523770e-05
1.023034883126967998e+00 1.390845535768709127e-07 -1.293168712730517389e-05
1.023484000292171459e+00 2.172798787928412400e-07 -1.290364627732988339e-05
1.023933117457374919e+00 2.308767126448939583e-07 -1.286585574377511308e-05
1.024382234622578380e+00 1.739850004753584428e-07 -1.283286862235968691e-05
1.024831351787810263e+00 2.571118837020203827e-07 -1.279707471715299144e-05
1.025280468953013724e+00 2.646908453335386165e-07 -1.275061733616459432e-05
1.025729586118217185e+00 3.079236191623211780e-07 -1.269692276794841902e-05
1.026178703283420646e+00 3.076688377510317332e-07 -1.263610020948937523e-05
1.026627820448624107e+00 3.532186483972811120e-07 -1.256711895538704807e-05
1.027076937613855989e+00 3.538223424213788271e-07 -1.248903460010520438e-05
1.027526054779059450e+00 3.041116674082767628e-07 -1.241199122194342460e-05
1.027975171944262911e+00 2.524183508168225939e-07 -1.234226619179166859e-05
1.028424289109466372e+00 2.142037972624727282e-07 -1.227940137729768627e-05
1.028873406274669833e+00 1.606423432318386519e-07 -1.222441546212249937e-05
1.029322523439873294e+00 1.347434075956472782e-07 -1.217676456345096661e-05
1.029771640605105176e+00 2.406080935053830016e-07 -1.211874001365047207e-05
1.030220757770308637e+00 2.052567419260521576e-07 -1.205031501978706726e-05
1.030669874935512098e+00 1.097190289163300232e-07 -1.199377918089629100e-05
1.031118992100715559e+00 1.885586704425014816e-07 -1.193720928252527587e-05
1.031568109265919020e+00 1.474083898626150981e-07 -1.187430573055279424e-05
1.032017226431150902e+00 1.364809593653116251e-07 -1.181482885087797780e-05
1.032466343596354363e+00 1.050216534380295073e-07 -1.175806071203905914e-05
1.032915460761557824e+00 7.402076897722957793e-08 -1.170664939088425801e-05
1.033364577926761285e+00 2.104350291084359046e-07 -1.164169883385484785e-05
1.033813695091964746e+00 1.067071291971609957e-07 -1.157020201098585156e-05
1.034262812257196629e+00 1.851109128688951794e-07 -1.149824170252910268e-05
1.034711929422400090e+00 2.088114791320096547e-07 -1.141105084522327639e-05
1.035161046587603551e+00 3.245979042500128935e-07 -1.130274008396667639e-05
1.035610163752807011e+00 2.137763314568256250e-07 -1.118680473568711070e-05
1.036059280918010472e+00 1.353086785362114882e-07 -1.108519970524179261e-05
1.036508398083242355e+00 1.707946501947008356e-07 -1.098272823377130072e-05
1.036957515248445816e+00 1.781694138705028288e-07 -1.086953940338204126e-05
1.037406632413649277e+00 1.077921768620044464e-07 -1.075698905931401619e-05
1.037855749578852738e+00 6.190763819362933420e-08 -1.065158375218650241e-05
1.038304866744056199e+00 1.404734817301032660e-07 -1.053705455283773229e-05
1.038753983909288081e+00 9.243402571276135435e-08 -1.041290864105888846e-05
1.039203101074491542e+00 -5.568355421798033005e-08 -1.030469967880050341e-05
1.039652218239695003e+00 -1.053592656393750835e-08 -1.020361997928262924e-05
1.040101335404898464e+00 6.537874114253304593e-08 -1.008467362114180444e-05
1.040550452570101925e+00 4.103769709333023196e-08 -9.954237594394137266e-06
1.040999569735305386e+00 -6.311648543496447456e-08 -9.832272639800940201e-06
1.041448686900537268e+00 2.655481876991418086e-08 -9.706779348549520261e-06
1.041897804065740729e+00 -4.388055824532020248e-09 -9.569180617285219813e-06
1.042346921230944190e+00 -6.359101615442705854e-08 -9.435774831259397284e-06
1.042796038396147651e+00 -5.794298703390534974e-08 -9.303118157829488809e-06
1.043245155561351112e+00 -4.622445069415684968e-08 -9.163397284409333018e-06
1.043694272726582994e+00 -8.368979977235970294e-08 -9.021196521170515885e-06
1.044143389891786455e+00 -5.756952490013399112e-08 -8.874938039932129226e-06
1.044592507056989916e+00 -2.002647238280071592e-07 -8.736769506125942856e-06
1.045041624222193377e+00 -1.330614255938663229e-07 -8.603165638321701560e-06
1.045490741387396838e+00 -1.863431882111449685e-07 -8.464580605582924767e-06
1.045939858552628721e+00 -2.004548700442345575e-07 -8.330244741995631192e-06
1.046388975717832182e+00 -2.451952712823794466e-07 -8.199957598973172223e-06
1.046838092883035642e+00 -2.750606037954903502e-07 -8.076295964479661464e-06
1.047287210048239103e+00 -4.445260362986464972e-07 -7.974739937102295735e-06
1.047736327213442564e+00 -4.354544434904300863e-07 -7.893394079689803206e-06
1.048185444378674447e+00 -4.200824890566140042e-07 -7.813132283110256691e-06
1.048634561543877908e+00 -3.752649768374852295e-07 -7.730003365585979858e-06
1.049083678709081369e+00 -3.305086709082886287e-07 -7.640355069838207822e-06
1.049532795874284830e+00 -2.595737665332191951e-07 -7.540522157439914888e-06
1.049981913039488290e+00 -3.635031788742581013e-07 -7.446751923141020598e-06
1.050431030204720173e+00 -3.448400686564205088e-07 -7.365864701606572816e-06
1.050880147369923634e+00 -3.384260732953691130e-07 -7.286501614766662819e-06
1.051329264535127095e+00 -2.872402622876664384e-07 -7.205065107392226662e-06
1.051778381700330556e+00 -2.676198020594165885e-07 -7.119799001416503971e-06
1.052227498865534017e+00 -1.609530007005607000e-07 -7.023849660120020893e-06
1.052676616030737478e+00 -6.735001556294033912e-08 -6.907487978899029493e-06
1.053125733195969360e+00 -5.691018621220063728e-08 -6.779734564332968744e-06
1.053574850361172821e+00 -6.947250857675905869e-08 -6.651797851589257455e-06
1.054023967526376282e+00 -3.163914989958373898e-07 -6.553673629312247244e-06
1.054473084691579743e+00 -6.240064712706130214e-08 -6.457744940312325599e-06
1.054922201856783204e+00 -1.314639701123911297e-08 -6.329887739812164672e-06
1.055371319022015086e+00 -1.897414884540362634e-07 -6.216677389515687373e-06
1.055820436187218547e+00 -2.580130370155545665e-07 -6.133440451782842141e-06
1.056269553352422008e+00 -2.580483267747463353e-07 -6.062944956211704058e-06
1.056718670517625469e+00 -2.751532453446684440e-07 -6.000553781712583129e-06
1.057167787682828930e+00 -1.870802108729530810e-07 -5.936788520321316366e-06
1.057616904848060813e+00 -1.804274595039308723e-07 -5.868586654829739177e-06
1.058066022013264273e+00 -2.500533415725208339e-07 -5.813616865568704059e-06
1.058515139178467734e+00 -1.465840309487710677e-07 -5.761899486630873408e-06
1.058964256343671195e+00 -1.963524685058673863e-07 -5.711263595147433742e-06
1.059413373508874656e+00 -2.134637958828718731e-07 -5.675587377179881611e-06
1.059862490674106539e+00 -6.842999757872021349e-08 -5.633610102687991664e-06
1.060311607839310000e+00 -1.198943349626179469e-07 -5.588334992674459530e-06
1.060760725004513461e+00 -1.066119165663727641e-07 -5.554407960971318723e-06
1.061209842169716921e+00 -1.551823525954578084e-07 -5.532416811301487676e-06
1.061658959334920382e+00 -1.194934182222690696e-08 -5.508215398196760885e-06
1.062108076500152265e+00 8.725238668795766168e-08 -5.464026037832530065e-06
1.062557193665355726e+00 5.923032751851877909e-08 -5.417206260357363875e-06
1.063006310830559187e+00 1.476900469147950031e-07 -5.368407556568910541e-06
1.063455427995762648e+00 1.682745689461917171e-07 -5.311470700236082382e-06
1.063904545160966109e+00 1.491926609507726081e-07 -5.257711423481608649e-06
1.064353662326169569e+00 1.423888690271526933e-07 -5.210382367142624470e-06
1.064802779491401452e+00 1.151529801413263545e-07 -5.170841517586302914e-06
1.065251896656604913e+00 2.772243488816840988e-07 -5.120020329025079428e-06
1.065701013821808374e+00 2.872625086016925389e-07 -5.052060909828047397e-06
1.066150130987011835e+00 2.137142096889987223e-07 -4.992201327038667561e-06
1.066599248152215296e+00 1.390229600197913225e-07 -4.950930399555361547e-06
1.067048365317447178e+00 2.241730082131209615e-07 -4.911576263392923008e-06
1.067497482482650639e+00 2.822243579686309568e-07 -4.858632878673401776e-06
1.067946599647854100e+00 2.715319428105679676e-07 -4.801467186936327032e-06
1.068395716813057561e+00 2.681728526306583489e-07 -4.746505492915553058e-06
1.068844833978261022e+00 2.726313948121876540e-07 -4.691995460728764465e-06
1.069293951143492905e+00 2.958109150865296933e-07 -4.634673812642027409e-06
1.069743068308696365e+00 2.681395749775608377e-07 -4.577743608729463107e-06
1.070192185473899826e+00 2.795497289141206081e-07 -4.522404207146914276e-06
1.070641302639103287e+00 1.233682376491528782e-07 -4.483540521361164118e-06
1.071090419804306748e+00 2.800069417497515292e-07 -4.445854176906919736e-06
1.071539536969538631e+00 2.685574188434658482e-07 -4.392414334295827297e-06
1.071988654134742092e+00 4.720921512460403683e-07 -4.315838443604914557e-06
1.072437771299945553e+00 1.888014676085889351e-07 -4.245019757989504315e-06
1.072886888465149013e+00 1.944798056799513168e-07 -4.203447690816965238e-06
1.073336005630352474e+00 1.621414700430085281e-07 -4.165013797101567622e-06
1.073785122795584357e+00 2.505448982051654072e-07 -4.120246623247896254e-06
1.074234239960787818e+00 2.430676390011950879e-07 -4.065374051030948960e-06
1.074683357125991279e+00 2.331649676935056810e-07 -4.010548796283431150e-06
1.075132474291194740e+00 4.080172369333030966e-07 -3.934478228987904256e-06
1.075581591456398201e+00 3.332950505954305358e-07 -3.842291938028660014e-06
1.076030708621601661e+00 3.149384532614444347e-07 -3.754660860056617511e-06
1.076479825786833544e+00 2.473910641725314416e-07 -3.671277296651140188e-06
1.076928942952037005e+00 2.720383168983080059e-07 -3.587637503158135497e-06
1.077378060117240466e+00 2.271467876659955472e-07 -3.501114212966475731e-06
1.077827177282443927e+00 1.566677168551060307e-07 -3.422483515899235029e-06
1.078276294447647388e+00 2.205113984948782016e-07 -3.340030261692695681e-06
1.078725411612879270e+00 1.080835372864593743e-07 -3.258259130793494934e-06
1.079174528778082731e+00 1.638369678294240316e-07 -3.178249371267231234e-06
1.079623645943286192e+00 2.403744421386402825e-07 -3.078327493290414903e-06
1.080072763108489653e+00 1.464832558923800248e-08 -2.989114922063378840e-06
1.080521880273693114e+00 4.398144598715805916e-08 -2.917394611386398058e-06
1.080970997438924996e+00 3.085581527464743850e-07 -2.808249336453691907e-06
1.081420114604128457e+00 3.460891457201013208e-07 -2.656796365890470454e-06
1.081869231769331918e+00 2.306521073128417565e-07 -2.502841590901618590e-06
1.082318348934535379e+00 5.851690705331712476e-08 -2.370840951267699074e-06
1.082767466099738840e+00 -1.333344703455835188e-07 -2.272419510359958812e-06
1.083216583264970723e+00 -2.030717612495444693e-07 -2.199617583602765605e-06
1.083665700430174184e+00 -3.193602022855587489e-07 -2.146621064461695725e-06
1.084114817595377644e+00 -2.709995574365211946e-07 -2.101963327903330153e-06
1.084563934760581105e+00 -2.337334568646368916e-07 -2.048761175682980517e-06
1.085013051925784566e+00 -3.821546523260458030e-07 -2.008960298625436774e-06
1.085462169091016449e+00 -2.631531782982472469e-07 -1.974550956338376622e-06
1.085911286256219910e+00 -3.142212172705837070e-07 -1.934802120012018287e-06
1.086360403421423371e+00 -2.232375781284790507e-07 -1.892365709894637995e-06
1.086809520586626832e+00 -1.981161963087639389e-07 -1.838097767111621024e-06
1.087258637751830292e+00 -1.177613726624211148e-07 -1.771963093383792524e-06
1.087707754917033753e+00 -3.248254054907234412e-07 -1.719684844490520062e-06
1.088156872082265636e+00 -2.291535283487797360e-07 -1.681050838688667066e-06
1.088605989247469097e+00 -1.076225434258524517e-07 -1.619410001762739905e-06
1.089055106412672558e+00 -2.176261651304058928e-07 -1.556160748018519469e-06
1.089504223577876019e+00 -7.172038022702881151e-10 -1.480127558305921873e-06
1.089953340743079480e+00 -2.413338204926044425e-07 -1.405181081357374414e-06
1.090402457908311362e+00 -2.097071112192910517e-07 -1.353070525655002244e-06
1.090851575073514823e+00 -1.672227153806798864e-07 -1.293498027596826957e-06
1.091300692238718284e+00 -1.585985409433210076e-07 -1.228375722862452108e-06
1.091749809403921745e+00 -1.786815939669504365e-07 -1.164440078454269416e-06
1.092198926569125206e+00 -2.557305642197970646e-07 -1.111850662374789275e-06
1.092648043734357088e+00 -2.655746569221364639e-07 -1.070715394299140607e-06
1.093097160899560549e+00 -8.547716503648732859e-08 -1.012449453957121149e-06
1.093546278064764010e+00 -9.914813012674057763e-08 -9.356615806383144629e-07
1.093995395229967471e+00 -6.458044072206160816e-08 -8.553224828461094851e-07
1.094444512395170932e+00 -2.519765734640767190e-07 -7.913452227058953225e-07
1.094893629560402815e+00 -1.885777877016043033e-07 -7.422730562593557281e-07
1.095342746725606276e+00 -2.785349452822434860e-07 -6.984686955829276619e-07
1.095791863890809736e+00 -2.364321512169698727e-07 -6.629899409658091782e-07
1.096240981056013197e+00 -1.974411117359633763e-07 -6.217576937864826641e-07
1.096690098221216658e+00 -2.456453890780096518e-07 -5.846039857088567109e-07
1.097139215386448541e+00 -3.079869313267094799e-07 -5.637088170633185782e-07
1.097588332551652002e+00 6.618934823589311192e-09 -5.186566673918370640e-07
1.098037449716855463e+00 -2.569528382973001531e-07 -4.701207695230748343e-07
1.098486566882058924e+00 -2.633251253237424120e-07 -4.549703329962808311e-07
1.098935684047262384e+00 -1.293469968306193931e-07 -4.306187794358310011e-07
1.099384801212465845e+00 -2.505044415100527370e-07 -4.092716456518713645e-07
1.099833918377697728e+00 -1.989987067286673055e-07 -4.007172109350689940e-07
1.100283035542901189e+00 -2.527962699754811583e-07 -3.983818315347544212e-07
1.100732152708104650e+00 -1.792448389373397977e-07 -4.001968432670603625e-07
1.101181269873308111e+00 -2.651759375787458770e-07 -4.101329830146475837e-07
1.101630387038511572e+00 -2.866848233307235335e-07 -4.398692015435559654e-07
1.102079504203743454e+00 -3.519429371651209469e-07 -4.888628403754077320e-07
1.102528621368946915e+00 -3.251648470853656095e-07 -5.532279459920061250e-07
1.102977738534150376e+00 -1.082523769056798107e-07 -6.014343633159242351e-07
1.103426855699353837e+00 -4.981671565178853143e-08 -6.275956049111515115e-07
1.103875972864557298e+00 4.282103186497560817e-09 -6.478233958366116034e-07
1.104325090029789180e+00 -3.217192494773160629e-08 -6.721457770606889849e-07
1.104774207194992641e+00 -9.474394680198508207e-08 -7.142128992973030276e-07
1.105223324360196102e+00 2.393303413929074881e-07 -7.325645805972109893e-07
1.105672441525399563e+00 2.850911455875759474e-07 -7.116783919929413248e-07
1.106121558690603024e+00 2.292856949629146853e-07 -6.922947185108441170e-07
1.106570675855834907e+00 6.335266222223147134e-08 -6.989762370591869411e-07
1.107019793021038367e+00 2.052074150171852818e-07 -7.113954157692480805e-07
1.107468910186241828e+00 1.642344316423416537e-07 -7.154001636333542975e-07
1.107918027351445289e+00 2.936256788465508878e-07 -7.112606499796713744e-07
1.108367144516648750e+00 1.790819811082010200e-07 -7.064051382856104332e-07
1.108816261681852211e+00 2.584121757038312255e-07 -7.063630466170255097e-07
1.109265378847084094e+00 1.931490020851109941e-07 -7.057323604214940154e-07
1.109714496012287555e+00 1.340623950584186214e-07 -7.203102566363782338e-07
1.110163613177491015e+00 -7.344106416092836822e-08 -7.680349001786014127e-07
1.110612730342694476e+00 1.724969712605916053e-07 -8.167918611201583713e-07
1.111061847507897937e+00 8.456623975808424838e-09 -8.612757702048540732e-07
1.111510964673129820e+00 1.211761792350990106e-07 -9.161210087187552907e-07
1.111960081838333281e+00 3.248591742506520111e-07 -9.393944792585001003e-07
1.112409199003536742e+00 3.882592878441360068e-07 -9.330556462016051179e-07
1.112858316168740203e+00 3.115731264162820585e-07 -9.262161267923749376e-07
1.113307433333943663e+00 3.785804332145554853e-07 -9.182543930369975598e-07
1.113756550499175546e+00 4.422542725110605231e-07 -8.926209883835159174e-07
1.114205667664379007e+00 2.657830080754064142e-07 -8.755690113670752375e-07
1.114654784829582468e+00 2.375769435026950113e-07 -8.786377242804610666e-07
1.115103901994785929e+00 2.404078169173024684e-07 -8.831009010969349261e-07
1.115553019159989390e+00 2.487552278053284952e-07 -8.847360115459010371e-07
1.116002136325221272e+00 8.025688098296359363e-08 -9.030035289650391016e-07
1.116451253490424733e+00 5.068962730338731909e-08 -9.439761700468011542e-07
1.116900370655628194e+00 1.946057041748342184e-07 -9.736548282114805462e-07
1.117349487820831655e+00 2.048623199073538336e-07 -9.859694013883193213e-07
1.117798604986035116e+00 2.793189065503227498e-07 -9.869333607562923420e-07
1.118247722151266998e+00 1.757538074513690756e-07 -9.884241668103463924e-07
1.118696839316470459e+00 1.890357040509010266e-07 -9.975288414874432055e-07
1.119145956481673920e+00 1.297767334601111248e-07 -1.009855355614723365e-06
1.119595073646877381e+00 2.392014001651126295e-07 -1.014505589243995077e-06
1.120044190812080842e+00 1.253823111993185461e-07 -1.016906427676383205e-06
1.120493307977284303e+00 -8.513716563917292112e-08 -1.053908074003880093e-06
1.120942425142516186e+00 4.194848396992693058e-08 -1.101213278361684159e-06
1.121391542307719646e+00 1.124699300927093689e-07 -1.127146754233720487e-06
1.121840659472923107e+00 2.321814322305916025e-07 -1.130092636593763700e-06
1.122289776638126568e+00 2.336877409406057136e-07 -1.115502272847803469e-06
1.122738893803330029e+00 2.446406276897097562e-07 -1.094116893975641995e-06
1.123188010968561912e+00 2.785770932441563870e-07 -1.061512360363607387e-06
1.123637128133765373e+00 2.388354445207239633e-07 -1.022477752066927176e-06
1.124086245298968834e+00 1.617936077541424470e-07 -9.893656969078250071e-07
1.124535362464172294e+00 3.218209612922351526e-07 -9.398134776629080579e-07
1.124984479629375755e+00 3.123268613285828607e-07 -8.644055173472427842e-07
1.125433596794607638e+00 3.129870560907164512e-09 -8.151010624076616852e-07
1.125882713959811099e+00 4.159401872519189748e-08 -7.894871302661267694e-07
1.126331831125014560e+00 -3.468755469447212930e-07 -7.995764424428659101e-07
1.126780948290218021e+00 3.467624001358449870e-08 -8.095567379612354613e-07
1.127230065455421482e+00 9.000589434921807344e-09 -7.773697597193960452e-07
1.127679182620653364e+00 -1.555515627109917944e-07 -7.619678739183933555e-07
1.128128299785856825e+00 8.746785833745316214e-08 -7.341816009456992171e-07
1.128577416951060286e+00 6.354565586395512823e-08 -6.765308199949977348e-07
1.129026534116263747e+00 -4.201545222123485893e-10 -6.216756684068793182e-07
1.129475651281467208e+00 4.997894851619317109e-08 -5.616210509311994014e-07
1.129924768446699090e+00 -2.179604288307995526e-07 -5.198177390037896875e-07
1.130373885611902551e+00 -3.355250659358246377e-07 -5.180678262022330681e-07
1.130823002777106012e+00 -1.434585236855306090e-07 -5.075439503222955988e-07
1.131272119942309473e+00 -1.684331151555133206e-07 -4.766993412142944309e-07
1.131721237107512934e+00 -2.286166131325099541e-07 -4.528114819745650486e-07
1.132170354272716395e+00 -3.418690604390955882e-07 -4.471134240532736254e-07
1.132619471437948278e+00 -3.546335282701373683e-07 -4.562601931805058934e-07
1.133068588603151738e+00 -3.843325806678299879e-07 -4.722841058820453249e-07
1.133517705768355199e+00 -4.069610443036596848e-07 -4.971493805924047342e-07
1.133966822933558660e+00 -3.114332767820372526e-07 -5.173166259737433212e-07
1.134415940098762121e+00 -3.944175597442577746e-07 -5.393018126938348365e-07
1.134865057263994004e+00 -5.077260156844981818e-07 -5.875638206254823100e-07
1.135314174429197465e+00 -4.472058403382964256e-07 -6.482629437195120753e-07
1.135763291594400926e+00 -3.870901714607902566e-07 -7.025017141593553998e-07
1.136212408759604386e+00 -1.800804292729669052e-07 -7.324334539202953483e-07
1.136661525924807847e+00 -5.349748910559059077e-07 -7.834984869973148117e-07
1.137110643090039730e+00 -4.204736123103074289e-07 -8.686424940119461513e-07
1.137559760255243191e+00 -6.077123572210554099e-08 -9.084212819092582828e-07
1.138008877420446652e+00 -1.919596172874912078e-07 -9.262347458180632129e-07
1.138457994585650113e+00 -2.743226191434306913e-07 -9.709416343502721937e-07
1.138907111750853574e+00 -5.825068781374570330e-08 -1.005077496336374167e-06
1.139356228916085456e+00 -1.953920953251695237e-07 -1.033740539528124130e-06
1.139805346081288917e+00 -7.234302220256659434e-08 -1.067050014329980174e-06
1.140254463246492378e+00 -6.371889204078276533e-08 -1.088506900860603555e-06
1.140703580411695839e+00 1.133992978663187763e-07 -1.090474135419690070e-06
1.141152697576899300e+00 -2.128127258192221255e-07 -1.109686240021924811e-06
1.141601814742131182e+00 -1.510779404458388279e-07 -1.161403949195443365e-06
1.142050931907334643e+00 -6.150269079276048113e-08 -1.200797456845041244e-06
1.142500049072538104e+00 -1.227751243165275955e-07 -1.240665890165787613e-06
1.142949166237741565e+00 -4.592374659333732166e-08 -1.282417272846354443e-06
1.143398283402945026e+00 -1.511696593665149450e-07 -1.331233800991174936e-06
1.143847400568148487e+00 -1.234572237964188177e-07 -1.393442334527699314e-06
1.144296517733380369e+00 -8.463582168836947866e-08 -1.453589940262408559e-06
1.144745634898583830e+00 -1.082214980091519726e-07 -1.517197205434271019e-06
1.145194752063787291e+00 2.099144180165401087e-07 -1.552001061379859825e-06
1.145643869228990752e+00 2.190427230990027585e-07 -1.550899371246970236e-06
1.146092986394194213e+00 6.561284085829306767e-08 -1.564674360309217406e-06
1.146542103559426096e+00 1.725763139379265376e-07 -1.583576673271129686e-06
1.146991220724629557e+00 1.240740746234903185e-07 -1.595940629349984420e-06
1.147440337889833017e+00 1.827883692597666321e-07 -1.606618116905175477e-06
1.147889455055036478e+00 -3.626164419793433790e-08 -1.635203102465668282e-06
1.148338572220239939e+00 1.197268593289346195e-07 -1.672304043288491813e-06
1.148787689385471822e+00 1.948240989478307774e-07 -1.684607067272905595e-06
1.149236806550675283e+00 1.462351796429356996e-07 -1.693097768203592512e-06
1.149685923715878744e+00 2.799797391647211763e-07 -1.690542339178130086e-06
1.150135040881082205e+00 2.560823707580219294e-07 -1.672891875227451182e-06
1.150584158046285665e+00 2.424297495823670444e-07 -1.655685000831037464e-06
1.151033275211517548e+00 2.674717595207603298e-07 -1.633390644381334071e-06
1.151482392376721009e+00 2.540294338456912605e-07 -1.605545868683738621e-06
1.151931509541924470e+00 3.336199993483757461e-07 -1.565353509890736136e-06
1.152380626707127931e+00 3.107883521840244687e-07 -1.512736350620907205e-06
1.152829743872331392e+00 4.030413032277960939e-08 -1.487206421851167767e-06
1.153278861037563274e+00 1.169756422837527416e-07 -1.480363146066856290e-06
1.153727978202766735e+00 -6.437665550616174354e-08 -1.484014494880515268e-06
1.154177095367970196e+00 1.001877907461284826e-07 -1.489166720768808872e-06
1.154626212533173657e+00 1.880373865284490878e-07 -1.464776380906800666e-06
1.155075329698377118e+00 1.164355682545093321e-07 -1.435136316160337463e-06
1.155524446863580579e+00 -1.002082624137507434e-07 -1.435175871824039253e-06
1.155973564028812461e+00 1.372697967059337345e-07 -1.432353725292772489e-06
1.156422681194015922e+00 -1.532643123472323774e-07 -1.434993910664008142e-06
1.156871798359219383e+00 -1.112150104411301699e-07 -1.466425959568355814e-06
1.157320915524422844e+00 -4.243568141004514699e-08 -1.488054303026416555e-06
1.157770032689626305e+00 -6.862248141966465924e-08 -1.506675751691801383e-06
1.158219149854858188e+00 -5.426612308237501341e-08 -1.528240424827548153e-06
1.158668267020061649e+00 -3.496178923212241225e-08 -1.547742661970529589e-06
1.159117384185265109e+00 8.664687509881905059e-08 -1.552457021043428874e-06
1.159566501350468570e+00 -3.741884188219176093e-08 -1.557393937474506837e-06
1.160015618515672031e+00 5.481523932691986181e-08 -1.565988018642754295e-06
1.160464735680903914e+00 -5.463639113806164810e-08 -1.576932523495974233e-06
1.160913852846107375e+00 -1.577185485379923205e-08 -1.596657567765169562e-06
1.161362970011310836e+00 1.076626802070815626e-07 -1.599041127162637806e-06
1.161812087176514297e+00 9.428937601130748506e-08 -1.588231421359890583e-06
1.162261204341717757e+00 9.568560934297564282e-08 -1.576985503372512101e-06
1.162710321506949640e+00 1.856098938921112877e-07 -1.553316328550680216e-06
1.163159438672153101e+00 8.206702407648973805e-10 -1.537561984766209761e-06
1.163608555837356562e+00 2.527695877831129992e-08 -1.538269689970133522e-06
1.164057673002560023e+00 1.352933740646561947e-07 -1.523051732497373623e-06
1.164506790167763484e+00 1.400065694582312877e-07 -1.492510295695731131e-06
1.164955907332995366e+00 -3.543943714758346806e-08 -1.478216033823774396e-06
1.165405024498198827e+00 6.083296856715807038e-08 -1.471407920746643810e-06
1.165854141663402288e+00 9.165478772733867260e-08 -1.449013833796487643e-06
1.166303258828605749e+00 1.031172448002923436e-08 -1.430028725743096692e-06
1.166752375993809210e+00 1.535206185753505103e-08 -1.417910812218314751e-06
1.167201493159012671e+00 2.035463722209042350e-08 -1.403460019256684770e-06
1.167650610324244553e+00 1.374132063014121683e-07 -1.373486809583318309e-06
1.168099727489448014e+00 5.263435062533534699e-08 -1.336824735206204559e-06
1.168548844654651475e+00 1.293404582470949286e-07 -1.297571676948130389e-06
1.168997961819854936e+00 2.120849128962855123e-07 -1.236159129292069867e-06
1.169447078985058397e+00 -1.562460790978271739e-07 -1.202044730875947623e-06
1.169896196150290280e+00 -2.180825775490889051e-07 -1.215180649803607928e-06
1.170345313315493740e+00 -8.180205765106224174e-08 -1.222193007949548355e-06
1.170794430480697201e+00 7.588839890694992594e-08 -1.196916219899277512e-06
1.171243547645900662e+00 -1.247903114702990141e-07 -1.175001970737140506e-06
1.171692664811104123e+00 -2.080355002857079820e-07 -1.184883282001996457e-06
1.172141781976336006e+00 -2.221957210211848568e-07 -1.208399512594360132e-06
1.172590899141539467e+00 -2.339702726276950666e-07 -1.238682097705489780e-06
1.173040016306742928e+00 -2.668638853924503621e-08 -1.250662331722462130e-06
1.173489133471946388e+00 -2.328567794003911086e-08 -1.240503682899204499e-06
1.173938250637149849e+00 -2.286283000307044453e-08 -1.229796348903803585e-06
1.174387367802381732e+00 -3.323521100726812096e-07 -1.254826538950224809e-06
1.174836484967585193e+00 -1.320175884773152674e-07 -1.296234216372547961e-06
1.175285602132788654e+00 -1.090588779906324557e-07 -1.317069336468500700e-06
1.175734719297992115e+00 -4.825696223264335058e-08 -1.331153624003721197e-06
1.176183836463195576e+00 -7.317307796314200440e-08 -1.343218274098622500e-06
1.176632953628427458e+00 -2.466619043511063116e-07 -1.380162547622176107e-06
1.177082070793630919e+00 -8.731495389942986233e-08 -1.423181150352678055e-06
1.177531187958834380e+00 -6.947668200244039976e-08 -1.450543751594955643e-06
1.177980305124037841e+00 -6.130295008588616998e-08 -1.477928624901872757e-06
1.178429422289241302e+00 -1.101767601041867440e-07 -1.512941330290895626e-06
1.178878539454444763e+00 3.276471992237796456e-09 -1.544034454427046907e-06
1.179327656619676645e+00 -8.018834770241402713e-08 -1.574633302604140134e-06
1.179776773784880106e+00 -1.511172168306686994e-07 -1.625931251883979188e-06
1.180225890950083567e+00 1.898167182937490618e-08 -1.670551801277050404e-06
1.180675008115287028e+00 9.972241296397224818e-08 -1.689942289852783555e-06
1.181124125280490489e+00 7.764687148143554329e-08 -1.703504375363246442e-06
1.181573242445722371e+00 4.184543901829675155e-08 -1.724029440810088328e-06
1.182022359610925832e+00 2.454247364962445862e-07 -1.725978894864447904e-06
1.182471476776129293e+00 1.566781784802268968e-07 -1.713402152360614696e-06
1.182920593941332754e+00 2.133800523078436151e-07 -1.701758621449186747e-06
1.183369711106536215e+00 2.463897655984693480e-07 -1.677037105668751591e-06
1.183818828271768098e+00 3.741234022931238215e-07 -1.629619950442571520e-06
1.184267945436971559e+00 2.291006490112793870e-07 -1.577828506423446403e-06
1.184717062602175019e+00 -4.630920459371959182e-08 -1.568166720681864546e-06
1.185166179767378480e+00 -8.249659064521934954e-08 -1.592704229296717973e-06
1.185615296932581941e+00 -5.015259516927224781e-08 -1.619421790519127395e-06
1.186064414097813824e+00 -8.734773384818630831e-08 -1.648592467005146013e-06
1.186513531263017285e+00 3.303205860030179162e-08 -1.670172484799180711e-06
1.186962648428220746e+00 -1.202915617815071916e-07 -1.696733473621405154e-06
1.187411765593424207e+00 -1.650354945786091464e-07 -1.747905887784916522e-06
1.187860882758627667e+00 -1.975072575597703214e-08 -1.791569251995556235e-06
1.188309999923859550e+00 -1.548742312633744181e-07 -1.837230611970804512e-06
1.188759117089063011e+00 9.334114087407438820e-08 -1.872999163861817839e-06
1.189208234254266472e+00 -1.723928238371744569e-07 -1.912814096054180485e-06
1.189657351419469933e+00 7.422458770454168199e-09 -1.964919793161881693e-06
1.190106468584673394e+00 -7.174269089415080571e-08 -2.008830431781598061e-06
1.190555585749876855e+00 -6.966838132191234828e-08 -2.064114325200355100e-06
1.191004702915108737e+00 1.137196657070727346e-07 -2.101352320357284166e-06
1.191453820080312198e+00 2.547758360770546982e-08 -2.128900324822620156e-06
1.191902937245515659e+00 1.847156128842982013e-08 -2.167693150163299424e-06
1.192352054410719120e+00 6.306079478844078500e-08 -2.203422646028269443e-06
1.192801171575922581e+00 3.858376131167963303e-08 -2.237660344158115129e-06
1.193250288741154463e+00 -2.693472012483358435e-08 -2.282913839951254953e-06
1.193699405906357924e+00 1.426362032518514853e-07 -2.317730203191884128e-06
1.194148523071561385e+00 1.471999914743426211e-07 -2.332715607251065322e-06
