8.817388754536068518e-01 0.000000000000000000e+00 0.000000000000000000e+00
8.821135711908709709e-01 -8.667607333157208100e-08 -8.319482518347567301e-09
8.824882669282487768e-01 -4.263387467012594988e-08 -2.147083433364163332e-08
8.828629626655128959e-01 -4.314858897664390967e-08 -3.159215940002857788e-08
8.832376584027770150e-01 -7.001190938967314579e-08 -4.518536610297872687e-08
8.836123541400411341e-01 -7.784447044693151133e-08 -6.323409281768715845e-08
8.839870498773052532e-01 -1.283970181599832096e-07 -8.837138194004113204e-08
8.843617456145693723e-01 6.309549112420612332e-08 -1.020465458697548619e-07
8.847364413518334914e-01 -6.383097089895455284e-08 -1.105029687502891553e-07
8.851111370890976104e-01 -6.460336324687182164e-08 -1.316911566269860641e-07
8.854858328263617295e-01 3.841348605980673059e-08 -1.446458423298602983e-07
8.858605285636258486e-01 9.032702047687101796e-08 -1.435188981982523793e-07
8.862352243010036545e-01 6.667335045903219777e-08 -1.391781319372678727e-07
8.866099200382677736e-01 9.092742527163263741e-08 -1.339906164237585218e-07
8.869846157755318927e-01 1.270238501372384998e-08 -1.331264119391753939e-07
8.873593115127960118e-01 3.490869143648131465e-08 -1.371773365730437153e-07
8.877340072500601309e-01 1.143302142333602379e-07 -1.314499092628795504e-07
8.881087029873242500e-01 1.611349166670126971e-07 -1.127028489458558358e-07
8.884833987245883691e-01 1.851560566146651929e-07 -8.511093905836871350e-08
8.888580944618524882e-01 9.372938319014451503e-08 -6.120526989989531481e-08
8.892327901991166073e-01 -4.885656961245513025e-08 -5.737944252648338268e-08
8.896074859364944132e-01 5.783052834907308741e-09 -6.146597546141252049e-08
8.899821816737585323e-01 1.371193985526008401e-07 -4.789350673375467836e-08
8.903568774110226514e-01 1.357519289900759411e-07 -2.046466907698286270e-08
8.907315731482867704e-01 -8.966423262247116810e-08 -1.223197620220480920e-08
8.911062688855508895e-01 -6.173958969704633543e-08 -2.216937752750397813e-08
8.914809646228150086e-01 1.208030227549774333e-07 -1.276601083281164111e-08
8.918556603600791277e-01 5.657289699258170861e-08 8.868194849869130571e-09
8.922303560973432468e-01 -9.498324873788151283e-08 1.171979469525341344e-08
8.926050518346073659e-01 -1.333157645295074450e-07 -3.460203122473156652e-09
8.929797475718714850e-01 -1.567476241928886268e-07 -2.599454706948464055e-08
8.933544433092492909e-01 1.856946637838510041e-07 -1.995942978176680346e-08
8.937291390465134100e-01 9.354420205320895400e-08 1.063967193876238590e-08
8.941038347837775291e-01 -9.437277795251123954e-08 1.705956696750473193e-08
8.944785305210416482e-01 -1.725485941776760150e-07 -1.593198594294287020e-09
8.948532262583057673e-01 6.378640941756252773e-09 -1.236129370356052281e-08
8.952279219955698863e-01 -1.782891065519201866e-07 -2.472481340352005200e-08
8.956026177328340054e-01 -2.089490533197466600e-07 -5.892068554667627929e-08
8.959773134700981245e-01 -1.278882374094533704e-07 -9.135741996697175376e-08
8.963520092073622436e-01 -3.378108788916125037e-08 -1.098185324169527444e-07
8.967267049446263627e-01 -8.050544445865170584e-09 -1.182897812399888610e-07
8.971014006820041686e-01 -6.036468692020347553e-08 -1.298885263270853795e-07
8.974760964192682877e-01 3.445209384637982820e-08 -1.382381701385245140e-07
8.978507921565324068e-01 -4.083811597745177323e-08 -1.452235556030438141e-07
8.982254878937965259e-01 -1.264354561992480036e-07 -1.680167858375205051e-07
8.986001836310606450e-01 -1.396586849811540618e-07 -2.020462182865965936e-07
8.989748793683247641e-01 -1.059996157473346573e-07 -2.368039921435030033e-07
8.993495751055888832e-01 -1.624174623723595742e-07 -2.764108372701126033e-07
8.997242708428530023e-01 -6.420712348805912357e-08 -3.150087616543970270e-07
9.000989665801171213e-01 -4.009318390974254431e-08 -3.446713659355846339e-07
9.004736623174949273e-01 -4.480769050416273901e-08 -3.743776477354325273e-07
9.008483580547590464e-01 -5.459983717042599711e-08 -4.073023955291438182e-07
9.012230537920231654e-01 -1.048436306636498544e-07 -4.480181438903951029e-07
9.015977495292872845e-01 -2.853305938734107263e-07 -5.135096344201180116e-07
9.019724452665514036e-01 7.639782027825787611e-09 -5.729249064800577028e-07
9.023471410038155227e-01 1.275552604377722464e-07 -5.967139073136294987e-07
9.027218367410796418e-01 1.751411238051576923e-07 -6.050996899077993775e-07
9.030965324783437609e-01 1.858605119288216268e-07 -6.071224625786508063e-07
9.034712282156078800e-01 1.838045312483893312e-07 -6.069515662315120327e-07
9.038459239528719991e-01 2.026678068314647296e-07 -6.035999085540526307e-07
9.042206196902498050e-01 1.610685927879639137e-07 -6.005787239861020145e-07
9.045953154275139241e-01 9.597503980924894490e-08 -6.059858561182080448e-07
9.049700111647780432e-01 2.461554968437837774e-07 -6.021753942305695983e-07
9.053447069020421623e-01 3.295318218308448786e-07 -5.740708253603201723e-07
9.057194026393062813e-01 1.947794744540430899e-07 -5.468807224669322683e-07
9.060940983765704004e-01 1.209213400064161857e-07 -5.358634998588025452e-07
9.064687941138345195e-01 1.413678440792647168e-08 -5.398597704941569875e-07
9.068434898510986386e-01 2.195226673911996780e-09 -5.543106561033214387e-07
9.072181855883627577e-01 9.318846116968884178e-08 -5.611751282365117244e-07
9.075928813256268768e-01 1.402156933206626007e-07 -5.541056244353613672e-07
9.079675770630046827e-01 8.284801276572893369e-08 -5.461103389176140518e-07
9.083422728002688018e-01 4.953191429943331568e-08 -5.448622859172941718e-07
9.087169685375329209e-01 2.086810005471084151e-08 -5.482541399627691816e-07
9.090916642747970400e-01 9.813114343290106562e-08 -5.461168160788630688e-07
9.094663600120611591e-01 -5.378276069203593226e-08 -5.498099374602208011e-07
9.098410557493252782e-01 -1.620040796496286049e-07 -5.776915216824476083e-07
9.102157514865893972e-01 -1.244268597144476190e-07 -6.137463126880721954e-07
9.105904472238535163e-01 -3.004182161666606938e-07 -6.651660854653998236e-07
9.109651429611176354e-01 -2.335706848812952044e-07 -7.304455235762474113e-07
9.113398386984954413e-01 -1.995247863524212392e-07 -7.905536405286492143e-07
9.117145344357595604e-01 -1.378738681537445319e-07 -8.453881777882117827e-07
9.120892301730236795e-01 -4.485587221907607904e-08 -8.886890283403945565e-07
9.124639259102877986e-01 2.022574324740349360e-08 -9.189820117383878196e-07
9.128386216475519177e-01 -3.660233132488570939e-08 -9.494022892523339834e-07
9.132133173848160368e-01 1.229963332739502697e-07 -9.708313312530563102e-07
9.135880131220801559e-01 -6.026600283689210083e-09 -9.893419671262092643e-07
9.139627088593442750e-01 -6.803111794092694295e-08 -1.025911814351939088e-06
9.143374045966083941e-01 -1.220633580620379909e-07 -1.074924652159751824e-06
9.147121003338725131e-01 -1.592421557919537801e-07 -1.135035164676757313e-06
9.150867960712503191e-01 3.408373637594607551e-08 -1.183387419209033297e-06
9.154614918085144382e-01 -1.595059007310861808e-08 -1.220040740553637618e-06
9.158361875457785573e-01 -2.044201460037731557e-10 -1.260900140737033172e-06
9.162108832830426763e-01 -4.934662314369938503e-08 -1.306184976859829509e-06
9.165855790203067954e-01 -7.393399391770795685e-09 -1.353694832041659144e-06
9.169602747575709145e-01 5.939270296005026922e-08 -1.392411638361656041e-06
9.173349704948350336e-01 -2.183447972889642234e-07 -1.452145201165511931e-06
9.177096662320991527e-01 8.113415049915014185e-08 -1.512359677619512556e-06
9.180843619693632718e-01 2.670743258594509077e-08 -1.551541381513943556e-06
9.184590577066273909e-01 -1.174775707737297301e-08 -1.600133186848847966e-06
9.188337534440051968e-01 1.683574780994525374e-08 -1.650935749167324288e-06
9.192084491812693159e-01 1.277457745153047608e-07 -1.689718571047693272e-06
9.195831449185334350e-01 3.476055298539269563e-07 -1.696959000619764209e-06
9.199578406557975541e-01 -2.986255004698497345e-08 -1.716666766048597827e-06
9.203325363930616732e-01 8.858930353316762894e-08 -1.759705632896852417e-06
9.207072321303257922e-01 9.297188077925291597e-08 -1.791492897904753038e-06
9.210819278675899113e-01 1.281001836656857784e-07 -1.818963458820154131e-06
9.214566236048540304e-01 2.407007473020343081e-07 -1.831314724822938237e-06
9.218313193421181495e-01 1.515623011809589252e-07 -1.839112024862406693e-06
9.222060150794959554e-01 1.021370556117892373e-07 -1.857526106952228133e-06
9.225807108167600745e-01 1.256494248872336522e-07 -1.876727619106979721e-06
9.229554065540241936e-01 2.455585146080385176e-07 -1.880549010545225735e-06
9.233301022912883127e-01 2.195383023221201453e-07 -1.872393654869862940e-06
9.237047980285524318e-01 6.133095225264918214e-08 -1.877950090145066952e-06
9.240794937658165509e-01 1.308699155901868184e-07 -1.889358558604817400e-06
9.244541895030806700e-01 2.670273692041004382e-07 -1.878947091779063803e-06
9.248288852403447891e-01 2.478768234143407079e-07 -1.853337903215439086e-06
9.252035809776089081e-01 2.180662615125720180e-07 -1.827217816184109061e-06
9.255782767148730272e-01 1.328759675186057861e-07 -1.807030603212593377e-06
9.259529724522508332e-01 4.719252111660415096e-08 -1.798822503867317517e-06
9.263276681895149522e-01 1.383513775859088729e-07 -1.786876164263935392e-06
9.267023639267790713e-01 4.596360223682947836e-08 -1.771618748079429604e-06
9.270770596640431904e-01 -1.472364798975360686e-07 -1.780176858232880096e-06
9.274517554013073095e-01 -1.270055791584400281e-07 -1.803995725289671991e-06
9.278264511385714286e-01 -2.833592030989501820e-08 -1.816494855960058236e-06
9.282011468758355477e-01 -3.141895064620725442e-08 -1.818943057182949884e-06
9.285758426130996668e-01 -1.867840235030642668e-07 -1.834894947871959208e-06
9.289505383503637859e-01 -2.961260109328132682e-08 -1.850259636208394883e-06
9.293252340876279050e-01 -3.822978042218014835e-08 -1.850954833037232282e-06
9.296999298250057109e-01 -6.745881621891904309e-08 -1.853623250544141782e-06
9.300746255622698300e-01 -1.477930564105205761e-07 -1.865416282718036761e-06
9.304493212995339491e-01 -2.705710240022845825e-07 -1.896211414206129760e-06
9.308240170367980681e-01 -3.353702199374174161e-07 -1.946270122565411158e-06
9.311987127740621872e-01 -1.806055673756976657e-07 -1.990678532538177951e-06
9.315734085113263063e-01 -2.868185130324319147e-07 -2.032870007024314706e-06
9.319481042485904254e-01 -2.590657246171257622e-07 -2.084810069020116110e-06
9.323227999858545445e-01 -2.460644602198020852e-07 -2.135897178223342142e-06
9.326974957231186636e-01 -2.900011168250209973e-07 -2.192883051712945338e-06
9.330721914604964695e-01 -2.091406834278944111e-07 -2.249724466887106346e-06
9.334468871977605886e-01 -9.499470764427321180e-08 -2.291162961659179652e-06
9.338215829350247077e-01 1.169633400922450799e-08 -2.313274905579527097e-06
9.341962786722888268e-01 1.485706224373756724e-10 -2.326368772825488331e-06
9.345709744095529459e-01 -1.869103267876698563e-08 -2.341702492214153327e-06
9.349456701468170650e-01 1.583914993886002227e-08 -2.355086777211462102e-06
9.353203658840811840e-01 5.614445758733468358e-08 -2.360700600253020774e-06
9.356950616213453031e-01 8.825533145455251665e-08 -2.358119989513322621e-06
9.360697573586094222e-01 1.129926519632199299e-07 -2.348165825415070534e-06
9.364444530958735413e-01 -1.342302297102163096e-08 -2.345475641629056932e-06
9.368191488332513472e-01 -1.374340976857894719e-07 -2.365070144854240914e-06
9.371938445705154663e-01 -1.873827080268334519e-07 -2.401671362419279935e-06
9.375685403077795854e-01 -2.316784402229762350e-07 -2.449163523116002555e-06
9.379432360450437045e-01 -1.661858316418072658e-07 -2.497413119617328470e-06
9.383179317823078236e-01 -1.707864214447312840e-07 -2.542625754576710906e-06
9.386926275195719427e-01 -1.808978648159068349e-07 -2.591731741807826700e-06
9.390673232568360618e-01 -1.867051590671502022e-07 -2.645141878158871158e-06
9.394420189941001809e-01 -1.886708780249831739e-07 -2.702393589803329531e-06
9.398167147313643000e-01 -1.872262791210816572e-07 -2.763055619309519296e-06
9.401914104687421059e-01 -1.827732281410210312e-07 -2.826726100891871267e-06
9.405661062060062250e-01 -1.756859618868826643e-07 -2.893030797748300979e-06
9.409408019432703441e-01 -1.663127064697146107e-07 -2.961621483767756857e-06
9.413154976805344631e-01 -1.549771670593469621e-07 -3.032174453780415850e-06
9.416901934177985822e-01 -1.419799032127370333e-07 -3.104389148229317124e-06
9.420648891550627013e-01 -1.275996023614201606e-07 -3.177986879682922271e-06
9.424395848923268204e-01 -1.120942626485160144e-07 -3.252709649998117749e-06
9.428142806295909395e-01 -9.570229505278515139e-08 -3.328319048196136437e-06
9.431889763668550586e-01 -7.864355360899750421e-08 -3.404595220242215429e-06
9.435636721041191777e-01 -6.112030151864911367e-08 -3.481335902934851657e-06
9.439383678414969836e-01 -4.331812003321806765e-08 -3.558355515022574048e-06
9.443130635787611027e-01 -2.540676617344501290e-08 -3.635484299484638448e-06
9.446877593160252218e-01 -7.540984614794723687e-09 -3.712567511645576988e-06
9.450624550532893409e-01 1.013872158724651237e-08 -3.789464648449909569e-06
9.454371507905534600e-01 2.750535734476274008e-08 -3.866048714809717142e-06
9.458118465278175790e-01 4.444473539343860847e-08 -3.942205523460680838e-06
9.461865422650816981e-01 6.085480655808041144e-08 -4.017833025227614416e-06
9.465612380023458172e-01 7.664501774197489945e-08 -4.092840667013796729e-06
9.469359337396099363e-01 9.173569532051667208e-08 -4.167148775194629423e-06
9.473106294768740554e-01 1.060574519432889404e-07 -4.240687962419693036e-06
9.476853252142518613e-01 1.195506150336870985e-07 -4.313398556112382976e-06
9.480600209515159804e-01 1.321646755257222003e-07 -4.385230047206705902e-06
9.484347166887800995e-01 1.438577555966382040e-07 -4.456140557879909730e-06
9.488094124260442186e-01 1.545960943450258350e-07 -4.526096327230589130e-06
9.491841081633083377e-01 1.643535505297499158e-07 -4.595071214017604132e-06
9.495588039005724568e-01 1.731111216280145359e-07 -4.663046215718157424e-06
9.499334996378365759e-01 1.808564785936212583e-07 -4.730009003286055068e-06
9.503081953751006949e-01 1.875835158010609305e-07 -4.795953471095786508e-06
9.506828911123648140e-01 1.932919157493850740e-07 -4.860879301646398476e-06
9.510575868497426200e-01 1.979867281739083353e-07 -4.924791544673209589e-06
9.514322825870067390e-01 2.016779632750395778e-07 -4.987700210376632600e-06
9.518069783242708581e-01 2.043801988235054537e-07 -5.049619876527389397e-06
9.521816740615349772e-01 2.061122009413164995e-07 -5.110569309247492211e-06
9.525563697987990963e-01 2.068965583892352646e-07 -5.170571097297698801e-06
9.529310655360632154e-01 2.067593302152092456e-07 -5.229651299725963703e-06
9.533057612733273345e-01 2.057297066354740234e-07 -5.287839106748520250e-06
9.536804570105914536e-01 2.038396830313899217e-07 -5.345166513746723972e-06
9.540551527478555727e-01 2.011237469517509952e-07 -5.401668008269372870e-06
9.544298484851196918e-01 1.976185780127000634e-07 -5.457380269932613707e-06
9.548045442224974977e-01 1.933627605862945657e-07 -5.512341883108499131e-06
9.551792399597616168e-01 1.883965091647897918e-07 -5.566593062289286126e-06
9.555539356970257359e-01 1.827614062814064952e-07 -5.620175390008190680e-06
9.559286314342898550e-01 1.765001528600230919e-07 -5.673131567189099045e-06
9.563033271715539740e-01 1.696563308565863936e-07 -5.725505175787950171e-06
9.566780229088180931e-01 1.622741780440275268e-07 -5.777340453577682226e-06
9.570527186460822122e-01 1.543983747810268302e-07 -5.828682080916973298e-06
9.574274143833463313e-01 1.460738425926341165e-07 -5.879574979330868409e-06
9.578021101206104504e-01 1.373455543784769670e-07 -5.930064121719002180e-06
9.581768058578745695e-01 1.282583560518722485e-07 -5.980194353994686134e-06
9.585515015952523754e-01 1.188567994007673679e-07 -6.030010227945872174e-06
9.589261973325164945e-01 1.091849859496810384e-07 -6.079555845097077613e-06
9.593008930697806136e-01 1.023691392257285064e-07 -6.128578820969019990e-06
9.596755888070447327e-01 2.383728032296664521e-08 -6.183665635088333404e-06
9.600502845443088518e-01 -1.286123036150909653e-08 -6.248251438944423298e-06
9.604249802815729709e-01 2.542538022820274594e-08 -6.311983089899845286e-06
9.607996760188370899e-01 6.045285501986193878e-08 -6.367892844632979602e-06
9.611743717561012090e-01 -9.502814101210847257e-08 -6.433880232931078738e-06
9.615490674933653281e-01 -5.823659506957799338e-08 -6.510690259175312641e-06
9.619237632307431340e-01 -6.407251957210353216e-08 -6.584916224786849383e-06
9.622984589680072531e-01 -5.904980257451224522e-08 -6.659345693131490402e-06
9.626731547052713722e-01 -2.270899868555058371e-08 -6.729923894390750061e-06
9.630478504425354913e-01 -1.059018869679840055e-08 -6.795603179282224166e-06
9.634225461797996104e-01 -1.731674306191157069e-07 -6.875027721121455531e-06
9.637972419170637295e-01 -3.952803381627957869e-08 -6.957756581680626178e-06
9.641719376543278486e-01 4.793299022549924858e-08 -7.020051230231175025e-06
9.645466333915919677e-01 2.104776326966500716e-08 -7.075462059996068362e-06
9.649213291288560868e-01 -8.365307726305282108e-08 -7.141834275346397397e-06
9.652960248661202058e-01 -1.702884732819148701e-07 -7.225910329694763759e-06
9.656707206034980118e-01 -1.242841546902300815e-07 -7.314806233873136695e-06
9.660454163407621309e-01 -1.549212372229908739e-07 -7.403538810643130409e-06
9.664201120780262499e-01 -1.834036778791836034e-07 -7.499194272912933485e-06
9.667948078152903690e-01 -2.041654457734711286e-07 -7.601392183513954068e-06
9.671695035525544881e-01 -1.743676352247891930e-07 -7.705054763001972367e-06
9.675441992898186072e-01 -4.585659408448695844e-08 -7.795902165247581265e-06
9.679188950270827263e-01 9.913080529012802477e-08 -7.861652339669993378e-06
9.682935907643468454e-01 -4.190498991179298044e-08 -7.925892548973689222e-06
9.686682865016109645e-01 -8.028186722237957779e-08 -8.006100875296521871e-06
9.690429822388750836e-01 -4.349557262167027313e-08 -8.086648179903026238e-06
9.694176779762528895e-01 -9.912484477983909984e-09 -8.160638341734810730e-06
9.697923737135170086e-01 -4.697091460807651219e-08 -8.234557615252674153e-06
9.701670694507811277e-01 -1.901661594874514251e-07 -8.325367323457533416e-06
9.705417651880452468e-01 -1.612258311769828356e-07 -8.428236391584019498e-06
9.709164609253093658e-01 -1.102414637066441180e-07 -8.525559290225854218e-06
9.712911566625734849e-01 -1.056642086645668030e-07 -8.619111221183318398e-06
9.716658523998376040e-01 -1.270412411150237720e-07 -8.715446491795074890e-06
9.720405481371017231e-01 -1.153498900307752698e-07 -8.814084018155648518e-06
9.724152438743658422e-01 -1.135040708154577139e-07 -8.912947426723752934e-06
9.727899396117436481e-01 -5.918239277001701192e-08 -9.007907706220802407e-06
9.731646353490077672e-01 -4.650093616008747679e-09 -9.093503551718510220e-06
9.735393310862718863e-01 1.712724435089597167e-08 -9.171979612219475310e-06
9.739140268235360054e-01 3.231788964579697686e-08 -9.246457747470076651e-06
9.742887225608001245e-01 7.440337594156431731e-08 -9.314632080922080116e-06
9.746634182980642436e-01 2.500526412680586413e-08 -9.382152902949930694e-06
9.750381140353283627e-01 -1.726200109767295367e-08 -9.457088488563481266e-06
9.754128097725924817e-01 -8.652696353041126655e-08 -9.542039197202854296e-06
9.757875055098566008e-01 -1.022980557014746713e-07 -9.635369850988256851e-06
9.761622012471207199e-01 -3.943543498062172427e-08 -9.725136940426474340e-06
9.765368969844985259e-01 5.953572019930174510e-08 -9.799983071736608948e-06
9.769115927217626449e-01 8.591906707255411071e-08 -9.862065333486911295e-06
9.772862884590267640e-01 -5.915232219550912497e-09 -9.928584457045933702e-06
9.776609841962908831e-01 5.475668144424739271e-08 -9.996699728344262361e-06
9.780356799335550022e-01 4.402334364210066774e-08 -1.005881554359055168e-05
9.784103756708191213e-01 -5.597676689735424532e-08 -1.012986487247442298e-05
9.787850714080832404e-01 -9.690829125458719393e-08 -1.021360202654826947e-05
9.791597671453473595e-01 5.085369274805740318e-09 -1.029180719781524045e-05
9.795344628826114786e-01 -4.050506968271967599e-08 -1.036444404868327685e-05
9.799091586198755977e-01 1.705221321505157155e-08 -1.043530513939413202e-05
9.802838543572534036e-01 6.437714386292026508e-08 -1.049535131562440561e-05
9.806585500945175227e-01 4.911850627682990119e-08 -1.055065233073159943e-05
9.810332458317816418e-01 9.192598846482719183e-09 -1.060923155561787688e-05
9.814079415690457608e-01 6.539315601696792819e-08 -1.066460556358697974e-05
9.817826373063098799e-01 1.206680106145700378e-07 -1.070742846143349365e-05
9.821573330435739990e-01 7.803932433750093850e-08 -1.074615610845470184e-05
9.825320287808381181e-01 -2.802800365508645923e-09 -1.079360833054700946e-05
9.829067245181022372e-01 -4.105387658123628983e-08 -1.085027157099381116e-05
9.832814202553663563e-01 -5.226615370440739763e-09 -1.090587619849471839e-05
9.836561159927441622e-01 -4.863093241649137294e-08 -1.096090909192485876e-05
9.840308117300082813e-01 -3.187006779626482155e-08 -1.101723808064058838e-05
9.844055074672724004e-01 -4.775707578442753395e-08 -1.107242667394988959e-05
9.847802032045365195e-01 -1.459710885562056230e-08 -1.112488484512436728e-05
9.851548989418006386e-01 4.512616222828159496e-08 -1.116719985341089461e-05
9.855295946790647577e-01 3.208275918644309159e-08 -1.120299797301105239e-05
9.859042904163288767e-01 -1.563921914394927787e-07 -1.125564123437782470e-05
9.862789861535929958e-01 -5.793012942607934520e-08 -1.131605952852437576e-05
9.866536818908571149e-01 -6.067857216990643763e-08 -1.136720859921640987e-05
9.870283776281212340e-01 -3.390840417862221332e-08 -1.141521493094427502e-05
9.874030733654990399e-01 -3.602001899074113120e-09 -1.145671730080248876e-05
9.877777691027631590e-01 -5.426760684253223116e-08 -1.149866724574686727e-05
9.881524648400272781e-01 -2.723626407447386107e-08 -1.154153125781831910e-05
9.885271605772913972e-01 1.415491266432778347e-08 -1.157666447802049624e-05
9.889018563145555163e-01 -1.439098568096958838e-08 -1.160881989039794759e-05
9.892765520518196354e-01 -6.851457015827974329e-08 -1.164702451386178649e-05
9.896512477890837545e-01 -8.103106413984901742e-08 -1.169040778225143705e-05
9.900259435263478736e-01 -1.855655306826511007e-08 -1.172835170564495445e-05
9.904006392636119926e-01 2.516360109786012323e-08 -1.175507245492745760e-05
9.907753350008761117e-01 1.091213281772180003e-08 -1.177704556080735216e-05
9.911500307382539177e-01 -6.314391213533996778e-08 -1.180528902413389332e-05
9.915247264755180368e-01 -1.030545801043741828e-07 -1.184296926397755050e-05
9.918994222127821558e-01 -7.193734124391734851e-08 -1.188095865187830316e-05
9.922741179500462749e-01 -1.330498760108615932e-08 -1.190992773392713496e-05
9.926488136873103940e-01 -9.238848893261313604e-08 -1.193974956823234668e-05
9.930235094245745131e-01 -1.228286755397126451e-07 -1.197916708339973828e-05
9.933982051618386322e-01 -1.368781787969308429e-07 -1.202290394749560463e-05
9.937729008991027513e-01 -3.707048147580269072e-08 -1.205892756942680404e-05
9.941475966363668704e-01 4.576968460749626899e-08 -1.207732250341541161e-05
9.945222923737446763e-01 -3.603872870473622494e-08 -1.209403952577428200e-05
9.948969881110087954e-01 -4.677731807362973989e-08 -1.211803944961488844e-05
9.952716838482729145e-01 -6.966266200574863853e-08 -1.214444412916010069e-05
9.956463795855370336e-01 -4.459452546571545728e-08 -1.217013927836861024e-05
9.960210753228011527e-01 -3.777613741234188649e-08 -1.219231018069371597e-05
9.963957710600652717e-01 -9.585986656339686077e-08 -1.221872257138274140e-05
9.967704667973293908e-01 -1.841649533988627558e-07 -1.225898739274113590e-05
9.971451625345935099e-01 -7.837618344838538935e-08 -1.229869655954557095e-05
9.975198582718576290e-01 -3.999236276396823243e-08 -1.232569057122434450e-05
9.978945540091217481e-01 -9.998950720561297873e-09 -1.234616073838015785e-05
9.982692497464995540e-01 4.945299087344393877e-09 -1.236185180506412860e-05
9.986439454837636731e-01 1.535664835316896470e-08 -1.237430661269463912e-05
9.990186412210277922e-01 2.271789787648202191e-08 -1.238406260593610304e-05
9.993933369582919113e-01 -3.355212006388495880e-08 -1.239738289305670608e-05
9.997680326955560304e-01 1.649070026919520899e-08 -1.241059453190597033e-05
1.000142728432820149e+00 -9.898622197565606966e-08 -1.242946566631931102e-05
1.000517424170084269e+00 -9.110050056982520490e-08 -1.245863792582022760e-05
1.000892119907348388e+00 -1.594016205267425375e-08 -1.248080337159508941e-05
1.001266815644612507e+00 -4.838022276573347931e-08 -1.249925356388627950e-05
1.001641511381876626e+00 -9.324139717977928057e-08 -1.252523583934281545e-05
1.002016207119254432e+00 -5.421881601928462234e-08 -1.255262393505406188e-05
1.002390902856518551e+00 -1.049123318085695547e-07 -1.258214291978066425e-05
1.002765598593782670e+00 -9.508991544781060528e-08 -1.261681751988304855e-05
1.003140294331046789e+00 -4.678160388136499003e-08 -1.264762647896251187e-05
1.003514990068310908e+00 -3.657638438483719658e-08 -1.267419475436423767e-05
1.003889685805575027e+00 1.669628794095121756e-09 -1.269712203987224569e-05
1.004264381542839146e+00 3.388722699867111833e-08 -1.271398961651204854e-05
1.004639077280103265e+00 6.157888737934334685e-08 -1.272529535427881597e-05
1.005013773017367384e+00 6.646425645650572784e-08 -1.273320413039242260e-05
1.005388468754745190e+00 2.849179368083048309e-08 -1.274376406473953255e-05
1.005763164492009309e+00 -2.824979857347965336e-08 -1.276317986274836382e-05
1.006137860229273429e+00 3.597902343097202933e-08 -1.278247402197125933e-05
1.006512555966537548e+00 2.577856619748019554e-08 -1.279718799100022299e-05
1.006887251703801667e+00 6.295800797696265226e-08 -1.280952749991441594e-05
1.007261947441065786e+00 4.148732866173575984e-08 -1.282038864403643342e-05
1.007636643178329905e+00 2.328318769721621568e-08 -1.283498483311323758e-05
1.008011338915594024e+00 8.585647368233205584e-08 -1.284561162267251484e-05
1.008386034652858143e+00 1.051386010880686306e-07 -1.284833635663007185e-05
1.008760730390122262e+00 3.783956503725491479e-08 -1.285494804593496858e-05
1.009135426127500068e+00 -3.984560410996698320e-08 -1.287514366505149037e-05
1.009510121864764187e+00 5.414391613244638587e-09 -1.289935956419833612e-05
1.009884817602028306e+00 9.378207986238776959e-08 -1.291201020308571556e-05
1.010259513339292425e+00 8.833565917952189480e-08 -1.291691631463025820e-05
1.010634209076556544e+00 -1.180057017131983455e-08 -1.293149136723373314e-05
1.011008904813820664e+00 7.869553155968125318e-08 -1.294741274459995891e-05
1.011383600551084783e+00 1.307955664343537467e-07 -1.295018808478367709e-05
1.011758296288348902e+00 1.383841292360840122e-07 -1.294660071809468909e-05
1.012132992025613021e+00 1.237767858053607244e-07 -1.294251380394023490e-05
1.012507687762877140e+00 1.115154220829413324e-07 -1.293982942450360109e-05
1.012882383500254946e+00 1.044345662818209202e-07 -1.293799155481373535e-05
1.013257079237519065e+00 8.374085657897807081e-08 -1.293792204153057641e-05
1.013631774974783184e+00 1.207610981706969019e-07 -1.293557914473642741e-05
1.014006470712047303e+00 1.285581417637406381e-07 -1.292805441942890940e-05
1.014381166449311422e+00 1.313427132163880177e-07 -1.291820612094108792e-05
1.014755862186575541e+00 1.710835144701304528e-07 -1.290280673812013387e-05
1.015130557923839660e+00 1.955233855194577947e-07 -1.287933451468705143e-05
1.015505253661103779e+00 1.257769307938689105e-07 -1.285764462713971018e-05
1.015879949398367899e+00 1.218361798395502788e-07 -1.284070402020026348e-05
1.016254645135745704e+00 1.266239021631239059e-07 -1.282186075887569332e-05
1.016629340873009824e+00 1.318077859511726032e-07 -1.280013721554216256e-05
1.017004036610273943e+00 1.378989127461433372e-07 -1.277522373330497983e-05
1.017378732347538062e+00 1.039537889180502187e-07 -1.275067071242084770e-05
1.017753428084802181e+00 5.416897275286929163e-08 -1.273195929719903186e-05
1.018128123822066300e+00 7.271430191349703370e-08 -1.271465516688577602e-05
1.018502819559330419e+00 5.444352838070007262e-08 -1.269592742220411675e-05
1.018877515296594538e+00 2.144508265279595170e-08 -1.268066086097091775e-05
1.019252211033858657e+00 2.194423643927303042e-08 -1.266742799894942331e-05
1.019626906771122776e+00 2.158161060041961143e-08 -1.265333335730259683e-05
1.020001602508500582e+00 4.694006765218696099e-08 -1.263596365454008800e-05
1.020376298245764701e+00 4.444285718838898201e-08 -1.261528254958185092e-05
1.020750993983028820e+00 1.470340482376990778e-08 -1.259634091642332566e-05
1.021125689720292939e+00 -8.223198176255660308e-09 -1.258131827173774117e-05
1.021500385457557059e+00 -1.476941532357619078e-09 -1.256711935713485119e-05
1.021875081194821178e+00 3.531844920588602361e-09 -1.255118297234100769e-05
1.022249776932085297e+00 1.019488936058453026e-08 -1.253340578748568876e-05
1.022624472669349416e+00 1.495684142677443214e-08 -1.251369382315522670e-05
1.022999168406613535e+00 3.512099001305303985e-08 -1.249062841216795694e-05
1.023373864143877654e+00 3.864284044227365358e-08 -1.246408328871040247e-05
1.023748559881255460e+00 1.428087078960350352e-08 -1.243808312093764021e-05
1.024123255618519579e+00 3.863162143866460544e-08 -1.241074536420371592e-05
1.024497951355783698e+00 -1.571520247135162730e-08 -1.238489515014411184e-05
1.024872647093047817e+00 5.717157648636619376e-08 -1.235607460420247131e-05
1.025247342830311936e+00 7.401098413905097505e-08 -1.231725070922216195e-05
1.025622038567576055e+00 3.181883361787607628e-08 -1.227865011311641329e-05
1.025996734304840174e+00 -1.408555319989064115e-08 -1.224641030847287296e-05
1.026371430042104294e+00 -6.248758545470005792e-08 -1.222178729187436351e-05
1.026746125779368413e+00 -8.773616177923563670e-08 -1.220355321265742762e-05
1.027120821516746219e+00 9.762215535726399704e-09 -1.217832895570263928e-05
1.027495517254010338e+00 5.026090723446384436e-08 -1.213922111943509268e-05
1.027870212991274457e+00 -9.026806741177988872e-09 -1.210009889474257346e-05
1.028244908728538576e+00 -1.158785819703178420e-07 -1.207519321561847940e-05
1.028619604465802695e+00 -1.609708066284920712e-07 -1.206449401786278783e-05
1.028994300203066814e+00 -5.296347170451358943e-08 -1.204869256819350603e-05
1.029368995940330933e+00 -1.440479435913529210e-09 -1.201807439011027504e-05
1.029743691677595052e+00 -4.906552700813327209e-08 -1.198628329529784472e-05
1.030118387414859171e+00 -7.148551075799799716e-08 -1.196037129560156495e-05
1.030493083152123290e+00 6.339587334706549657e-09 -1.192888080961235696e-05
1.030867778889501096e+00 3.618015703413861487e-08 -1.188634424425119525e-05
1.031242474626765215e+00 5.930061561824621397e-08 -1.183708756777470907e-05
1.031617170364029334e+00 1.197996581011102510e-08 -1.178800412126919434e-05
1.031991866101293454e+00 2.196848103065111279e-09 -1.174236897701910993e-05
1.032366561838557573e+00 3.751098522786661578e-08 -1.169265799678716421e-05
1.032741257575821692e+00 3.758882581070085907e-08 -1.163765387725367859e-05
1.033115953313085811e+00 -1.476787982871169220e-07 -1.159815952078815811e-05
1.033490649050349930e+00 -2.578902181737498552e-08 -1.156397630037032508e-05
1.033865344787614049e+00 -4.319060674893033864e-08 -1.151953793112058789e-05
1.034240040524878168e+00 -5.108809117390671651e-08 -1.147644852000042666e-05
1.034614736262255974e+00 -3.538490221842870472e-08 -1.143173328179512347e-05
1.034989431999520093e+00 -2.329287428251078812e-08 -1.138340688257026018e-05
1.035364127736784212e+00 -1.447849581099543219e-08 -1.133188992808403305e-05
1.035738823474048331e+00 -1.687575692605232666e-08 -1.127837768148508827e-05
1.036113519211312450e+00 -2.018684269846399362e-08 -1.122395161022878872e-05
1.036488214948576569e+00 2.170328039694446354e-08 -1.116437847577336919e-05
1.036862910685840689e+00 3.195723446547549611e-08 -1.109799855324895868e-05
1.037237606423104808e+00 -2.459829015530190213e-08 -1.103376763239079266e-05
1.037612302160368927e+00 -2.940660336255701033e-08 -1.097345074055012554e-05
1.037986997897746733e+00 7.146340022915363783e-08 -1.090240742960555461e-05
1.038361693635010852e+00 5.055563432451367655e-08 -1.082133974241201420e-05
1.038736389372274971e+00 6.940200569415032281e-09 -1.074336103533015875e-05
1.039111085109539090e+00 -3.147047028273018199e-08 -1.067058709115125195e-05
1.039485780846803209e+00 -6.502662504439202412e-08 -1.060266766306283486e-05
1.039860476584067328e+00 -9.294088160838194708e-08 -1.053916480357704389e-05
1.040235172321331447e+00 -4.095075610397399791e-08 -1.047238375740682584e-05
1.040609868058595566e+00 -1.309600160589983143e-07 -1.040810303482324839e-05
1.040984563795859685e+00 -1.275379420663674286e-07 -1.035132224793401161e-05
1.041359259533123804e+00 -7.309482006136878368e-08 -1.028894966301814442e-05
1.041733955270501610e+00 -4.844161017552895619e-08 -1.021853448608209319e-05
1.042108651007765729e+00 -2.367662163800721472e-08 -1.014230537077997342e-05
1.042483346745029849e+00 -4.236662479514927158e-08 -1.006401834001535390e-05
1.042858042482293968e+00 -3.744812980532880064e-08 -9.985520414468968350e-06
1.043232738219558087e+00 -9.674460451500306287e-08 -9.910818390417591530e-06
1.043607433956822206e+00 -1.380208640972048908e-07 -9.844809859349777637e-06
1.043982129694086325e+00 -1.022284714309772806e-07 -9.779254639935292936e-06
1.044356825431350444e+00 -6.757774455804072014e-08 -9.706993757654692616e-06
1.044731521168614563e+00 -3.941311639297287007e-08 -9.628246776666223440e-06
1.045106216905878682e+00 -5.055360670651990636e-08 -9.546929427718395050e-06
1.045480912643256488e+00 -1.233281445334926611e-07 -9.472612356919698297e-06
1.045855608380520607e+00 -1.555198947667541472e-07 -9.408052978325804523e-06
1.046230304117784726e+00 -1.138269131874109691e-07 -9.343225428894435543e-06
1.046604999855048845e+00 -1.353702766432713591e-07 -9.277148771984697475e-06
1.046979695592312964e+00 -1.525604628593586987e-07 -9.215425292314730922e-06
1.047354391329577084e+00 -1.539855442630863424e-07 -9.156571688392235047e-06
1.047729087066841203e+00 -1.266830639142653806e-07 -9.096618061779365654e-06
1.048103782804105322e+00 -7.813716606166848531e-08 -9.030704102002686415e-06
1.048478478541369441e+00 -3.411383812103477280e-08 -8.956727327294771560e-06
1.048853174278747247e+00 -3.288804509490187006e-08 -8.878556411921202077e-06
1.049227870016011366e+00 -3.202580729497765528e-08 -8.800021941321423905e-06
1.049602565753275485e+00 -4.243499720576897092e-08 -8.722276852934785353e-06
1.049977261490539604e+00 -1.021986961051328525e-07 -8.651277063082480668e-06
1.050351957227803723e+00 -1.913964870546097710e-07 -8.595246505848636297e-06
1.050726652965067842e+00 -2.080474860347181859e-07 -8.551419496004405819e-06
1.051101348702331961e+00 8.838276514062907445e-09 -8.491501556103675207e-06
1.051476044439596080e+00 -7.956413594489762220e-08 -8.420912564689408977e-06
1.051850740176860199e+00 -7.516069409431339527e-08 -8.359098578369084302e-06
1.052225435914124319e+00 -1.208636072249883025e-07 -8.302765217998266312e-06
1.052600131651502124e+00 -1.624922391858560390e-07 -8.256816522406290243e-06
1.052974827388766244e+00 -1.431241412720690608e-07 -8.215910977649797816e-06
1.053349523126030363e+00 -9.935111960721577355e-08 -8.172250323576721003e-06
1.053724218863294482e+00 -7.764880605766550711e-08 -8.125298865528000910e-06
1.054098914600558601e+00 -1.011569906999800608e-07 -8.081158053765133338e-06
1.054473610337822720e+00 -6.107754544850128860e-08 -8.038254742359312349e-06
1.054848306075086839e+00 1.986403735210632234e-08 -7.986603809332963206e-06
1.055223001812350958e+00 8.845631897424200655e-08 -7.922614570167967781e-06
1.055597697549615077e+00 1.134409856087090590e-07 -7.850504233657578838e-06
1.055972393286879196e+00 1.116219753616922474e-07 -7.776281894887769464e-06
1.056347089024257002e+00 1.036502113933783295e-07 -7.702915553314900975e-06
1.056721784761521121e+00 9.581553422641907301e-08 -7.631056014344592890e-06
1.057096480498785240e+00 8.946095952403374742e-08 -7.560676577838861131e-06
1.057471176236049359e+00 8.443822791267287316e-08 -7.491628984424151414e-06
1.057845871973313479e+00 8.060886149464872831e-08 -7.423774756202779989e-06
1.058220567710577598e+00 7.784350356201065108e-08 -7.356984536466794618e-06
1.058595263447841717e+00 7.602132317513828603e-08 -7.291137494276573424e-06
1.058969959185105836e+00 7.502947741540267841e-08 -7.226120786713490536e-06
1.059344654922369955e+00 7.476262484525595660e-08 -7.161829072339994985e-06
1.059719350659747761e+00 7.512248436659554000e-08 -7.098164070057984879e-06
1.060094046397011880e+00 7.601743426531496315e-08 -7.035034158153357022e-06
1.060468742134275999e+00 7.736214677165323704e-08 -6.972354008856346467e-06
1.060843437871540118e+00 7.907725395746201419e-08 -6.910044254238807950e-06
1.061218133608804237e+00 8.108904123719704055e-08 -6.848031179715195696e-06
1.061592829346068356e+00 8.332916514321951461e-08 -6.786246441817869328e-06
1.061967525083332475e+00 8.573439241182179198e-08 -6.724626807283122776e-06
1.062342220820596594e+00 8.824635774743541809e-08 -6.663113910815389122e-06
1.062716916557860714e+00 9.081133793185169976e-08 -6.601654029196458110e-06
1.063091612295124833e+00 9.338004021582950653e-08 -6.540197869677087088e-06
1.063466308032502639e+00 9.590740317471861682e-08 -6.478700370832628917e-06
1.063841003769766758e+00 9.835240843000478955e-08 -6.417120514284566248e-06
1.064215699507030877e+00 1.006779018370209597e-07 -6.355421145888233589e-06
1.064590395244294996e+00 1.028504229176741120e-07 -6.293568805165539461e-06
1.064965090981559115e+00 1.048400414773151568e-07 -6.231533561921833212e-06
1.065339786718823234e+00 1.066202004887248505e-07 -6.169288859129894077e-06
1.065714482456087353e+00 1.081675644550138697e-07 -6.106811361292834267e-06
1.066089178193351472e+00 1.094618725782908104e-07 -6.044080807612765462e-06
1.066463873930615591e+00 1.104857961635855295e-07 -5.981079869394711352e-06
1.066838569667879710e+00 1.112247997787642528e-07 -5.917794011206541247e-06
1.067213265405257516e+00 1.116670057722581309e-07 -5.854211355396686283e-06
1.067587961142521635e+00 1.118030618219404646e-07 -5.790322549643019787e-06
1.067962656879785754e+00 1.116260112516960752e-07 -5.726120637269429653e-06
1.068337352617049874e+00 1.111311659076429662e-07 -5.661600930122027715e-06
1.068712048354313993e+00 1.103159814343410953e-07 -5.596760883845377015e-06
1.069086744091578112e+00 1.091799348335793917e-07 -5.531599975441269566e-06
1.069461439828842231e+00 1.077244042246437540e-07 -5.466119583028985099e-06
1.069836135566106350e+00 1.059525507562081766e-07 -5.400322867757200693e-06
1.070210831303370469e+00 1.038692026467107472e-07 -5.334214657844353587e-06
1.070585527040748275e+00 1.014807413523469464e-07 -5.267801334746644888e-06
1.070960222778012394e+00 9.879498988057609257e-08 -5.201090721471525206e-06
1.071334918515276513e+00 9.582110328221144425e-08 -5.134091973069810868e-06
1.071709614252540632e+00 1.101425677810797723e-07 -5.065128739139179549e-06
1.072084309989804751e+00 1.383001030952879415e-07 -4.991022223362892616e-06
1.072459005727068870e+00 1.504927754036887830e-07 -4.911510072349232122e-06
1.072833701464332989e+00 1.626617355096804991e-07 -4.827651893162074929e-06
1.073208397201597109e+00 -1.113116272915538306e-08 -4.756934416463781506e-06
1.073583092938861228e+00 6.096789823786043321e-09 -4.700075593890017314e-06
1.073957788676125347e+00 9.875865047683631626e-08 -4.632736187388387268e-06
1.074332484413503153e+00 1.051184948085809807e-07 -4.554997121482121462e-06
1.074707180150767272e+00 -2.112345047331602988e-08 -4.486942098199478174e-06
1.075081875888031391e+00 -1.225891223133268369e-07 -4.439807006133592807e-06
1.075456571625295510e+00 1.153673737313250701e-08 -4.390463351606288688e-06
1.075831267362559629e+00 1.757706413971800827e-09 -4.329864246477343662e-06
1.076205963099823748e+00 -6.361751871947574723e-08 -4.276113258100996866e-06
1.076580658837087867e+00 -8.321171481318754794e-08 -4.230746108674062009e-06
1.076955354574351986e+00 -7.610935996277560757e-08 -4.187519811359711290e-06
1.077330050311616105e+00 -1.139892080469444479e-07 -4.148327193072611494e-06
1.077704746048993911e+00 -1.688725941719821411e-07 -4.119418605218387480e-06
1.078079441786258030e+00 -2.238606562183934609e-07 -4.103282508391139306e-06
1.078454137523522149e+00 -1.631316646635588412e-07 -4.089863286923735617e-06
1.078828833260786269e+00 -5.576880558582780094e-08 -4.063691865282383185e-06
1.079203528998050388e+00 -1.439286902549558633e-07 -4.037789754703990690e-06
1.079578224735314507e+00 -1.182180935537570008e-07 -4.019914772618676307e-06
1.079952920472578626e+00 -1.669223835558245325e-07 -4.006889952833475013e-06
1.080327616209842745e+00 -1.059375865063543759e-07 -3.995637237511921931e-06
1.080702311947106864e+00 -5.602262513196905769e-08 -3.976712708075629363e-06
1.081077007684370983e+00 -6.568876098008342979e-08 -3.956075707776407535e-06
1.081451703421748789e+00 -3.491853430833918361e-08 -3.935292008767534730e-06
1.081826399159012908e+00 8.228936566481013100e-08 -3.902056968533019254e-06
1.082201094896277027e+00 1.382995362937972939e-07 -3.852729169483321883e-06
1.082575790633541146e+00 3.237948436735696208e-08 -3.807216635976138600e-06
1.082950486370805265e+00 -8.593163273674325545e-08 -3.782557203396437548e-06
1.083325182108069384e+00 -1.193035715851639233e-07 -3.773602369781769673e-06
1.083699877845333504e+00 -9.778897304574151063e-08 -3.768238223985357701e-06
1.084074573582597623e+00 -9.233285261439331291e-08 -3.762929573920407202e-06
1.084449269319861742e+00 -8.662022546663350757e-08 -3.759062442194104015e-06
1.084823965057125861e+00 7.106165399105250663e-08 -3.742019237615450465e-06
1.085198660794503667e+00 1.807126934597480529e-07 -3.700515193580402571e-06
1.085573356531767786e+00 1.871776506843686188e-07 -3.646788441218599155e-06
1.085948052269031905e+00 2.390386322478450324e-07 -3.585263535514026361e-06
1.086322748006296024e+00 2.376791290523797350e-07 -3.515998499844007815e-06
1.086697443743560143e+00 1.000913298459956843e-07 -3.456514704934072190e-06
1.087072139480824262e+00 1.979746404940353500e-08 -3.415309198964043617e-06
1.087446835218088381e+00 -1.205964605382452147e-08 -3.383890139308124146e-06
1.087821530955352500e+00 -4.067693393331460453e-08 -3.358156448926321877e-06
1.088196226692616619e+00 -9.073751554253490198e-08 -3.340327623414903373e-06
1.088570922429994425e+00 -6.523163953062597237e-08 -3.325866012880368089e-06
1.088945618167258544e+00 2.074982274089357469e-08 -3.301949205606032352e-06
1.089320313904522664e+00 8.622746604002548788e-08 -3.263828633967225217e-06
1.089695009641786783e+00 4.543020545289954992e-08 -3.222364502445086627e-06
1.090069705379050902e+00 -3.718520741767885648e-08 -3.191467124997643902e-06
1.090444401116315021e+00 2.390825672156019021e-09 -3.164366265196457496e-06
1.090819096853579140e+00 -5.133142516327422114e-08 -3.138606895803318878e-06
1.091193792590843259e+00 1.185233063280252914e-08 -3.112015536652113351e-06
1.091568488328107378e+00 -1.769559526036012214e-08 -3.082169611741639062e-06
1.091943184065371497e+00 -2.389038156716033086e-08 -3.055414722662679870e-06
1.092317879802749303e+00 -1.812502416276903203e-09 -3.027056574486111376e-06
1.092692575540013422e+00 -7.041257099107649681e-08 -3.002922776097484291e-06
1.093067271277277541e+00 -2.719270798332866802e-08 -2.981345932186270498e-06
1.093441967014541660e+00 -7.227354303706978723e-08 -2.960273289913532065e-06
1.093816662751805779e+00 -1.510264153979475021e-07 -2.951429462563651894e-06
1.094191358489069898e+00 -1.331915465042147186e-07 -2.949835427929326841e-06
1.094566054226334018e+00 -1.691463058781076009e-08 -2.937358582058712013e-06
1.094940749963598137e+00 7.410003369070799657e-08 -2.905931607171881601e-06
1.095315445700862256e+00 1.005531585559183422e-07 -2.862443830359863930e-06
1.095690141438126375e+00 4.984943951374942066e-08 -2.819428120291582620e-06
1.096064837175504181e+00 9.458166113806369096e-08 -2.775208091752270650e-06
1.096439532912768300e+00 9.173627030487342408e-08 -2.725121121084261385e-06
1.096814228650032419e+00 -6.019807907612448332e-09 -2.682366166419010066e-06
1.097188924387296538e+00 -9.381192040552760565e-08 -2.655810579978486524e-06
1.097563620124560657e+00 2.031602255327141774e-09 -2.628358298619473554e-06
1.097938315861824776e+00 6.883346179925778406e-08 -2.585097511679682958e-06
1.098313011599088895e+00 6.975231732314727805e-08 -2.533743436045312027e-06
1.098687707336353014e+00 2.495048731819893622e-08 -2.484339823690281682e-06
1.099062403073617133e+00 -3.957227934207503480e-08 -2.443415419591078970e-06
1.099437098810994939e+00 -8.531483555452466768e-08 -2.411885673178346341e-06
1.099811794548259059e+00 5.162133841261155113e-08 -2.371300401507113263e-06
1.100186490285523178e+00 1.475230495524224467e-08 -2.320030848656820590e-06
1.100561186022787297e+00 -1.125516630572955149e-07 -2.282541490893311977e-06
1.100935881760051416e+00 -1.226844959187091508e-07 -2.257571433241612570e-06
1.101310577497315535e+00 -8.148674703801796454e-08 -2.230106405256578864e-06
1.101685273234579654e+00 -2.185300717061686201e-07 -2.212119880479780716e-06
1.102059968971843773e+00 -1.553705473587430634e-07 -2.202366371448365414e-06
1.102434664709107892e+00 -2.284054081791090711e-07 -2.195428918147525457e-06
1.102809360446372011e+00 -8.874637136431637664e-08 -2.184187603911685926e-06
1.103184056183749817e+00 1.856213770907387049e-08 -2.150913243420052420e-06
1.103558751921013936e+00 -1.882324382589581965e-08 -2.110613051006806943e-06
1.103933447658278055e+00 -1.089787990033761258e-07 -2.081644069276598808e-06
1.104308143395542174e+00 -1.770721094852089113e-07 -2.068008134956778779e-06
1.104682839132806293e+00 -1.153900117588013399e-07 -2.056513055389196976e-06
1.105057534870070413e+00 -2.438731506981440411e-08 -2.032057295494403583e-06
1.105432230607334532e+00 -7.011212481332606446e-08 -2.003769719487477773e-06
1.105806926344598651e+00 -1.706290745878146496e-07 -1.989696399328144742e-06
1.106181622081862770e+00 -1.038591358012566965e-07 -1.980317091048583450e-06
1.106556317819126889e+00 -8.684522628388004197e-08 -1.964744969623546244e-06
1.106931013556504695e+00 -7.770976199353156268e-08 -1.947925029153611192e-06
1.107305709293768814e+00 -1.796099582723943458e-07 -1.941138402857981381e-06
1.107680405031032933e+00 -2.857423493054523238e-07 -1.956321704796810430e-06
1.108055100768297052e+00 -2.918291508654437116e-07 -1.986186021693645172e-06
1.108429796505561171e+00 -1.760318465167077745e-07 -2.010631349597084081e-06
1.108804492242825290e+00 -1.732026222701051463e-07 -2.028175860471087125e-06
1.109179187980089409e+00 -1.246900544811985943e-07 -2.044530638597612703e-06
1.109553883717353528e+00 -4.136018632280412303e-09 -2.048171939998094175e-06
1.109928579454617648e+00 -3.057957831570098266e-08 -2.045046992358410668e-06
1.110303275191995453e+00 -9.637644014461837888e-08 -2.052355323930084809e-06
1.110677970929259573e+00 6.903960803840719584e-08 -2.052540958941702394e-06
1.111052666666523692e+00 6.308144065862216993e-08 -2.039132302413452195e-06
1.111427362403787811e+00 7.967194537273897859e-08 -2.025128796206716011e-06
1.111802058141051930e+00 -1.135455798232998314e-09 -2.017620612532454844e-06
1.112176753878316049e+00 1.815118932499074493e-08 -2.016888171651644561e-06
1.112551449615580168e+00 1.033945360401318302e-07 -2.007542109375770936e-06
1.112926145352844287e+00 6.831285746322227633e-08 -1.993964794965532719e-06
1.113300841090108406e+00 5.641605481186841853e-08 -1.985056296303617821e-06
1.113675536827372525e+00 1.183121941725782479e-07 -1.971887889825515057e-06
1.114050232564750331e+00 1.400072499372061368e-07 -1.950810338203380279e-06
1.114424928302014450e+00 1.465384771800584736e-07 -1.926400334860483869e-06
1.114799624039278569e+00 1.758385221373693982e-07 -1.897619120691659528e-06
1.115174319776542688e+00 2.367258877245577390e-07 -1.858858628873341747e-06
1.115549015513806808e+00 2.217350949658846302e-07 -1.813493840817662055e-06
1.115923711251070927e+00 2.132510815440000126e-07 -1.767634942495297791e-06
1.116298406988335046e+00 1.564549387776509107e-07 -1.725309124474766289e-06
1.116673102725599165e+00 1.219179251039011768e-07 -1.689393748596911588e-06
1.117047798462863284e+00 1.345653670810139059e-07 -1.653849334975036747e-06
1.117422494200127403e+00 1.524924213099932585e-07 -1.613714658675654595e-06
1.117797189937505209e+00 4.427717990972739532e-08 -1.580224285705977428e-06
1.118171885674769328e+00 4.601116037223357083e-08 -1.555578097233801041e-06
1.118546581412033447e+00 3.980423127886604445e-08 -1.530810359183595251e-06
1.118921277149297566e+00 3.932686735587057552e-08 -1.506139416368058379e-06
1.119295972886561685e+00 -2.157208653994990097e-08 -1.486840577163229410e-06
1.119670668623825804e+00 -1.783257355427187285e-07 -1.488408299781914691e-06
1.120045364361089923e+00 -2.303350660925334646e-08 -1.491949988601012359e-06
1.120420060098354043e+00 -3.083177995657308278e-09 -1.480629097257182547e-06
1.120794755835618162e+00 -1.408629085353946426e-07 -1.481195904741681391e-06
1.121169451572995968e+00 -3.171645049887254083e-07 -1.513522516689843257e-06
1.121544147310260087e+00 -3.461427347418433857e-07 -1.569936603360094776e-06
1.121918843047524206e+00 -1.270444195405527039e-07 -1.614491771892893288e-06
1.122293538784788325e+00 -2.090108187955481600e-08 -1.632962630234139008e-06
1.122668234522052444e+00 -9.834241187575246298e-08 -1.651317487971202454e-06
1.123042930259316563e+00 -1.358209286324302010e-07 -1.683220232800793791e-06
1.123417625996580682e+00 -1.183374883335480415e-07 -1.720652696283706517e-06
1.123792321733844801e+00 -5.623044702676116701e-08 -1.754401086294629408e-06
1.124167017471108920e+00 1.078177248606109063e-08 -1.779221660362155984e-06
1.124541713208373039e+00 -6.884369450226576794e-08 -1.807770758136765848e-06
1.124916408945750845e+00 5.417640776029700728e-08 -1.834872723740287152e-06
1.125291104683014964e+00 1.682381174697430601e-07 -1.841667600691295010e-06
1.125665800420279083e+00 1.961491785886501546e-07 -1.835342390016259919e-06
1.126040496157543203e+00 1.973040658984308555e-07 -1.825484524218662731e-06
1.126415191894807322e+00 2.620614755349566900e-07 -1.808196232753238020e-06
1.126789887632071441e+00 2.598055943457443438e-07 -1.783109610734548082e-06
1.127164583369335560e+00 1.495201898078415026e-07 -1.766320506854805731e-06
1.127539279106599679e+00 1.409261979046912218e-07 -1.759186958750740066e-06
1.127913974843863798e+00 1.684337185134263152e-07 -1.749336340048394199e-06
1.128288670581127917e+00 1.469652275969744968e-07 -1.737736034741652474e-06
1.128663366318505723e+00 6.800998728839487019e-08 -1.734431953845062581e-06
1.129038062055769842e+00 1.875805095451278357e-07 -1.726614311715541083e-06
1.129412757793033961e+00 2.207849433842539353e-07 -1.703087641641887925e-06
1.129787453530298080e+00 1.491922546519670018e-07 -1.680788759094981248e-06
1.130162149267562199e+00 9.549092127479380260e-08 -1.668196202783882786e-06
1.130536845004826318e+00 1.199410958896850554e-07 -1.656982465241828330e-06
1.130911540742090438e+00 1.646986560695554679e-07 -1.637825740330880293e-06
1.131286236479354557e+00 -6.944518464707302233e-08 -1.634845259851873064e-06
1.131660932216618676e+00 2.083842773619851224e-08 -1.645136724782631921e-06
1.132035627953996482e+00 -8.705627272758595202e-08 -1.657750301009096986e-06
1.132410323691260601e+00 2.927697071126272277e-08 -1.670347111105894392e-06
1.132785019428524720e+00 3.131134300771249744e-07 -1.645275245522608141e-06
1.133159715165788839e+00 4.273659062191910236e-07 -1.579334865315618042e-06
1.133534410903052958e+00 3.444094073812806228e-07 -1.504145519698649269e-06
1.133909106640317077e+00 9.863640230662845447e-08 -1.453597017132256173e-06
1.134283802377581196e+00 2.598962477549612957e-07 -1.406624595699501167e-06
1.134658498114845315e+00 1.870853322265894105e-07 -1.347071979259029329e-06
1.135033193852109434e+00 -2.810795701691028370e-08 -1.310075403905963348e-06
1.135407889589373553e+00 -5.657193762437125736e-09 -1.288653477561829068e-06
1.135782585326751359e+00 -2.413145679816900943e-07 -1.286256985036986117e-06
1.136157281064015478e+00 -1.865646991486689697e-07 -1.301540303274974139e-06
1.136531976801279598e+00 -1.013881562563339854e-07 -1.305294565235605708e-06
1.136906672538543717e+00 -2.403488200157275615e-07 -1.315054800256315195e-06
1.137281368275807836e+00 -3.975370899182259871e-07 -1.354612463332446792e-06
1.137656064013071955e+00 -2.993728874872558125e-07 -1.403834404988897710e-06
1.138030759750336074e+00 -4.000444111199146535e-07 -1.458054373549414836e-06
1.138405455487600193e+00 -4.013853954400519273e-07 -1.527138418067242962e-06
1.138780151224864312e+00 -3.383888214070664182e-07 -1.596552953483772496e-06
1.139154846962128431e+00 -2.056003339926896907e-07 -1.653265592392897111e-06
1.139529542699506237e+00 -8.415261889450639427e-08 -1.690344249626962394e-06
1.139904238436770356e+00 -5.422647531464386255e-08 -1.715753303765567289e-06
1.140278934174034475e+00 -2.798780274944514515e-08 -1.737479374069246661e-06
1.140653629911298594e+00 -4.174878984570225955e-08 -1.759303886714743287e-06
1.141028325648562713e+00 9.304677933250970820e-10 -1.779583619601488952e-06
1.141403021385826833e+00 1.208975824580696416e-07 -1.785272609247023539e-06
1.141777717123090952e+00 1.705768157548786709e-07 -1.774334109486015286e-06
1.142152412860355071e+00 5.283012061148936597e-08 -1.768077952931496660e-06
1.142527108597619190e+00 1.168704191915667166e-07 -1.765559103827729136e-06
1.142901804334996996e+00 1.318271695498117173e-07 -1.754381155988148025e-06
1.143276500072261115e+00 1.156977407074388649e-07 -1.741471305295647280e-06
1.143651195809525234e+00 1.395122453916774853e-07 -1.725852479275592074e-06
1.144025891546789353e+00 1.878318053356177121e-07 -1.701132465101789043e-06
1.144400587284053472e+00 1.924930273522656972e-07 -1.668385144329255775e-06
1.144775283021317591e+00 8.513631535124441309e-08 -1.641910282863374258e-06
1.145149978758581710e+00 6.863848036835738675e-08 -1.624391682086869544e-06
1.145524674495845829e+00 -1.294420715480555109e-08 -1.614234382750699397e-06
1.145899370233109948e+00 4.153851168987887324e-08 -1.605342233282049373e-06
1.146274065970374068e+00 1.438306368204939648e-07 -1.580223963364864234e-06
1.146648761707751873e+00 1.042419615364407807e-07 -1.546509283431516742e-06
1.147023457445015993e+00 -4.705751439749209522e-08 -1.527860378860273203e-06
1.147398153182280112e+00 1.469586554665841932e-09 -1.517269098122457873e-06
1.147772848919544231e+00 -5.383928690904990219e-08 -1.506311740139746148e-06
1.148147544656808350e+00 -1.867223250165734540e-08 -1.496291631240793892e-06
1.148522240394072469e+00 4.161802137821376935e-08 -1.476251137656560697e-06
1.148896936131336588e+00 -3.814542418127271829e-08 -1.456383098745505497e-06
1.149271631868600707e+00 -2.556908233214374655e-07 -1.463448625645522043e-06
1.149646327605864826e+00 -7.667249772915321449e-08 -1.475081869266860113e-06
1.150021023343128945e+00 -4.045968704976820413e-08 -1.467341476026349941e-06
1.150395719080506751e+00 -1.707645637884631175e-07 -1.468190561444720398e-06
1.150770414817770870e+00 -2.524239368830336115e-07 -1.489750448161681801e-06
1.151145110555034989e+00 -1.415533293583346672e-07 -1.510734954890799510e-06
1.151519806292299108e+00 -1.964171688466301352e-07 -1.528487792073683431e-06
1.151894502029563228e+00 4.013342698570737109e-08 -1.530624237207034487e-06
1.152269197766827347e+00 -1.243913964177136088e-07 -1.526253394147210755e-06
1.152643893504091466e+00 -2.650014351059645312e-07 -1.551008313101296284e-06
1.153018589241355585e+00 -3.131702398727607371e-07 -1.596336970643795365e-06
1.153393284978619704e+00 -3.488265982010375277e-07 -1.653946182053916589e-06
1.153767980715997510e+00 -2.435119342327794927e-07 -1.710092127964126857e-06
1.154142676453261629e+00 -1.388117469207549008e-07 -1.751033939881059980e-06
1.154517372190525748e+00 -1.244995563679305326e-07 -1.784015633579239931e-06
1.154892067927789867e+00 -4.771484418511139160e-08 -1.810905938034640726e-06
1.155266763665053986e+00 1.675659536675337035e-08 -1.826264577352946482e-06
1.155641459402318105e+00 -2.849472238589201005e-08 -1.840710217220329485e-06
1.156016155139582224e+00 -1.744727613355594242e-08 -1.859249389252309340e-06
1.156390850876846343e+00 -4.841839841255778469e-08 -1.880838176073601499e-06
1.156765546614110463e+00 -5.271875957000109724e-08 -1.907173715114339681e-06
1.157140242351374582e+00 4.405926059205963987e-08 -1.926361570480905950e-06
1.157514938088752388e+00 5.731936688663095286e-08 -1.936013986870333013e-06
1.157889633826016507e+00 -1.209608262065840809e-07 -1.961635848716307396e-06
1.158264329563280626e+00 -9.137715582392958565e-08 -2.003056984080788053e-06
1.158639025300544745e+00 9.464654126654201473e-08 -2.026651724894067217e-06
